1756 503 1093446201
503 1756 1093451876
1756 503 1093453039
1397 502 1093457808
9 1190 1093458214
1585 1582 1093461276
713 1059 1093462671
63 494 1093470402
12 1312 1093470939
12 1343 1093470980
95 1624 1093471693
95 175 1093472160
95 561 1093472501
95 1190 1093473007
95 1322 1093473200
1312 12 1093473995
1811 525 1093474623
1543 1312 1093475417
503 1756 1093475629
67 697 1093476168
105 1624 1093480182
105 561 1093481011
1624 105 1093481407
561 95 1093482593
105 1624 1093482898
1624 105 1093483153
525 1811 1093483442
525 1811 1093483627
525 357 1093483713
1811 525 1093483870
105 1624 1093484542
1624 105 1093484695
1343 415 1093485141
1756 503 1093485916
105 1624 1093486354
415 1343 1093486493
1624 105 1093486747
105 1624 1093488605
1624 105 1093488750
105 1624 1093488851
1624 105 1093488894
105 1624 1093488995
1624 105 1093489035
105 1624 1093489059
1624 105 1093489116
105 1624 1093489146
1624 105 1093489511
1132 105 1093489650
105 1132 1093490448
105 1624 1093490460
1132 105 1093490618
1624 105 1093490622
105 1132 1093490723
105 1624 1093490733
1624 456 1093490743
1624 105 1093490800
456 1624 1093490802
1624 456 1093490819
105 1624 1093490824
1624 105 1093490846
456 1624 1093490847
456 1624 1093490857
1624 456 1093490863
105 1624 1093490866
1624 456 1093490879
456 1624 1093490895
456 1624 1093490922
1624 105 1093490955
1624 456 1093490974
1624 456 1093490985
105 1624 1093491013
1624 105 1093491024
456 1132 1093491028
456 1624 1093491059
105 1624 1093491129
1624 456 1093491240
1624 105 1093491280
456 1624 1093491317
456 1624 1093491324
1624 456 1093491355
105 1624 1093491409
1624 105 1093491476
105 1624 1093491505
1624 105 1093491572
105 1624 1093491618
1624 105 1093491687
105 1624 1093492678
561 1543 1093493208
1280 42 1093493816
561 105 1093493912
105 561 1093494863
561 727 1093495587
561 105 1093495822
1812 1813 1093497240
1029 1741 1093497361
105 561 1093497397
525 1811 1093498694
1802 1801 1093498986
1762 1281 1093501260
538 224 1093502184
224 538 1093502404
1190 9 1093502430
1783 538 1093502811
224 538 1093502826
969 1669 1093505018
1669 969 1093505655
1281 1762 1093506375
967 27 1093506729
538 224 1093509274
538 1783 1093509333
538 224 1093509390
503 1756 1093510537
1741 1796 1093511124
1472 847 1093514167
