342 460 1084460592
1000 495 1084460860
1000 109 1084460939
32 527 1084461243
884 658 1084461397
1039 72 1084461752
1039 1042 1084461895
342 588 1084462283
1004 277 1084463385
250 323 1084464930
142 144 1084465641
142 244 1084465764
142 244 1084465810
142 997 1084465957
831 1050 1084466069
831 1057 1084466154
752 598 1084466625
586 460 1084466993
536 372 1084467227
392 998 1084467546
392 1054 1084467708
752 1032 1084467772
224 626 1084468067
626 224 1084468266
752 986 1084468503
224 626 1084468560
626 224 1084468680
991 209 1084468895
224 626 1084468995
9 318 1084469325
9 391 1084469340
9 314 1084469355
27 686 1084469355
9 686 1084469371
27 794 1084469451
1038 1026 1084469452
9 938 1084469495
303 212 1084469566
626 224 1084469668
626 50 1084469750
683 563 1084469779
1038 502 1084470052
752 513 1084470089
752 513 1084470098
224 626 1084470345
50 626 1084470409
626 50 1084470475
50 626 1084470539
654 50 1084470779
626 224 1084470804
626 50 1084470888
966 323 1084470958
224 626 1084471006
966 318 1084471070
1000 1041 1084471072
1000 140 1084471191
966 617 1084471277
1058 345 1084471457
189 712 1084471700
145 1033 1084471722
250 712 1084471785
144 142 1084471871
549 523 1084472270
990 277 1084472551
460 1023 1084472681
638 996 1084472689
212 321 1084472705
212 321 1084472740
460 542 1084472744
323 966 1084472944
209 991 1084473010
638 1059 1084473013
209 242 1084473091
460 586 1084473096
323 250 1084473136
1038 145 1084473218
586 460 1084473314
431 323 1084473332
323 431 1084473537
350 626 1084473727
638 236 1084473796
377 755 1084473803
323 632 1084473853
242 209 1084473855
638 394 1084473999
431 323 1084474054
454 242 1084474257
626 350 1084474281
460 586 1084474335
50 654 1084474367
1018 502 1084474386
50 626 1084474392
654 50 1084474544
586 460 1084474568
673 1013 1084474579
502 1018 1084474606
616 586 1084474612
1054 392 1084474692
250 323 1084474716
250 323 1084474722
377 103 1084523161
189 712 1084523259
377 103 1084523545
1033 437 1084523642
377 103 1084523822
377 790 1084523958
495 181 1084523989
495 498 1084524063
495 41 1084524098
377 1019 1084524180
687 673 1084524272
686 341 1084524294
72 1039 1084524397
944 659 1084524514
283 815 1084524518
283 277 1084524554
561 281 1084524579
199 971 1084524625
687 1056 1084524627
944 659 1084524628
3 72 1084524634
944 659 1084524701
1018 502 1084524739
632 97 1084524849
815 283 1084524864
944 659 1084524946
944 659 1084525005
498 881 1084525395
283 815 1084525510
944 659 1084525522
560 495 1084525626
74 840 1084525671
881 498 1084525898
212 1054 1084526604
595 659 1084526659
659 595 1084526705
595 659 1084526773
659 595 1084526822
1037 595 1084526988
595 1037 1084527045
481 27 1084527068
595 338 1084527349
377 1060 1084527551
425 765 1084527680
50 654 1084528127
72 595 1084528253
488 3 1084528378
3 488 1084528626
194 498 1084528709
311 1037 1084528714
311 567 1084528742
194 181 1084528818
413 659 1084528867
194 586 1084528988
194 498 1084529028
194 463 1084529048
194 991 1084529075
194 1004 1084529115
194 296 1084529127
659 413 1084529385
437 1033 1084529607
194 296 1084530326
308 1014 1084530566
189 72 1084531116
189 72 1084531334
242 454 1084531599
1033 542 1084531623
542 1033 1084531726
1056 687 1084531908
794 194 1084532022
783 542 1084532328
103 783 1084535313
783 103 1084535466
42 325 1084539095
42 296 1084539172
3 42 1084539210
214 297 1084541454
244 142 1084541648
85 953 1084545779
85 400 1084545801
