851 679 1084373865
851 1014 1084373970
244 142 1084373978
851 302 1084374173
777 721 1084374551
462 26 1084374733
638 105 1084375693
638 103 1084375712
966 318 1084375814
26 462 1084375923
342 638 1084375935
638 1001 1084375960
638 939 1084376129
308 1026 1084376389
638 996 1084376410
638 342 1084376633
342 638 1084376667
638 342 1084376709
1 1014 1084376844
997 142 1084377299
509 454 1084378162
339 212 1084378196
212 439 1084378468
966 617 1084378542
509 140 1084378772
509 236 1084378851
509 236 1084378921
509 260 1084378969
509 364 1084379000
539 975 1084379083
509 364 1084379105
991 286 1084379159
209 583 1084379564
447 400 1084379707
391 263 1084379969
391 667 1084379975
391 252 1084380041
391 68 1084380068
391 84 1084380085
999 297 1084380197
509 513 1084380424
509 707 1084380581
431 975 1084381188
431 617 1084381361
777 1021 1084381475
27 481 1084381504
27 794 1084381558
297 252 1084381560
260 950 1084381598
297 999 1084381609
617 681 1084381639
834 758 1084381656
617 103 1084381702
260 949 1084381744
926 73 1084381805
1000 418 1084381821
1000 84 1084381882
260 174 1084381900
1000 8 1084381951
260 509 1084381951
1028 260 1084382013
617 966 1084382069
926 557 1084382106
462 992 1084382277
771 969 1084382295
779 581 1084382430
103 638 1084382438
779 249 1084382439
431 617 1084382478
8 1000 1084382790
926 992 1084382822
454 942 1084382949
992 926 1084382992
454 338 1084383000
454 181 1084383032
992 454 1084383051
1000 8 1084383113
871 1026 1084383165
454 992 1084383174
992 454 1084383270
617 74 1084383475
679 817 1084383738
676 1019 1084383974
617 704 1084384064
866 203 1084384068
1014 26 1084384124
771 992 1084384180
617 431 1084384211
817 679 1084384213
143 201 1084384237
143 966 1084384255
431 617 1084384289
617 431 1084384455
314 228 1084384833
1014 132 1084384885
163 42 1084385084
314 992 1084385141
871 988 1084385227
63 73 1084385376
63 95 1084385440
513 250 1084385523
204 498 1084385722
761 652 1084385806
599 998 1084385807
26 1014 1084385889
402 1019 1084385946
679 817 1084385972
439 1019 1084386158
590 587 1084386261
439 212 1084386270
559 97 1084386802
592 1014 1084386855
966 617 1084386895
132 1014 1084386915
1014 132 1084386979
42 163 1084387215
592 74 1084387225
163 42 1084387499
132 1014 1084387640
408 254 1084387641
425 765 1084387673
437 1004 1084387982
281 561 1084388022
27 42 1084388065
42 325 1084388289
254 874 1084388399
1 1014 1084388435
254 408 1084388539
252 297 1084388539
800 740 1084388621
460 542 1084388666
995 318 1084388785
595 372 1084389508
595 41 1084389542
595 372 1084389579
1014 1 1084389741
1014 132 1084389770
1014 592 1084389801
595 624 1084389818
67 281 1084390122
400 866 1084390332
400 601 1084390350
30 162 1084390364
68 391 1084390548
495 498 1084390590
400 798 1084390659
495 181 1084390733
765 871 1084390740
400 543 1084390742
765 181 1084390763
765 252 1084390795
765 425 1084390849
68 783 1084390873
400 286 1084390923
765 933 1084390929
765 84 1084390944
765 425 1084390989
495 498 1084391129
252 765 1084391195
400 504 1084391211
551 992 1084391241
400 592 1084391310
679 30 1084391349
783 68 1084391405
400 402 1084391423
586 1029 1084391526
765 252 1084391828
679 404 1084391858
400 463 1084392007
68 783 1084392084
400 428 1084392118
667 686 1084392153
667 840 1084392191
667 391 1084392268
204 42 1084392331
998 599 1084392355
871 765 1084392356
400 428 1084392371
915 901 1084392383
667 204 1084392424
783 68 1084392443
204 667 1084392480
400 314 1084392492
667 389 1084392505
204 777 1084392514
68 783 1084392607
252 765 1084392662
337 297 1084392678
400 323 1084392722
697 645 1084392820
498 495 1084392833
498 495 1084392855
599 998 1084392859
598 542 1084392886
400 173 1084392942
400 173 1084392962
667 204 1084392982
463 1004 1084393372
398 313 1084393415
463 469 1084393436
463 687 1084393478
73 63 1084393530
966 697 1084393578
463 400 1084393616
36 770 1084393628
495 498 1084393742
463 339 1084393743
372 595 1084394005
1030 620 1084394090
127 63 1084394129
1030 620 1084394129
468 277 1084394241
714 928 1084394323
250 204 1084394355
495 498 1084394383
873 144 1084394452
998 599 1084394756
212 388 1084394810
212 590 1084394829
468 475 1084395028
212 439 1084395064
697 966 1084395220
622 592 1084395347
622 638 1084395452
250 8 1084395559
204 667 1084395576
599 998 1084395708
250 502 1084395717
475 468 1084395786
765 871 1084395905
542 460 1084396023
143 163 1084396030
250 475 1084396508
949 260 1084396705
8 1000 1084396766
686 667 1084396787
8 250 1084396799
250 943 1084396899
242 389 1084397069
595 372 1084397144
595 372 1084397176
639 509 1084397182
639 84 1084397197
639 590 1084397250
639 388 1084397301
588 1019 1084397492
588 250 1084397550
475 250 1084397562
926 992 1084397593
588 250 1084397745
250 475 1084397746
386 422 1084397793
475 250 1084397811
250 475 1084397883
308 626 1084397902
250 8 1084397949
555 992 1084397956
308 1004 1084398184
475 250 1084398266
250 475 1084398458
8 250 1084398921
992 368 1084398978
308 60 1084398996
308 373 1084399014
454 992 1084399036
308 373 1084399089
992 454 1084399094
373 308 1084399216
308 373 1084399250
368 992 1084399281
57 596 1084399307
679 317 1084399320
454 992 1084399355
60 308 1084399381
60 308 1084399394
373 308 1084399405
992 368 1084399433
626 308 1084399532
992 373 1084399609
161 30 1084399632
373 992 1084399661
60 679 1084399666
373 308 1084399678
388 639 1084399689
60 679 1084399712
992 373 1084399719
60 679 1084399721
388 212 1084399721
67 63 1084399843
1004 639 1084399877
373 992 1084399922
368 992 1084399935
308 783 1084399976
992 373 1084399989
308 373 1084399998
468 475 1084400002
308 373 1084400007
639 388 1084400017
308 626 1084400024
308 60 1084400048
992 368 1084400057
992 555 1084400107
418 1000 1084400107
373 992 1084400133
373 308 1084400158
373 308 1084400180
639 1004 1084400181
60 308 1084400187
1019 388 1084400245
388 639 1084400276
626 308 1084400304
388 1019 1084400344
174 260 1084400382
942 654 1084400418
48 683 1084400452
583 209 1084400540
561 281 1084400566
174 260 1084400589
933 765 1084400647
939 638 1084400775
871 765 1084400852
368 992 1084400874
1004 639 1084400914
679 60 1084401294
339 463 1084401319
986 652 1084401461
1031 831 1084401470
986 48 1084401491
986 418 1084401506
986 48 1084401525
1031 707 1084401576
1031 707 1084401634
986 48 1084401687
114 400 1084401787
48 986 1084401796
986 48 1084401845
679 72 1084401858
509 260 1084401876
1028 1032 1084401895
48 986 1084401949
97 559 1084402056
475 250 1084402344
72 679 1084402408
701 60 1084402435
590 1033 1084402585
228 815 1084402667
1033 590 1084402784
679 72 1084402843
770 817 1084402862
701 88 1084402946
1000 8 1084402972
448 244 1084402982
770 815 1084402994
770 701 1084403101
151 971 1084403282
679 465 1084403307
765 933 1084403326
765 871 1084403414
1004 463 1084403516
250 475 1084403644
765 425 1084403644
871 765 1084403648
765 871 1084403682
193 314 1084403744
871 765 1084403750
311 317 1084403804
765 871 1084403885
871 765 1084403949
831 1031 1084404192
193 686 1084404194
250 561 1084404249
561 250 1084404288
644 378 1084404371
72 679 1084404482
603 375 1084404579
871 765 1084404812
250 561 1084405052
593 768 1084405084
60 679 1084405250
338 454 1084405370
783 308 1084405403
933 765 1084405412
770 61 1084405628
701 60 1084405839
296 1000 1084406254
296 928 1084406448
296 928 1084406456
124 114 1084406488
281 67 1084406515
281 561 1084406521
296 974 1084406701
296 975 1084406795
176 1026 1084406801
498 495 1084407177
758 834 1084407193
498 495 1084407242
520 308 1084407261
498 495 1084407301
368 966 1084407317
439 212 1084407430
67 281 1084407453
687 463 1084407605
67 132 1084407636
314 372 1084407774
498 449 1084407797
481 783 1084407834
481 27 1084407869
391 68 1084407872
314 372 1084407886
498 815 1084407894
391 667 1084407916
498 204 1084408013
391 555 1084408032
391 372 1084408066
391 609 1084408077
391 325 1084408088
391 289 1084408103
391 400 1084408132
634 988 1084408218
667 204 1084408258
815 498 1084408265
667 686 1084408285
325 42 1084408424
996 144 1084408429
325 391 1084408439
996 638 1084408504
938 67 1084408701
938 103 1084408750
60 701 1084408775
938 41 1084408790
32 1034 1084408822
1000 296 1084408997
378 644 1084409011
325 1033 1084409051
701 60 1084409088
741 758 1084409140
244 448 1084409218
808 244 1084409469
249 711 1084409515
204 498 1084409524
204 667 1084409587
204 250 1084409595
1000 495 1084409650
422 386 1084409842
400 463 1084409881
400 114 1084410079
101 1002 1084410090
242 823 1084410119
996 815 1084410161
770 101 1084410241
400 391 1084410251
770 783 1084410306
67 938 1084410409
1002 101 1084410415
770 975 1084410431
250 204 1084410452
12 391 1084410455
67 132 1084410469
12 766 1084410493
428 400 1084410566
12 527 1084410602
770 928 1084410602
928 296 1084410677
1004 1032 1084410773
561 250 1084410773
938 1035 1084410783
250 561 1084410835
928 714 1084410905
12 997 1084410919
938 67 1084410948
561 281 1084411057
1000 783 1084411197
1000 701 1084411224
1034 1036 1084411258
448 244 1084411261
1034 1036 1084411299
617 12 1084411306
768 593 1084411346
1000 1035 1084411399
8 1000 1084411418
1035 1000 1084411463
725 952 1084411487
67 938 1084411512
454 338 1084411604
271 277 1084411833
725 697 1084411890
44 770 1084411951
768 483 1084412096
1004 1008 1084412267
609 391 1084412284
1004 69 1084412315
625 662 1084412699
625 662 1084412701
625 662 1084412702
625 662 1084412703
625 662 1084412707
625 662 1084412712
1037 379 1084412728
286 991 1084412747
783 1004 1084412952
1004 783 1084412999
596 73 1084413064
783 1004 1084413091
286 400 1084413171
1004 783 1084413203
596 73 1084413340
783 1004 1084413402
1004 783 1084413441
939 975 1084413504
596 57 1084413525
621 55 1084413631
1022 144 1084413674
644 378 1084413694
725 707 1084413793
1008 1032 1084413799
1022 815 1084413909
958 704 1084414037
425 765 1084414069
704 958 1084414151
704 958 1084414198
1033 325 1084414404
617 966 1084414455
815 1022 1084414515
378 644 1084414567
617 966 1084414623
297 252 1084414625
1033 542 1084414670
297 337 1084414670
815 996 1084414692
88 701 1084414814
1033 548 1084414842
307 777 1084415002
617 681 1084415075
714 815 1084415164
975 939 1084415352
847 868 1084415411
681 617 1084415421
598 542 1084415455
334 1002 1084415523
1031 831 1084415622
834 758 1084415627
975 176 1084415644
975 41 1084415777
334 815 1084415813
975 144 1084415837
777 307 1084415872
277 468 1084415940
777 204 1084415999
777 405 1084416148
372 595 1084416216
372 314 1084416240
372 314 1084416261
372 391 1084416296
495 498 1084416428
495 498 1084416469
495 498 1084416483
176 975 1084416513
966 368 1084416539
495 1000 1084416550
447 1037 1084416631
758 834 1084416696
758 741 1084416784
73 596 1084416795
645 697 1084416808
368 966 1084416910
712 1037 1084416989
834 758 1084417011
997 12 1084417094
176 975 1084417122
176 297 1084417145
176 250 1084417156
176 928 1084417180
176 815 1084417192
176 277 1084417201
176 598 1084417220
815 176 1084417307
939 975 1084417356
758 638 1084417390
277 176 1084417401
176 815 1084417413
176 277 1084417421
997 12 1084417425
815 283 1084417502
277 176 1084417666
252 297 1084417718
176 277 1084417723
460 542 1084417739
277 176 1084417758
277 283 1084417777
1000 1035 1084417860
176 277 1084417883
1000 495 1084417946
975 176 1084417950
1000 8 1084417958
176 975 1084417984
204 777 1084418009
1004 277 1084418009
277 176 1084418051
176 277 1084418139
770 277 1084418199
277 1004 1084418212
277 176 1084418234
1033 823 1084418242
996 63 1084418250
176 277 1084418258
996 815 1084418308
277 176 1084418316
63 127 1084418325
176 277 1084418360
103 277 1084418366
63 73 1084418372
701 88 1084418390
1004 277 1084418404
1000 712 1084418407
204 725 1084418414
63 332 1084418422
277 176 1084418425
277 1004 1084418467
332 63 1084418494
996 815 1084418495
831 1031 1084418552
176 277 1084418589
67 63 1084418645
777 204 1084418670
297 176 1084418771
176 297 1084418825
1004 277 1084418871
701 1000 1084418928
297 283 1084418954
297 176 1084418959
41 975 1084418971
41 938 1084418987
41 595 1084419025
456 204 1084419029
498 204 1084419155
498 815 1084419177
498 495 1084419197
498 495 1084419256
498 495 1084419272
815 498 1084419313
391 325 1084419413
391 400 1084419424
498 815 1084419454
391 12 1084419479
701 1006 1084419873
27 481 1084419873
654 619 1084419896
291 393 1084420077
244 808 1084420337
1025 783 1084420424
272 605 1084420611
1038 402 1084420743
815 498 1084420958
323 400 1084420960
162 30 1084421035
725 204 1084421050
250 712 1084421386
145 349 1084421400
632 272 1084421415
145 1033 1084421629
346 995 1084421669
277 1004 1084421784
277 176 1084421803
741 758 1084422075
145 349 1084422100
176 277 1084422105
542 1033 1084422150
1004 277 1084422186
74 840 1084422305
84 765 1084422473
63 332 1084422565
277 176 1084422579
277 1004 1084422599
189 712 1084422673
189 144 1084422683
542 460 1084422719
1004 277 1084422798
325 391 1084422830
542 325 1084422870
277 1004 1084422942
325 542 1084423052
323 98 1084423099
1038 1039 1084423126
325 712 1084423166
596 73 1084423202
542 325 1084423379
712 325 1084423411
555 964 1084423494
712 189 1084423574
712 250 1084423607
1004 277 1084423671
1004 783 1084423722
783 1004 1084423740
1004 783 1084423773
176 277 1084423778
277 1004 1084423788
193 686 1084423788
250 712 1084423793
277 176 1084423798
1022 598 1084423826
176 277 1084423865
487 1026 1084423868
697 645 1084423929
1033 768 1084423943
783 1004 1084424002
277 176 1084424015
783 1025 1084424021
176 277 1084424098
783 1025 1084424218
277 176 1084424240
1004 783 1084424252
555 391 1084424332
991 1004 1084424422
323 645 1084424447
41 1040 1084424460
555 992 1084424460
41 1041 1084424466
41 1039 1084424482
934 128 1084424496
323 250 1084424510
1 1014 1084424513
934 460 1084424527
999 297 1084424552
176 277 1084424590
323 1042 1084424597
128 934 1084424686
74 617 1084424686
323 250 1084424691
991 144 1084424694
323 999 1084424705
277 176 1084424709
712 250 1084424722
1040 41 1084424750
1004 991 1084424754
991 638 1084424765
991 1004 1084424812
323 999 1084424816
830 765 1084424833
323 1042 1084424854
991 986 1084424861
176 277 1084424864
176 983 1084424933
479 144 1084424941
297 999 1084424942
277 176 1084424950
323 753 1084424954
999 323 1084424985
323 1042 1084424991
176 277 1084424993
999 297 1084425029
323 999 1084425029
250 712 1084425156
44 189 1084425156
644 378 1084425181
644 378 1084425182
277 176 1084425192
728 617 1084425218
559 97 1084425243
770 277 1084425315
73 596 1084425372
926 557 1084425384
176 277 1084425384
1014 312 1084425409
176 277 1084425409
296 928 1084425456
758 642 1084425461
277 176 1084425501
323 1042 1084425553
41 1040 1084425591
176 277 1084425591
557 926 1084425606
605 272 1084425606
323 999 1084425606
605 810 1084425644
323 250 1084425644
847 471 1084425722
847 471 1084425754
1033 542 1084425770
605 277 1084425784
277 176 1084425784
323 250 1084425806
765 84 1084425822
277 605 1084425837
765 830 1084425864
176 277 1084425865
557 302 1084425869
323 88 1084425880
277 176 1084425907
377 755 1084425920
176 277 1084426004
277 176 1084426052
88 323 1084426065
323 1042 1084426070
378 644 1084426091
758 643 1084426116
642 758 1084426118
1040 41 1084426123
84 765 1084426201
1042 1039 1084426229
323 88 1084426238
1038 1039 1084426240
176 277 1084426240
277 176 1084426288
88 323 1084426300
297 999 1084426300
323 250 1084426327
758 642 1084426344
323 1042 1084426349
176 277 1084426360
41 1040 1084426371
323 88 1084426375
714 928 1084426416
596 73 1084426447
642 758 1084426474
277 176 1084426481
1043 236 1084426487
176 277 1084426522
277 176 1084426542
323 250 1084426564
830 765 1084426591
88 323 1084426592
323 1042 1084426621
494 389 1084426647
176 277 1084426686
605 277 1084426686
323 88 1084426708
758 642 1084426711
605 557 1084426719
277 605 1084426743
32 1034 1084426759
277 176 1084426776
605 277 1084426781
323 250 1084426820
32 1039 1084426834
176 277 1084426848
277 605 1084426909
144 834 1084426959
323 1042 1084426979
88 323 1084427059
277 176 1084427059
557 605 1084427084
527 12 1084427153
176 277 1084427160
67 63 1084427178
323 88 1084427259
605 277 1084427262
277 176 1084427269
323 1042 1084427271
701 640 1084427301
277 605 1084427314
605 557 1084427318
1042 527 1084427338
605 277 1084427371
176 277 1084427411
701 640 1084427431
605 830 1084427450
63 67 1084427482
88 323 1084427483
277 605 1084427491
581 779 1084427505
277 176 1084427541
323 1042 1084427543
830 605 1084427544
605 277 1084427566
323 88 1084427589
770 63 1084427617
176 277 1084427643
323 966 1084427645
277 605 1084427683
605 830 1084427687
277 176 1084427702
605 277 1084427710
701 640 1084427758
557 605 1084427768
176 277 1084427775
88 323 1084427781
32 527 1084427809
991 78 1084427823
323 1044 1084427836
758 1044 1084427864
323 88 1084427865
277 176 1084427916
605 557 1084427938
63 770 1084427941
176 277 1084427982
483 768 1084428011
32 825 1084428065
851 1014 1084428079
770 63 1084428094
567 311 1084428139
88 323 1084428158
701 640 1084428169
277 176 1084428179
323 88 1084428207
1000 1040 1084428238
176 277 1084428245
966 323 1084428299
557 605 1084428323
323 966 1084428414
325 712 1084428419
701 640 1084428545
701 640 1084428558
851 162 1084428608
810 323 1084428724
338 454 1084428782
1000 701 1084428792
640 701 1084428797
1000 495 1084428805
336 536 1084428817
810 323 1084428817
1000 8 1084428831
323 341 1084428845
323 341 1084428846
966 323 1084428886
557 969 1084428896
323 966 1084428971
1040 1000 1084429000
1000 712 1084429001
810 323 1084429021
323 88 1084429025
785 786 1084429066
701 640 1084429067
701 72 1084429101
41 277 1084429102
1000 1040 1084429117
1000 992 1084429142
1000 1034 1084429167
966 323 1084429175
1000 701 1084429178
640 701 1084429195
810 323 1084429211
1000 1041 1084429231
644 378 1084429246
393 291 1084429246
1000 286 1084429266
1037 712 1084429318
193 118 1084429318
681 802 1084429318
1000 420 1084429339
323 966 1084429341
701 640 1084429352
88 323 1084429363
1000 420 1084429364
1000 154 1084429369
1000 419 1084429379
1000 862 1084429393
212 439 1084429393
1000 65 1084429398
640 701 1084429406
1037 447 1084429406
1000 686 1084429407
1000 140 1084429414
1000 366 1084429421
1000 825 1084429431
1000 480 1084429461
323 88 1084429465
1000 135 1084429468
1000 1026 1084429521
701 640 1084429521
394 317 1084429521
311 567 1084429549
830 605 1084429552
281 67 1084429586
966 323 1084429601
810 323 1084429635
1000 109 1084429636
88 323 1084429662
1000 410 1084429667
969 557 1084429696
640 701 1084429696
1000 118 1084429722
527 1042 1084429759
640 701 1084429762
966 323 1084429781
679 60 1084429792
686 193 1084429792
527 32 1084429831
72 701 1084429877
686 1000 1084429884
770 175 1084429985
1037 460 1084429986
323 966 1084429989
667 204 1084430041
605 830 1084430066
767 63 1084430072
810 323 1084430089
302 557 1084430095
557 969 1084430111
323 88 1084430116
323 966 1084430184
88 323 1084430252
557 302 1084430255
1037 900 1084430273
1037 900 1084430274
770 311 1084430286
1041 41 1084430323
323 88 1084430346
762 713 1084430365
810 323 1084430411
701 640 1084430533
969 557 1084430558
1033 437 1084430567
1000 686 1084430712
810 323 1084430725
394 422 1084430878
41 1041 1084430969
236 1043 1084430981
249 779 1084431047
830 605 1084431061
1037 274 1084431097
810 323 1084431121
557 969 1084431122
36 770 1084431217
394 456 1084431230
1041 41 1084431231
595 372 1084431260
377 790 1084431367
495 1000 1084431381
595 41 1084431433
495 498 1084431433
981 1021 1084431459
36 770 1084431459
810 323 1084431462
495 498 1084431510
341 323 1084431536
323 341 1084431642
377 871 1084431685
101 282 1084431705
341 323 1084431743
1040 1045 1084431775
323 341 1084431801
701 858 1084431812
840 74 1084431870
498 495 1084431870
36 770 1084431999
810 323 1084432039
341 323 1084432074
781 721 1084432083
658 884 1084432127
1046 1014 1084432128
323 341 1084432129
498 495 1084432161
41 1041 1084432206
1033 379 1084432231
770 36 1084432231
658 990 1084432245
1014 1046 1084432245
517 586 1084432288
377 1047 1084432292
318 995 1084432381
638 991 1084432386
800 495 1084432406
36 770 1084432407
638 758 1084432419
341 323 1084432458
770 36 1084432498
990 658 1084432511
638 996 1084432512
638 939 1084432547
990 277 1084432572
323 341 1084432576
969 557 1084432603
658 990 1084432617
193 686 1084432627
638 622 1084432639
341 323 1084432669
1006 323 1084432669
990 658 1084432711
323 1006 1084432739
517 1048 1084432749
638 103 1084432764
277 990 1084432764
447 1037 1084432778
323 341 1084432801
901 915 1084432824
800 393 1084432848
686 193 1084432861
765 84 1084432889
393 800 1084432917
318 325 1084432935
765 830 1084432958
325 1049 1084432962
318 966 1084432981
800 393 1084432982
341 323 1084432996
557 969 1084433012
800 393 1084433095
990 277 1084433113
323 341 1084433117
228 314 1084433226
341 323 1084433237
393 800 1084433250
999 297 1084433250
800 393 1084433268
686 27 1084433313
999 323 1084433313
277 990 1084433313
143 201 1084433341
41 595 1084433341
323 341 1084433368
143 1037 1084433402
168 400 1084433438
323 999 1084433471
341 323 1084433493
323 341 1084433553
228 392 1084433554
1041 41 1084433579
168 834 1084433605
643 638 1084433640
794 27 1084433648
643 323 1084433650
969 557 1084433656
964 555 1084433664
1042 527 1084433701
1042 527 1084433701
1042 527 1084433702
999 323 1084433720
990 277 1084433734
109 1000 1084433736
323 643 1084433770
323 999 1084433781
392 228 1084433797
323 341 1084433797
277 990 1084433842
999 969 1084433845
377 475 1084433872
999 323 1084433904
341 323 1084433904
686 341 1084433917
189 712 1084433991
557 969 1084434017
810 323 1084434077
341 686 1084434109
495 498 1084434133
377 475 1084434159
228 392 1084434216
495 800 1084434243
549 523 1084434320
377 475 1084434334
495 1050 1084434349
603 814 1084434378
277 990 1084434386
549 63 1084434396
549 969 1084434406
549 830 1084434425
41 1041 1084434427
41 495 1084434561
990 277 1084434612
297 999 1084434715
377 1051 1084434718
924 686 1084434719
176 603 1084434720
586 517 1084434815
1034 938 1084434829
377 482 1084434861
498 495 1084434883
938 1034 1084434925
586 517 1084434947
475 603 1084435026
281 561 1084435098
586 1039 1084435120
482 297 1084435134
272 632 1084435154
377 482 1084435162
272 605 1084435173
143 1042 1084435249
181 495 1084435292
396 400 1084435342
63 549 1084435349
603 176 1084435431
810 816 1084435453
1041 41 1084435483
603 475 1084435484
460 542 1084435521
377 941 1084435541
460 934 1084435565
814 603 1084435603
181 765 1084435707
1042 143 1084435799
603 814 1084435806
442 1041 1084435983
297 482 1084435984
377 950 1084436099
1037 447 1084436172
377 289 1084436179
1052 72 1084436180
1037 143 1084436227
442 143 1084436302
1052 72 1084436416
1037 682 1084436482
377 950 1084436505
814 603 1084436508
392 228 1084436522
392 400 1084436540
392 400 1084436540
392 321 1084436554
392 321 1084436633
392 321 1084436685
72 1052 1084436691
1037 311 1084436726
392 998 1084436843
1037 707 1084436987
308 990 1084437015
72 318 1084437167
1023 460 1084437209
546 823 1084437510
546 809 1084437613
546 475 1084437662
546 475 1084437783
437 1033 1084437793
567 311 1084438149
475 546 1084438162
1041 442 1084438177
567 974 1084438278
998 392 1084438305
41 1041 1084438394
983 176 1084438411
567 602 1084438567
546 475 1084438584
567 602 1084438607
448 495 1084438692
176 983 1084438732
144 873 1084438763
602 151 1084438798
144 996 1084438848
542 460 1084438990
144 975 1084439043
495 41 1084439271
495 498 1084439297
495 181 1084439362
144 479 1084439375
498 495 1084439502
495 498 1084439614
560 495 1084439740
495 560 1084440006
498 495 1084440024
1041 546 1084440037
543 400 1084440161
1041 41 1084440170
41 495 1084440227
41 1041 1084440258
546 1041 1084440321
546 1053 1084440558
144 991 1084440567
495 41 1084440629
495 498 1084440656
181 495 1084440695
1034 1036 1084440776
1021 981 1084440907
498 495 1084441331
41 495 1084441610
189 44 1084442170
423 277 1084442207
375 603 1084442207
1033 437 1084442445
201 143 1084442533
201 1053 1084442723
1054 639 1084443130
995 318 1084443300
105 1055 1084443391
687 1054 1084443929
1054 687 1084444144
105 713 1084444193
878 1005 1084446106
437 1033 1084446216
1033 1056 1084446270
927 536 1084446535
72 1039 1084446807
60 679 1084447695
60 701 1084447720
928 714 1084452079
536 927 1084453650
536 336 1084453665
242 219 1084455881
242 454 1084456086
523 549 1084456768
626 440 1084457156
615 740 1084459076
342 969 1084460104
