1543 1848 1095868451
509 1026 1095871559
1362 1624 1095874932
1 1626 1095875229
1644 224 1095875234
224 1644 1095875994
1626 1 1095876165
1644 224 1095880955
1237 1724 1095882333
32 1856 1095887460
32 1857 1095887550
1624 1362 1095889594
1852 1781 1095892800
1724 1237 1095892975
1852 1724 1095894451
1601 1118 1095897565
1601 1858 1095897705
1601 1768 1095897918
42 1724 1095901063
1181 492 1095905856
224 1644 1095906151
1724 42 1095907483
1724 1852 1095907529
1601 143 1095911970
1781 1852 1095916294
1781 1657 1095916310
792 1190 1095917932
443 520 1095918235
492 747 1095919240
523 812 1095921900
523 334 1095921916
652 1130 1095923457
95 1859 1095923727
1859 95 1095923910
95 1859 1095923972
1859 95 1095924012
95 1859 1095924165
1859 95 1095924225
95 1859 1095924336
1601 1859 1095924363
1859 95 1095924377
1859 1601 1095924405
1624 95 1095924408
95 1859 1095924483
95 1624 1095924491
1624 95 1095924542
1859 95 1095924559
1 1626 1095924574
95 1859 1095924684
1859 95 1095924772
95 1859 1095924921
1859 95 1095924971
95 1859 1095925150
1859 95 1095925161
143 1601 1095925823
843 1167 1095927404
1860 494 1095928587
1543 1861 1095929001
697 1472 1095950413
