1783 1280 1098642113
312 1 1098646012
1783 617 1098656876
415 211 1098657327
42 1 1098663844
1 312 1098666281
1 42 1098666305
1808 1876 1098666669
711 642 1098675628
561 95 1098676165
561 431 1098676245
561 557 1098676306
561 105 1098676441
105 561 1098677461
642 711 1098678000
172 1724 1098680449
1280 1783 1098682015
1312 1344 1098684818
1344 1312 1098684863
1312 1344 1098684875
1344 1312 1098684914
711 642 1098689610
1724 172 1098690345
1724 172 1098690476
1543 561 1098690702
927 536 1098691103
1876 1808 1098691177
1543 1118 1098691947
