321 392 1086449643
523 228 1086452418
1578 847 1086452710
1578 847 1086453213
1578 751 1086453278
809 209 1086454797
1314 1346 1086455326
799 199 1086455713
509 1026 1086456476
9 1338 1086457615
3 252 1086457795
1021 1449 1086458896
781 1550 1086459632
582 1261 1086460165
394 1190 1086461933
801 313 1086464022
283 1556 1086464427
1539 1585 1086464771
713 546 1086464974
1539 8 1086465839
1539 8 1086466071
12 1577 1086466893
95 1393 1086467054
1292 242 1086467422
1255 546 1086467505
1272 1280 1086467893
1539 1402 1086468258
1280 1272 1086468278
9 1280 1086468405
203 475 1086469587
1539 527 1086469963
1036 1520 1086470012
1036 792 1086470172
1036 1123 1086470255
1036 507 1086470310
27 620 1086471691
1619 1402 1086471838
50 1616 1086472071
1185 1173 1086472307
483 821 1086472487
297 557 1086473033
1265 938 1086473876
812 708 1086473888
1616 50 1086474307
389 950 1086474912
1487 161 1086474988
27 620 1086475432
1619 175 1086475615
1339 605 1086476305
950 389 1086476474
1352 1580 1086477285
600 847 1086477324
1601 605 1086477354
1601 1282 1086477458
799 199 1086477889
1190 393 1086478588
1539 1620 1086478639
1539 1620 1086478746
1190 62 1086478865
1616 1173 1086478880
1619 1511 1086478880
1190 1349 1086478929
1616 1601 1086479261
1565 620 1086479351
1539 1620 1086479466
42 1621 1086479656
1539 1620 1086479710
821 483 1086479932
1598 777 1086480495
620 1565 1086480525
1601 1616 1086480587
1598 768 1086480606
1601 1616 1086480641
1598 337 1086480646
483 821 1086480665
1598 1227 1086480722
1565 620 1086481122
810 233 1086481296
810 233 1086482512
1582 199 1086482885
357 1603 1086483868
712 95 1086484056
1539 1622 1086484445
1014 1487 1086485097
1616 1173 1086485169
1539 997 1086485977
393 1190 1086486450
317 1184 1086486938
395 447 1086488291
1173 1616 1086488497
1059 1603 1086489137
1244 338 1086489375
27 620 1086489415
1623 525 1086489979
620 1244 1086490456
713 714 1086490478
1244 620 1086490538
713 912 1086490560
733 964 1086490737
103 1238 1086490892
60 308 1086491356
447 395 1086491869
12 1577 1086491897
199 1582 1086492521
733 1118 1086492549
733 1608 1086492855
733 1608 1086492916
733 1608 1086493240
733 626 1086493770
1158 1565 1086493972
323 68 1086494191
1489 878 1086494687
198 101 1086494733
1284 950 1086494765
1624 733 1086494868
967 733 1086494925
1624 733 1086494978
447 733 1086494993
733 447 1086495067
967 303 1086495137
1169 733 1086495220
447 733 1086495386
1619 712 1086495870
1365 42 1086496176
1624 141 1086496800
547 527 1086497021
1624 224 1086497049
1624 234 1086497178
53 1551 1086497204
409 563 1086497319
53 1623 1086497357
1184 317 1086497672
103 658 1086497719
1184 1550 1086497723
103 409 1086497789
298 573 1086497963
967 303 1086498250
341 793 1086498531
189 36 1086498670
220 1042 1086498721
1539 1131 1086498907
605 1339 1086498933
605 1601 1086499034
620 1565 1086499040
605 297 1086499068
525 1623 1086499303
103 658 1086499360
704 734 1086499477
308 60 1086499495
509 1050 1086499713
509 1026 1086499876
1601 605 1086499885
605 1601 1086499968
228 523 1086500128
1601 605 1086500182
605 1601 1086500259
967 303 1086500415
1039 1316 1086500601
1487 1014 1086500608
1601 220 1086500621
220 234 1086500644
1601 605 1086500725
220 1601 1086500827
1454 1437 1086500879
967 303 1086500888
1423 1158 1086500922
1619 220 1086501026
1601 220 1086501170
234 220 1086501197
967 303 1086501958
27 620 1086502106
967 303 1086502138
487 598 1086502151
950 1284 1086502189
950 1284 1086502223
27 234 1086502267
366 67 1086502341
366 1601 1086502424
1585 1043 1086502613
1578 847 1086502967
1578 342 1086502996
41 1585 1086503035
502 933 1086503126
639 19 1086503309
1598 1585 1086503440
686 1625 1086503657
1598 726 1086504041
67 277 1086504138
103 1598 1086504148
67 69 1086504165
103 639 1086504225
1626 1 1086504295
768 1598 1086504310
1582 199 1086504699
27 1598 1086504893
1043 1585 1086505690
1436 421 1086505727
781 1314 1086506262
1539 1299 1086506299
964 733 1086506356
282 1627 1086506764
1619 781 1086506916
1619 781 1086506975
1619 781 1086507104
1619 781 1086507168
1158 1423 1086507208
41 1585 1086507209
233 810 1086507336
1158 1585 1086507360
1158 1423 1086507473
1575 735 1086507547
1284 950 1086507576
220 1601 1086508276
220 234 1086508321
536 733 1086509671
1585 1043 1086509840
234 220 1086510346
103 409 1086511139
1281 1598 1086511318
389 950 1086511526
967 1158 1086512533
1527 144 1086513180
67 318 1086513486
67 318 1086513623
600 1454 1086513755
199 1582 1086513772
1072 1158 1086514077
1158 1072 1086514175
1158 1072 1086514219
1158 1072 1086514250
1158 1072 1086514291
1158 1072 1086514416
1158 1072 1086514663
352 840 1086514706
547 712 1086514904
547 712 1086515041
547 712 1086515263
967 1158 1086515679
821 483 1086516932
950 1284 1086518018
950 389 1086518036
176 1603 1086519235
1196 155 1086520687
