713 41 1084722909
26 645 1084722912
675 462 1084723022
713 1049 1084723039
675 462 1084723299
523 724 1084723645
724 523 1084723761
339 63 1084724276
462 32 1084724488
713 567 1084724921
713 462 1084725016
713 716 1084725092
713 34 1084725180
713 124 1084725304
242 252 1084725379
713 242 1084725389
873 144 1084725787
294 42 1084726096
713 319 1084726138
713 363 1084726241
713 940 1084726332
713 842 1084726615
713 1043 1084726671
713 1043 1084726700
713 884 1084726805
713 509 1084726863
713 999 1084726974
713 950 1084727084
713 1018 1084727239
277 254 1084727454
1052 708 1084727457
1072 542 1084728544
1072 29 1084728601
697 542 1084728664
462 675 1084728873
817 1100 1084729357
102 645 1084729603
62 949 1084729812
635 719 1084730812
949 62 1084730832
350 335 1084730952
713 733 1084731203
103 938 1084731213
713 38 1084731220
713 641 1084731279
713 1036 1084731343
713 462 1084731397
713 884 1084731467
713 1043 1084731498
32 462 1084731505
32 1103 1084731616
1069 252 1084731862
638 542 1084731972
638 540 1084732001
357 938 1084732028
357 817 1084732052
103 462 1084732148
357 903 1084732161
545 676 1084732301
770 841 1084732324
545 1019 1084732338
357 194 1084732514
545 1060 1084732530
460 939 1084732999
460 542 1084733025
277 254 1084733293
1097 884 1084734146
1097 437 1084734163
884 1097 1084734515
357 154 1084734592
357 154 1084734705
462 32 1084734834
462 103 1084734862
462 32 1084734922
19 140 1084735038
422 815 1084735086
53 26 1084735115
53 250 1084735143
687 252 1084735468
536 884 1084736293
162 851 1084736298
143 32 1084736309
143 915 1084736364
32 462 1084736404
143 103 1084736413
462 32 1084736482
32 462 1084736504
884 536 1084736801
884 536 1084736896
536 884 1084737381
834 626 1084737596
992 1108 1084737675
1097 884 1084737972
449 498 1084738009
103 460 1084738017
199 1060 1084738222
1069 687 1084738389
884 536 1084738486
884 1097 1084738556
536 884 1084738952
495 41 1084738959
626 834 1084739038
984 638 1084739252
194 296 1084739269
394 212 1084739376
394 212 1084739465
884 536 1084739513
1037 233 1084739670
638 984 1084739910
949 194 1084739967
536 884 1084740193
194 949 1084740236
949 642 1084740420
884 536 1084740490
536 884 1084740899
944 194 1084741040
127 1097 1084741256
252 687 1084741306
69 252 1084741522
63 339 1084741744
884 536 1084741773
212 306 1084741815
540 990 1084741835
536 884 1084741875
212 439 1084741897
1069 252 1084742026
884 536 1084742107
536 884 1084742275
638 540 1084742338
1103 542 1084742468
884 536 1084742542
36 1033 1084742672
1034 701 1084742833
1034 462 1084742860
834 626 1084742880
252 433 1084742912
701 1034 1084742941
536 884 1084742944
679 149 1084743100
1034 701 1084743117
542 1103 1084743329
626 834 1084743381
701 1034 1084743432
1034 462 1084743495
1034 701 1084743541
701 1034 1084743722
1034 462 1084743738
542 460 1084743773
26 53 1084743786
1034 701 1084743822
1034 462 1084743841
1034 462 1084743925
1034 697 1084743987
713 1043 1084744059
701 1034 1084744066
713 1043 1084744127
1034 701 1084744164
204 1070 1084744176
884 536 1084744387
1034 462 1084744508
1034 697 1084744544
1069 687 1084744553
1034 697 1084744642
1069 545 1084744683
701 1034 1084744701
1107 586 1084744706
1034 462 1084744806
1034 462 1084744948
1034 462 1084745090
1034 462 1084745237
713 641 1084745273
713 545 1084745315
1034 462 1084745354
194 296 1084745391
1034 462 1084745425
713 884 1084745451
1034 462 1084745484
439 1019 1084745515
1034 701 1084745553
1034 462 1084745689
1034 462 1084745741
1034 462 1084745995
1034 462 1084746061
1034 462 1084746182
1034 462 1084746203
1034 462 1084746292
306 212 1084746397
1034 462 1084746439
713 41 1084746553
713 462 1084746605
1034 462 1084746667
342 1068 1084746681
1034 462 1084746692
191 765 1084746713
713 629 1084746809
583 557 1084746846
399 76 1084747072
350 439 1084747338
201 938 1084747358
201 938 1084747358
201 938 1084747384
12 543 1084747500
557 583 1084747570
12 938 1084747601
1031 650 1084747830
1031 1109 1084747838
1031 651 1084747845
1031 646 1084747852
1031 840 1084747887
9 997 1084748077
9 177 1084748142
9 771 1084748237
990 540 1084748311
394 263 1084748329
834 626 1084748850
626 834 1084749034
128 934 1084749106
277 254 1084749158
1052 708 1084749160
277 1032 1084749188
834 626 1084749218
342 544 1084749244
212 306 1084749249
615 80 1084749273
626 834 1084749427
884 495 1084749643
598 542 1084749666
884 536 1084749703
555 212 1084749714
834 626 1084749756
626 834 1084750127
834 626 1084750232
938 201 1084750694
19 1068 1084750878
103 974 1084751017
735 790 1084751742
626 834 1084751753
277 254 1084751983
296 550 1084752017
282 67 1084752148
277 254 1084752364
201 938 1084752373
830 549 1084752425
498 194 1084752441
277 254 1084752704
190 652 1084752739
339 63 1084753074
638 475 1084753081
498 449 1084753135
1068 498 1084753327
652 190 1084753556
250 475 1084753707
475 250 1084753869
250 569 1084753909
250 260 1084753959
250 1097 1084754001
250 475 1084754064
475 250 1084754157
638 643 1084754175
498 1068 1084754208
277 1032 1084754361
277 254 1084754533
1068 498 1084754670
1100 753 1084754855
260 250 1084754883
277 1032 1084754914
260 509 1084754974
569 250 1084755048
194 296 1084755072
194 296 1084755205
194 296 1084755712
658 193 1084756077
277 1032 1084756180
658 1110 1084756298
652 214 1084756360
194 26 1084756488
765 191 1084756489
194 62 1084756507
194 794 1084756727
194 498 1084756755
194 817 1084756936
194 482 1084756968
194 498 1084757012
194 1004 1084757042
679 673 1084757072
9 212 1084757098
277 1032 1084757115
277 1032 1084757416
9 834 1084757445
402 881 1084757467
9 679 1084757500
9 679 1084757541
323 834 1084757557
194 586 1084757714
194 509 1084757728
501 768 1084757729
194 817 1084757746
817 194 1084757781
12 938 1084757805
817 194 1084757832
194 817 1084757920
323 645 1084757952
194 817 1084757957
83 194 1084757968
817 194 1084757979
817 194 1084757992
586 194 1084758151
1004 1032 1084758327
9 679 1084758417
9 282 1084758422
1032 1004 1084758428
12 282 1084758460
9 282 1084758559
536 884 1084758577
12 282 1084758632
1004 1032 1084758656
63 339 1084758666
1032 1004 1084758715
12 282 1084758774
9 282 1084758807
1004 1032 1084758832
9 679 1084758920
735 1032 1084759080
9 282 1084759120
323 1014 1084759173
194 1004 1084759203
12 282 1084759291
9 282 1084759304
323 632 1084759437
12 282 1084759483
323 758 1084759547
1004 1008 1084759553
12 1039 1084759588
595 252 1084759616
12 282 1084759634
12 569 1084759669
9 282 1084759699
9 282 1084759709
12 282 1084759842
12 282 1084759975
234 1039 1084760119
12 282 1084760152
12 926 1084760308
194 1004 1084760313
44 597 1084760345
12 282 1084760445
9 282 1084760453
859 388 1084760528
12 536 1084760546
372 1111 1084760561
12 536 1084760633
372 536 1084760642
1111 372 1084760642
536 372 1084760661
12 282 1084760689
372 1111 1084760689
859 1060 1084760707
12 536 1084760719
9 282 1084760760
12 282 1084760769
9 282 1084760832
12 282 1084760867
859 372 1084760903
12 569 1084760922
12 536 1084760937
926 557 1084761020
12 569 1084761077
12 926 1084761100
372 536 1084761112
498 194 1084761122
12 402 1084761156
41 1111 1084761178
498 194 1084761209
194 1004 1084761239
536 372 1084761270
12 282 1084761358
12 926 1084761413
12 926 1084761421
12 926 1084761430
986 194 1084761520
372 536 1084761539
12 986 1084761723
19 986 1084761889
19 986 1084761928
12 1039 1084761941
19 986 1084761966
986 991 1084761969
233 193 1084761973
603 814 1084761997
19 986 1084762002
19 986 1084762041
991 986 1084762050
986 991 1084762070
19 986 1084762075
777 1111 1084762075
986 991 1084762094
19 986 1084762099
536 372 1084762132
19 986 1084762198
9 282 1084762255
9 282 1084762263
1034 1039 1084762265
814 603 1084762265
603 814 1084762347
19 986 1084762421
884 536 1084762434
19 986 1084762461
12 80 1084762465
1034 1039 1084762465
991 654 1084762483
19 986 1084762486
12 389 1084762500
991 654 1084762510
19 986 1084762557
536 884 1084762557
1069 560 1084762567
19 986 1084762589
12 1068 1084762594
814 603 1084762656
19 986 1084762703
19 986 1084762739
19 986 1084762777
986 19 1084762786
19 986 1084762797
19 986 1084762832
19 986 1084762875
19 986 1084762905
1111 372 1084762998
249 288 1084763025
12 1068 1084763050
884 536 1084763092
12 997 1084763185
1043 41 1084763199
12 1068 1084763249
41 1043 1084763313
19 997 1084763364
12 1068 1084763364
1043 41 1084763470
12 1068 1084763552
327 938 1084763567
249 402 1084763580
12 758 1084763667
128 934 1084763697
997 19 1084763733
12 758 1084763822
12 758 1084763846
405 777 1084763851
532 882 1084763864
405 950 1084763886
536 884 1084763921
532 364 1084764050
884 536 1084764086
250 569 1084764086
536 884 1084764193
583 557 1084764234
212 532 1084764276
19 583 1084764375
212 741 1084764421
534 625 1084764462
626 50 1084764465
144 1111 1084764597
191 765 1084764752
252 595 1084764888
19 901 1084765008
1034 697 1084765088
893 950 1084765211
306 212 1084765443
884 536 1084765576
400 908 1084765586
306 509 1084765594
400 799 1084765658
884 901 1084765660
536 884 1084765690
400 392 1084765733
400 495 1084765786
19 256 1084765846
400 607 1084765851
256 498 1084765868
400 396 1084765871
474 679 1084766035
400 598 1084766161
1111 144 1084766269
41 1043 1084766365
1043 41 1084766498
884 536 1084766650
474 400 1084766820
50 626 1084766839
536 884 1084766864
884 536 1084766988
938 201 1084767102
626 50 1084767175
543 418 1084767276
19 874 1084767525
172 296 1084767730
1026 934 1084767804
394 1004 1084767922
1101 72 1084768083
193 658 1084768118
128 934 1084768332
323 341 1084768387
172 1026 1084768592
753 984 1084768772
595 252 1084768834
50 626 1084768848
598 400 1084768892
598 252 1084768902
36 189 1084768918
950 405 1084768948
605 462 1084768995
1004 394 1084769011
950 893 1084769024
753 1100 1084769024
626 50 1084769038
509 260 1084769086
214 652 1084769087
598 67 1084769111
598 32 1084769121
598 19 1084769129
9 834 1084769134
598 915 1084769144
617 73 1084769171
509 306 1084769201
462 605 1084769231
536 884 1084769244
250 405 1084769244
617 728 1084769316
250 316 1084769408
250 909 1084769469
250 1112 1084769513
509 454 1084769514
509 454 1084769528
777 405 1084769536
509 389 1084769548
306 509 1084769804
377 415 1084769891
605 462 1084769905
87 938 1084769920
462 605 1084770001
605 462 1084770053
1113 990 1084770057
984 753 1084770069
250 697 1084770084
12 938 1084770108
634 8 1084770128
431 605 1084770173
250 598 1084770181
999 928 1084770192
884 536 1084770215
394 1004 1084770253
250 616 1084770256
50 626 1084770264
168 834 1084770269
50 1100 1084770292
323 341 1084770295
250 1100 1084770300
462 605 1084770302
753 984 1084770308
323 1014 1084770386
605 462 1084770422
590 1060 1084770451
297 999 1084770470
462 605 1084770610
297 999 1084770764
323 1014 1084770846
605 462 1084770864
986 991 1084770914
19 986 1084770944
1100 50 1084770952
986 8 1084770990
986 719 1084771031
19 986 1084771050
986 719 1084771056
720 787 1084771087
509 306 1084771148
652 214 1084771198
19 986 1084771202
462 393 1084771232
536 884 1084771254
323 1014 1084771257
297 999 1084771368
19 986 1084771378
19 991 1084771410
431 605 1084771448
19 991 1084771515
834 168 1084771555
19 991 1084771667
50 1100 1084771726
881 402 1084771801
986 679 1084771833
277 605 1084771877
19 991 1084771879
462 605 1084771885
277 252 1084771903
986 679 1084771918
626 50 1084771987
19 991 1084772016
220 103 1084772035
605 462 1084772098
884 536 1084772105
536 884 1084772173
431 605 1084772228
462 605 1084772233
474 679 1084772268
474 834 1084772370
358 719 1084772415
884 536 1084772447
358 400 1084772517
277 605 1084772518
358 250 1084772548
462 339 1084772549
338 1104 1084772596
338 1107 1084772626
474 42 1084772733
474 834 1084772839
250 358 1084772877
984 753 1084772885
36 1 1084772908
252 595 1084772929
984 753 1084772936
252 598 1084772973
652 822 1084772973
474 679 1084772992
1114 63 1084773004
474 834 1084773070
567 194 1084773130
474 679 1084773148
494 389 1084773210
822 652 1084773232
474 834 1084773283
586 513 1084773319
741 212 1084773327
474 679 1084773344
652 822 1084773400
474 834 1084773425
679 393 1084773461
474 679 1084773461
753 984 1084773481
19 598 1084773490
567 1072 1084773499
67 938 1084773516
834 598 1084773525
822 652 1084773543
652 928 1084773544
598 834 1084773545
599 41 1084773546
474 834 1084773568
652 822 1084773608
474 679 1084773609
834 598 1084773620
598 834 1084773640
834 598 1084773671
474 679 1084773691
822 652 1084773703
652 322 1084773731
277 605 1084773737
567 1060 1084773757
474 834 1084773779
652 822 1084773794
143 201 1084773863
777 306 1084773879
474 679 1084773925
393 462 1084773936
822 652 1084774000
794 194 1084774008
652 822 1084774108
350 311 1084774167
67 598 1084774174
474 834 1084774188
986 753 1084774194
986 652 1084774223
474 679 1084774228
822 652 1084774243
652 753 1084774269
193 233 1084774271
986 753 1084774293
462 393 1084774306
306 777 1084774373
250 753 1084774412
474 834 1084774442
357 986 1084774477
474 679 1084774483
474 834 1084774511
357 986 1084774558
753 652 1084774562
753 250 1084774616
474 679 1084774634
323 1014 1084774636
986 753 1084774675
323 632 1084774680
357 986 1084774681
598 542 1084774707
474 834 1084774710
297 999 1084774728
250 753 1084774751
357 783 1084774814
1069 878 1084774829
753 250 1084774859
474 834 1084774880
323 719 1084774902
986 835 1084774903
393 462 1084774904
474 679 1084774924
598 194 1084774962
323 632 1084774971
306 509 1084775000
878 598 1084775014
598 878 1084775062
462 393 1084775099
250 753 1084775138
704 822 1084775147
934 1026 1084775173
143 250 1084775207
704 822 1084775250
474 679 1084775274
339 462 1084775281
474 834 1084775306
323 632 1084775338
462 339 1084775341
819 822 1084775369
9 771 1084775382
753 250 1084775413
991 986 1084775432
1069 98 1084775470
986 991 1084775515
9 834 1084775530
991 986 1084775530
357 986 1084775533
474 834 1084775539
986 991 1084775549
878 598 1084775568
19 986 1084775578
357 986 1084775602
474 679 1084775615
194 644 1084775617
323 632 1084775627
36 211 1084775646
250 753 1084775677
474 834 1084775680
297 598 1084775695
753 250 1084775707
36 189 1084775709
822 819 1084775735
9 834 1084775738
250 753 1084775751
474 679 1084775752
260 1104 1084775760
323 632 1084775788
753 250 1084775801
393 462 1084775802
991 986 1084775816
306 1115 1084775832
250 753 1084775885
462 393 1084775910
323 557 1084775921
372 536 1084775937
753 250 1084775945
474 834 1084775959
679 474 1084775966
9 834 1084776020
250 753 1084776023
704 822 1084776045
834 474 1084776048
758 753 1084776058
995 644 1084776067
783 1004 1084776070
753 758 1084776089
753 758 1084776121
758 753 1084776136
277 615 1084776152
753 250 1084776153
393 462 1084776172
311 350 1084776174
250 753 1084776197
834 753 1084776204
753 758 1084776215
474 679 1084776216
9 834 1084776221
393 372 1084776224
9 834 1084776231
323 632 1084776245
758 753 1084776260
372 393 1084776271
753 834 1084776279
250 1053 1084776296
474 834 1084776310
250 154 1084776313
250 135 1084776342
834 753 1084776360
250 1026 1084776371
704 1100 1084776372
834 474 1084776392
753 834 1084776407
393 372 1084776407
719 635 1084776441
834 753 1084776509
323 719 1084776513
474 834 1084776514
1033 437 1084776529
372 393 1084776531
834 474 1084776557
753 834 1084776577
1033 765 1084776590
323 632 1084776610
393 372 1084776623
834 753 1084776635
462 393 1084776646
372 437 1084776656
323 719 1084776670
372 393 1084776677
393 462 1084776678
770 903 1084776678
679 474 1084776688
753 834 1084776694
393 372 1084776700
753 719 1084776706
590 753 1084776711
323 632 1084776712
474 834 1084776730
1033 1072 1084776760
719 753 1084776782
462 393 1084776789
753 590 1084776800
834 753 1084776805
753 719 1084776808
474 679 1084776814
323 557 1084776825
753 834 1084776832
834 474 1084776842
719 753 1084776846
681 440 1084776856
834 753 1084776864
372 393 1084776878
638 372 1084776883
753 719 1084776886
679 474 1084776897
393 462 1084776909
753 834 1084776910
393 372 1084776920
681 440 1084776924
719 753 1084776926
615 1108 1084776937
753 719 1084776957
770 841 1084776962
474 834 1084776969
462 393 1084776994
719 753 1084777010
681 788 1084777020
1034 788 1084777024
753 719 1084777043
681 440 1084777043
753 719 1084777076
1033 753 1084777078
644 719 1084777081
753 1033 1084777103
323 557 1084777104
719 753 1084777112
719 644 1084777129
781 96 1084777129
753 834 1084777137
36 1033 1084777153
372 393 1084777162
460 542 1084777166
638 372 1084777177
393 462 1084777179
555 795 1084777181
600 714 1084777192
393 372 1084777200
1026 934 1084777241
474 679 1084777254
590 753 1084777255
834 753 1084777285
834 474 1084777297
555 1047 1084777303
679 161 1084777312
834 474 1084777315
1071 638 1084777343
462 393 1084777347
555 1047 1084777356
474 834 1084777382
600 927 1084777401
679 474 1084777403
474 679 1084777427
1052 708 1084777441
161 679 1084777462
282 1071 1084777521
600 714 1084777522
474 679 1084777525
834 474 1084777580
834 474 1084777580
679 474 1084777597
393 462 1084777603
1026 172 1084777645
323 557 1084777650
356 543 1084777654
679 474 1084777690
462 393 1084777691
474 834 1084777706
679 161 1084777706
652 753 1084777732
834 474 1084777744
934 1026 1084777752
474 679 1084777771
1052 626 1084777786
1052 626 1084777790
1052 626 1084777793
679 474 1084777803
474 834 1084777811
474 679 1084777837
161 679 1084777848
834 474 1084777870
652 1071 1084777874
679 161 1084777876
372 393 1084777877
282 1071 1084777879
638 372 1084777887
658 193 1084777929
393 462 1084777936
386 422 1084777938
1026 934 1084777958
393 372 1084777979
161 679 1084777984
323 557 1084777999
679 161 1084778017
250 101 1084778025
462 393 1084778080
12 599 1084778202
781 1038 1084778207
277 615 1084778207
12 638 1084778224
679 372 1084778225
1104 260 1084778236
546 372 1084778245
1069 98 1084778263
393 462 1084778289
1069 98 1084778296
546 1005 1084778364
513 990 1084778367
161 679 1084778377
12 282 1084778386
513 586 1084778412
323 341 1084778441
462 393 1084778479
770 841 1084778481
449 498 1084778491
679 161 1084778497
323 557 1084778503
277 1023 1084778511
615 1116 1084778527
277 615 1084778574
393 462 1084778580
161 679 1084778580
770 1072 1084778600
990 513 1084778664
462 393 1084778676
350 311 1084778712
638 309 1084778718
679 161 1084778793
638 309 1084778864
393 462 1084778888
323 557 1084778888
871 783 1084778894
641 475 1084778896
161 679 1084778919
277 1023 1084778928
871 495 1084778953
277 615 1084778954
615 1116 1084778989
1069 1023 1084778990
323 68 1084779040
282 1071 1084779040
462 393 1084779109
418 543 1084779120
1005 546 1084779125
277 615 1084779217
323 557 1084779232
495 884 1084779250
495 400 1084779278
1023 1072 1084779412
323 557 1084779430
277 1023 1084779465
249 288 1084779467
990 513 1084779469
1101 513 1084779515
934 1026 1084779537
638 41 1084779547
249 288 1084779580
323 418 1084779615
884 495 1084779637
323 557 1084779644
323 557 1084779740
1042 784 1084779853
1042 784 1084779861
1042 802 1084779960
1042 802 1084779965
1042 802 1084779969
652 73 1084780055
323 341 1084780079
12 343 1084780084
605 73 1084780160
277 1023 1084780168
323 557 1084780220
859 372 1084780222
12 991 1084780258
605 1023 1084780286
316 102 1084780304
194 644 1084780326
859 590 1084780329
323 557 1084780343
198 101 1084780345
19 525 1084780364
323 557 1084780364
638 640 1084780373
1042 1056 1084780376
1054 687 1084780380
1042 1056 1084780413
19 525 1084780423
102 316 1084780424
525 73 1084780426
859 676 1084780431
679 161 1084780432
1023 605 1084780506
277 1023 1084780524
605 1023 1084780582
277 615 1084780590
1042 712 1084780600
316 250 1084780603
316 102 1084780614
323 341 1084780626
102 316 1084780650
260 1104 1084780675
194 590 1084780698
1023 605 1084780717
277 1023 1084780727
194 1097 1084780734
586 513 1084780750
1097 194 1084780766
277 615 1084780783
605 1023 1084780787
260 1107 1084780793
277 1054 1084780803
316 102 1084780808
323 557 1084780846
128 934 1084780880
1023 605 1084780919
316 777 1084780928
504 542 1084780931
640 1072 1084780949
277 1023 1084781011
1042 389 1084781012
323 341 1084781026
603 814 1084781054
323 557 1084781063
687 1054 1084781136
174 335 1084781145
1042 318 1084781150
181 495 1084781190
687 573 1084781235
277 1023 1084781236
323 557 1084781243
323 341 1084781309
504 341 1084781315
12 991 1084781329
181 194 1084781332
640 1103 1084781348
277 615 1084781395
1042 997 1084781448
1042 997 1084781450
29 1072 1084781541
277 1023 1084781565
573 687 1084781664
392 400 1084781665
277 1023 1084781704
513 990 1084781725
590 194 1084781829
590 835 1084781879
73 652 1084781888
277 615 1084781914
73 605 1084781917
1056 1032 1084782022
652 73 1084782050
1042 574 1084782074
1056 308 1084782079
277 1023 1084782085
1071 598 1084782121
560 194 1084782173
542 598 1084782221
542 504 1084782286
1042 449 1084782354
814 603 1084782360
697 250 1084782383
19 583 1084782394
697 1034 1084782412
835 590 1084782455
277 1023 1084782466
277 615 1084782480
19 583 1084782515
19 583 1084782577
603 814 1084782615
640 1072 1084782694
277 615 1084782742
277 1023 1084782860
277 615 1084782904
1113 598 1084782928
277 615 1084783128
277 1023 1084783212
277 1023 1084783253
277 615 1084783267
53 250 1084783588
792 903 1084783621
498 495 1084783676
697 1023 1084783727
495 1049 1084783753
1023 1117 1084783757
1101 513 1084783759
944 598 1084783803
1023 697 1084783806
1023 1117 1084783818
1101 194 1084783843
697 1023 1084783891
422 386 1084783972
944 194 1084783999
697 549 1084784006
1023 697 1084784032
103 652 1084784165
1023 697 1084784205
542 549 1084784208
542 549 1084784280
1049 495 1084784310
549 697 1084784341
495 884 1084784382
1117 1023 1084784408
549 542 1084784416
787 720 1084784422
542 495 1084784430
523 440 1084784451
475 640 1084784490
697 1023 1084784504
495 181 1084784560
495 498 1084784599
1023 697 1084784615
495 1049 1084784721
687 640 1084784736
1049 502 1084784758
502 1049 1084784792
1049 495 1084784799
1023 1117 1084784801
368 549 1084784803
1049 502 1084784823
495 542 1084784838
502 1049 1084784858
549 368 1084784907
1049 502 1084784907
884 495 1084784935
502 1049 1084784944
1023 1117 1084784950
498 495 1084784995
697 1023 1084785034
502 468 1084785089
762 402 1084785101
377 415 1084785276
542 495 1084785287
42 474 1084785371
549 830 1084785383
1041 41 1084785487
42 1031 1084785810
41 1043 1084785839
41 599 1084785861
41 1041 1084785881
1101 513 1084785912
640 687 1084785971
475 841 1084786001
640 475 1084786128
1060 590 1084786161
42 483 1084786208
1060 567 1084786219
377 1060 1084786236
42 1091 1084786293
1060 422 1084786374
1060 199 1084786401
377 306 1084786414
542 598 1084786535
368 549 1084786612
377 371 1084786636
542 598 1084786643
176 871 1084786650
851 1014 1084786690
377 48 1084786715
1034 697 1084786748
681 1072 1084786774
687 640 1084786817
697 1034 1084786884
851 162 1084786894
998 475 1084786991
1034 697 1084787205
549 368 1084787250
252 1026 1084787257
1101 475 1084787263
1034 1118 1084787315
640 687 1084787357
1118 1034 1084787366
542 1069 1084787412
1034 1118 1084787443
1034 697 1084787465
1101 475 1084787491
1118 1034 1084787502
1034 1118 1084787593
697 1034 1084787619
377 343 1084787635
1118 1034 1084787746
422 1060 1084787886
1034 1118 1084787953
1118 1034 1084787999
841 792 1084788067
841 475 1084788104
1034 1118 1084788123
475 841 1084788143
1118 1034 1084788150
475 841 1084788167
841 475 1084788214
1034 1118 1084788253
475 841 1084788278
1118 1034 1084788319
1034 1118 1084788416
1118 1034 1084788531
1034 1118 1084788633
1118 1034 1084788678
1034 1118 1084788725
1118 1034 1084788840
640 1062 1084788865
1118 640 1084788874
640 1118 1084788948
1034 1118 1084788950
1118 1034 1084789032
1118 640 1084789040
640 1118 1084789097
1034 1118 1084789129
640 1118 1084789190
1118 640 1084789208
1118 1034 1084789227
640 1118 1084789243
1118 640 1084789293
1034 1118 1084789300
640 1118 1084789393
72 1039 1084789402
1118 640 1084789559
1004 783 1084789689
783 1004 1084790134
599 41 1084791720
679 903 1084792264
841 903 1084792452
841 103 1084792513
214 1117 1084800704
617 681 1084801282
483 42 1084805582
