810 175 1091980314
1169 547 1091986717
997 1127 1091991343
997 1425 1091991442
431 429 1091993213
1231 1750 1091993874
652 105 1091996365
1127 997 1091997808
1127 319 1091998026
36 44 1092000222
1472 144 1092011598
495 585 1092011728
1215 194 1092014430
1731 9 1092015270
620 1487 1092016552
249 503 1092017791
443 32 1092018930
67 1781 1092023501
175 810 1092023611
1585 468 1092024632
27 398 1092025512
1487 620 1092025552
27 652 1092025656
27 271 1092025825
398 27 1092026356
1344 1786 1092026937
1647 494 1092028867
1786 1344 1092030007
1786 474 1092030031
429 494 1092032436
429 191 1092032459
429 431 1092032488
503 249 1092034242
1644 140 1092034631
1644 271 1092035190
1644 12 1092035286
431 429 1092035848
9 1731 1092036073
9 1313 1092036090
1675 32 1092043802
847 1675 1092050192
