1136 249 1089300102
394 1190 1089305457
394 1190 1089305656
1190 394 1089305996
727 713 1089306176
1190 394 1089306427
1190 394 1089306864
495 1406 1089306979
394 1190 1089307006
1312 12 1089307076
394 1190 1089307122
1178 242 1089307124
27 1285 1089307664
626 95 1089309815
1741 783 1089312066
1342 1713 1089312403
1741 798 1089312437
1741 815 1089312570
211 44 1089312598
1741 1049 1089313402
1546 1339 1089313779
1713 1313 1089314547
1488 518 1089315292
1488 32 1089315343
1190 394 1089316170
1339 1546 1089317381
1540 48 1089317411
1313 1713 1089318490
768 1280 1089318976
346 1346 1089319238
1346 346 1089319331
346 1346 1089319540
398 447 1089319594
1346 346 1089320076
143 201 1089320309
12 1312 1089320970
822 727 1089321014
12 67 1089321024
155 525 1089321070
346 1346 1089322040
1346 346 1089322510
346 1346 1089322590
346 1346 1089322678
1346 518 1089322834
1346 346 1089322928
1240 809 1089323078
518 1488 1089324178
1280 768 1089326003
1231 984 1089327590
1231 984 1089327661
1312 12 1089328281
32 1488 1089329663
1713 36 1089329730
201 143 1089330230
85 1434 1089331365
249 85 1089332132
699 959 1089332419
224 175 1089333624
36 1713 1089334007
809 1240 1089334836
1713 1493 1089336604
1493 1713 1089336643
176 1493 1089336682
1713 1493 1089336684
557 843 1089336692
1713 536 1089336765
1713 1342 1089336805
1493 176 1089336810
1493 1713 1089336827
1713 1313 1089336838
176 1493 1089336901
1493 176 1089336963
176 1493 1089337005
1713 36 1089337066
1493 176 1089337193
176 1493 1089337332
1493 176 1089337415
176 1493 1089337507
1713 1742 1089337518
1493 176 1089337536
176 1493 1089337565
924 768 1089337610
924 768 1089337659
1493 176 1089337704
176 1493 1089337743
1493 176 1089337827
176 1493 1089337878
1493 176 1089337970
176 1493 1089338005
1493 176 1089338189
176 1493 1089338375
547 1616 1089339357
1346 367 1089339537
1181 620 1089340291
547 143 1089341397
1713 1742 1089343812
1713 1313 1089343884
172 1647 1089344086
1713 1743 1089345098
1540 1744 1089347486
1406 495 1089348201
711 547 1089349470
1644 557 1089349916
249 1238 1089350626
674 1742 1089350791
1744 1540 1089350807
851 312 1089351212
249 1644 1089352104
595 191 1089354226
595 1526 1089354336
12 1312 1089355252
1540 1744 1089355267
1540 1744 1089355307
843 557 1089355760
176 1745 1089355834
1744 1540 1089355998
1540 1744 1089356386
1713 1493 1089356860
1493 1474 1089356920
1493 1713 1089356937
1493 1113 1089356957
1713 1493 1089357027
1493 1713 1089357081
1713 1493 1089357195
1493 1713 1089357255
557 843 1089357409
557 843 1089357515
1113 1493 1089358557
843 557 1089360721
1009 27 1089361058
1746 1021 1089361742
341 1395 1089362122
708 281 1089362328
674 1346 1089364220
191 429 1089364305
191 595 1089364502
1240 809 1089368108
727 822 1089368416
1029 1713 1089373314
783 1741 1089379200
1644 249 1089384896
