1756 1312 1090940276
27 12 1090948483
27 1285 1090948547
1624 48 1090949457
1624 105 1090949501
1686 27 1090949713
27 1686 1090949915
1686 27 1090950045
27 1686 1090950175
1312 1756 1090950412
1312 12 1090950420
105 1624 1090951422
67 394 1090952040
67 394 1090952051
105 1027 1090952081
105 1518 1090952224
1644 105 1090952646
1644 1756 1090952822
1686 1644 1090952843
105 1644 1090952875
1644 1686 1090952891
1686 1644 1090952936
1644 105 1090952958
1644 1686 1090952976
1686 1644 1090953031
105 1644 1090953051
1644 1686 1090953134
1644 105 1090953225
105 1644 1090953303
1644 1758 1090953390
105 474 1090953424
1644 105 1090953484
105 1655 1090953518
105 1644 1090953595
105 1641 1090953705
1644 105 1090953920
105 1644 1090953998
105 1118 1090954138
105 44 1090954222
105 474 1090954284
1644 105 1090954375
105 1485 1090954419
105 1644 1090954457
105 9 1090954698
1644 105 1090955002
1281 1762 1090955026
44 105 1090955044
1281 1771 1090956304
1676 233 1090957535
105 44 1090958005
105 1644 1090958036
95 1452 1090958267
1756 1644 1090958810
12 1312 1090959383
12 27 1090959408
1669 44 1090963472
27 12 1090964598
429 191 1090966738
191 429 1090967154
1713 1195 1090967725
1624 105 1090967886
308 1762 1090969894
1771 1281 1090970173
1118 9 1090970777
1118 1678 1090970789
1118 105 1090970828
1285 1313 1090971417
1285 1190 1090971541
1467 309 1090972101
277 271 1090972831
9 1118 1090973594
9 8 1090973614
1118 9 1090974168
474 105 1090974708
1281 1771 1090977856
1644 105 1090978418
1644 1756 1090978462
12 27 1090979256
1312 1313 1090980171
97 9 1090980236
749 1647 1090980255
673 1253 1090980620
1762 308 1090980679
1762 245 1090980737
673 1253 1090981364
1565 27 1090982080
8 9 1090984763
1713 617 1090985459
105 1624 1090985507
105 1118 1090985534
105 474 1090986017
105 1644 1090986037
617 1713 1090986495
1713 617 1090987080
175 810 1090987454
1118 105 1090988220
1395 1772 1090990481
1667 105 1090991251
1772 1395 1090991309
1667 1118 1090991557
32 9 1090991572
1713 1585 1090993127
67 1042 1090993151
1713 525 1090994056
32 9 1090994072
32 9 1090994132
32 12 1090994162
525 1713 1090994167
1313 1312 1090994487
1253 673 1090995395
809 1713 1090995510
809 642 1090995549
1647 749 1090995636
1667 942 1090995886
474 105 1090996082
67 256 1090996712
67 474 1090996768
1686 256 1090996786
1624 105 1090996934
1034 1313 1090997325
1731 9 1090997431
1731 42 1090997442
474 67 1090997564
1624 48 1090998010
984 1208 1090998644
1059 713 1090998678
67 1344 1091000723
429 191 1091000946
810 175 1091001516
1313 1034 1091001538
67 1675 1091001750
674 1253 1091002710
1713 1493 1091004263
191 429 1091004485
44 1669 1091005922
189 144 1091007998
1773 679 1091008458
1545 809 1091010460
1344 67 1091016478
