312 132 1092503615
105 1543 1092507861
105 398 1092507893
318 1543 1092510804
318 1285 1092510871
1285 318 1092512997
398 105 1092513239
1724 105 1092514637
1724 431 1092514651
431 1724 1092518852
620 1792 1092519478
193 101 1092523343
1436 494 1092529653
1436 1756 1092529677
847 818 1092532203
818 847 1092532462
398 1136 1092537235
443 1543 1092538545
847 818 1092539506
818 847 1092540778
898 1562 1092544158
1756 1436 1092546826
1756 105 1092549661
32 818 1092551088
1485 1756 1092553209
1436 1756 1092554920
1562 898 1092555868
874 1543 1092557402
1542 818 1092560773
852 1543 1092561367
105 1756 1092564688
105 1724 1092564715
105 398 1092564788
809 912 1092569766
