1543 1831 1094658074
1789 456 1094669297
1789 681 1094669323
1789 36 1094669415
847 1132 1094671553
1644 398 1094676923
1132 456 1094679006
1132 847 1094679035
697 642 1094680390
67 1831 1094684979
67 1403 1094685134
1403 357 1094685377
1403 67 1094685442
67 1403 1094685616
642 697 1094687254
1403 67 1094687270
1079 27 1094687486
398 1644 1094689321
398 1644 1094689357
1644 398 1094689719
398 1644 1094690479
1752 1831 1094691199
1097 456 1094694164
1781 398 1094695789
1624 1781 1094695932
605 1698 1094696986
1624 520 1094697137
1676 183 1094700178
1676 183 1094700549
36 1789 1094701278
983 1079 1094702744
983 985 1094703006
1783 1231 1094705712
1783 1831 1094705754
1406 260 1094706889
1831 1783 1094707183
697 642 1094707599
1231 1783 1094708308
1248 131 1094708324
1783 1831 1094708373
1783 1231 1094708388
1789 36 1094709628
1789 32 1094709761
1789 44 1094709877
847 1132 1094712534
398 1781 1094712970
642 697 1094714124
32 1789 1094715682
67 32 1094716074
51 1436 1094721303
1517 710 1094722060
1 312 1094737957
1 132 1094738014
1675 67 1094740323
1756 1675 1094741188
