473 620 1084119778
194 283 1084125971
638 51 1084126757
903 933 1084127799
903 679 1084127837
830 454 1084128263
830 924 1084128491
857 72 1084128503
184 928 1084128678
32 375 1084128782
32 375 1084128818
174 679 1084128853
928 184 1084128886
41 901 1084128932
484 770 1084128992
32 940 1084129009
809 573 1084129352
599 41 1084129357
599 41 1084129844
765 568 1084129962
599 41 1084130072
621 774 1084130824
393 263 1084130844
621 774 1084130847
621 686 1084130946
626 738 1084130988
944 393 1084130996
462 675 1084131055
949 27 1084131470
913 814 1084131539
913 797 1084131572
913 51 1084131602
72 857 1084131603
913 41 1084131615
913 242 1084131653
913 884 1084131747
915 901 1084131840
474 679 1084131842
830 913 1084131912
913 830 1084131956
199 445 1084132026
462 913 1084132033
474 847 1084132041
400 396 1084132071
913 462 1084132111
708 834 1084132114
915 928 1084132161
462 913 1084132323
915 393 1084132365
949 199 1084132377
913 462 1084132529
400 823 1084132597
462 913 1084132701
400 517 1084132819
679 903 1084132898
727 638 1084133050
679 474 1084133121
679 404 1084133252
400 819 1084133303
915 654 1084133319
400 639 1084133488
27 949 1084133613
27 184 1084133637
770 484 1084133975
913 462 1084134048
770 173 1084134120
915 437 1084134433
915 886 1084134484
400 676 1084134509
296 194 1084134521
224 873 1084134556
296 445 1084134602
915 862 1084134619
400 673 1084134675
620 473 1084134748
913 950 1084134769
915 841 1084134779
913 638 1084134827
913 548 1084134923
400 700 1084134960
638 913 1084134967
638 913 1084134994
781 233 1084135160
915 823 1084135173
474 679 1084135216
734 617 1084135267
915 901 1084135268
283 194 1084135406
254 408 1084136265
254 874 1084136316
254 308 1084136329
462 913 1084136410
951 474 1084136643
928 915 1084137016
768 801 1084138056
437 625 1084138586
474 951 1084138628
915 928 1084139031
599 68 1084139119
68 173 1084139141
68 599 1084139171
599 68 1084139307
68 599 1084139472
70 400 1084139477
679 949 1084139523
599 68 1084139581
68 599 1084139756
599 68 1084139888
68 599 1084139943
36 834 1084139973
36 940 1084140015
242 913 1084140029
599 68 1084140088
586 308 1084140101
68 599 1084140132
68 375 1084140259
599 68 1084140301
586 538 1084140371
308 586 1084140389
68 599 1084140396
599 68 1084140621
68 599 1084140758
884 913 1084140846
942 72 1084140884
599 68 1084140886
68 599 1084140998
599 68 1084141167
189 712 1084141173
36 189 1084141226
68 599 1084141342
599 68 1084141425
68 599 1084141448
830 549 1084141459
355 194 1084141712
599 68 1084141728
68 599 1084141852
355 296 1084141896
355 316 1084141924
942 454 1084141976
189 579 1084142114
599 68 1084142204
189 868 1084142231
68 599 1084142308
103 853 1084142355
283 853 1084142371
189 862 1084142408
189 735 1084142433
189 735 1084142437
189 735 1084142443
676 400 1084142493
103 52 1084142513
103 599 1084142572
599 68 1084142630
599 103 1084142645
189 682 1084142650
189 802 1084142868
68 599 1084142885
103 599 1084142947
103 831 1084142970
830 952 1084143036
599 68 1084143202
953 265 1084143208
220 103 1084143211
599 103 1084143225
68 599 1084143273
953 85 1084143324
103 599 1084143359
953 954 1084143366
950 913 1084143492
599 103 1084143517
950 260 1084143528
599 68 1084143607
103 599 1084143675
68 599 1084143682
654 915 1084143779
183 289 1084143805
128 715 1084143857
952 830 1084143880
183 769 1084143883
599 68 1084144019
599 103 1084144030
103 599 1084144385
654 620 1084144410
498 194 1084144848
654 632 1084144935
68 599 1084145116
338 454 1084145137
950 429 1084145268
103 306 1084145280
590 835 1084145305
950 517 1084145324
632 654 1084145347
950 588 1084145370
599 68 1084145425
103 886 1084145451
725 928 1084145475
654 632 1084145532
68 599 1084145596
473 620 1084145661
632 654 1084145686
498 389 1084145822
949 679 1084145872
599 68 1084145904
654 632 1084145913
103 598 1084146004
103 929 1084146034
509 513 1084146105
509 272 1084146130
212 439 1084146152
632 654 1084146198
942 42 1084146221
42 339 1084146233
738 626 1084146251
42 573 1084146294
68 599 1084146295
212 765 1084146335
42 445 1084146356
573 42 1084146387
42 922 1084146391
586 308 1084146415
42 41 1084146483
586 952 1084146575
599 68 1084146584
68 599 1084146616
42 72 1084146639
72 42 1084146830
42 194 1084146915
599 68 1084146932
42 738 1084146973
68 599 1084147059
42 632 1084147127
42 955 1084147181
42 291 1084147205
168 400 1084147231
103 841 1084147241
168 834 1084147262
42 353 1084147300
103 799 1084147312
42 767 1084147413
42 263 1084147464
289 183 1084147479
289 835 1084147518
42 600 1084147570
841 915 1084147585
212 678 1084147588
835 289 1084147694
263 42 1084147695
42 263 1084147793
599 68 1084147854
263 42 1084147924
42 952 1084147938
68 599 1084147966
42 132 1084147997
481 769 1084148010
103 63 1084148039
42 302 1084148060
498 686 1084148106
103 917 1084148135
498 823 1084148136
302 42 1084148150
481 768 1084148153
768 393 1084148377
768 481 1084148398
777 317 1084148398
777 59 1084148521
704 901 1084148603
103 525 1084148661
599 68 1084148664
263 393 1084148731
103 525 1084148794
68 599 1084148949
404 679 1084148969
103 525 1084149015
853 283 1084149015
393 263 1084149029
103 525 1084149041
103 525 1084149077
853 103 1084149090
103 525 1084149100
103 525 1084149156
103 525 1084149184
289 835 1084149216
599 68 1084149227
393 263 1084149269
41 42 1084149302
68 599 1084149357
41 913 1084149382
103 525 1084149389
103 525 1084149422
103 525 1084149466
103 525 1084149518
103 853 1084149589
103 525 1084149654
103 525 1084149696
183 289 1084149734
183 956 1084149780
599 68 1084149784
103 525 1084149838
103 525 1084149884
103 525 1084149940
68 599 1084149980
103 525 1084150038
103 525 1084150116
103 525 1084150197
777 840 1084150199
103 525 1084150272
103 525 1084150323
859 325 1084150425
103 525 1084150449
599 68 1084150464
19 525 1084150486
19 525 1084150521
859 400 1084150525
308 586 1084150560
859 189 1084150596
68 599 1084150602
19 654 1084150695
400 70 1084150796
777 429 1084150810
400 676 1084150844
400 168 1084150875
525 103 1084150894
19 957 1084150921
733 502 1084150954
599 68 1084150955
733 626 1084150990
777 721 1084151055
19 525 1084151058
103 525 1084151075
68 599 1084151080
19 859 1084151104
400 859 1084151106
103 525 1084151108
19 525 1084151129
19 525 1084151171
19 525 1084151239
859 400 1084151272
97 934 1084151301
97 847 1084151322
400 859 1084151335
19 859 1084151372
19 525 1084151411
19 525 1084151425
199 949 1084151432
67 917 1084151502
733 859 1084151566
19 924 1084151601
733 835 1084151670
599 68 1084151782
19 598 1084151963
103 957 1084152010
777 513 1084152074
19 711 1084152126
626 738 1084152425
626 733 1084152431
68 599 1084152862
103 345 1084152952
199 212 1084152962
952 42 1084153022
928 915 1084153160
933 903 1084153186
52 103 1084153276
103 52 1084153352
599 68 1084153486
189 859 1084153488
454 830 1084153541
551 859 1084153608
454 338 1084153684
189 859 1084153710
830 454 1084153717
277 254 1084153722
952 586 1084154062
297 283 1084154109
454 830 1084154136
242 454 1084154248
770 454 1084154535
770 788 1084154639
958 959 1084154816
958 959 1084154826
67 282 1084154843
958 704 1084154891
644 378 1084154933
687 473 1084155274
687 473 1084155295
884 928 1084155327
621 830 1084155360
687 836 1084155390
884 556 1084155488
830 621 1084155502
621 768 1084155507
830 454 1084155593
770 768 1084155613
924 686 1084155631
770 960 1084155665
770 599 1084155734
103 931 1084155809
704 958 1084155841
928 884 1084155865
768 770 1084156034
884 928 1084156103
513 777 1084156131
770 768 1084156159
928 884 1084156439
277 770 1084156520
884 928 1084156641
517 400 1084156776
517 950 1084156806
34 768 1084156852
517 950 1084156887
928 884 1084157109
454 770 1084157205
454 830 1084157218
599 770 1084157252
19 654 1084157309
884 928 1084157367
770 454 1084157390
770 599 1084157409
19 924 1084157441
950 454 1084157443
599 770 1084157455
950 454 1084157522
454 950 1084157555
950 454 1084157605
770 599 1084157607
454 950 1084157694
950 454 1084157778
781 721 1084157863
940 32 1084157951
923 721 1084157970
830 454 1084157994
454 950 1084158067
454 830 1084158110
950 454 1084158142
928 884 1084158145
454 950 1084158172
859 400 1084158290
32 940 1084158296
950 454 1084158307
859 733 1084158322
884 928 1084158365
626 681 1084158366
19 859 1084158381
859 551 1084158389
42 952 1084158389
376 687 1084158414
625 437 1084158421
454 950 1084158463
42 794 1084158471
19 859 1084158493
19 859 1084158515
626 915 1084158542
19 711 1084158821
950 454 1084158827
36 940 1084158872
454 950 1084158935
950 454 1084158974
19 711 1084158989
36 189 1084158999
454 950 1084159019
599 770 1084159028
928 884 1084159029
770 599 1084159116
704 140 1084159118
19 859 1084159257
19 711 1084159295
725 928 1084159364
425 765 1084159401
884 928 1084159576
928 334 1084159671
679 949 1084159878
859 626 1084159922
498 874 1084159951
765 425 1084160016
194 498 1084160020
194 355 1084160073
194 283 1084160147
599 770 1084160181
194 621 1084160234
599 289 1084160274
194 42 1084160289
928 884 1084160294
194 296 1084160323
19 654 1084160364
770 599 1084160372
289 599 1084160396
334 928 1084160405
928 334 1084160468
19 859 1084160475
334 928 1084160529
194 928 1084160558
194 97 1084160617
928 334 1084160743
334 928 1084160790
949 199 1084160831
626 859 1084160846
884 928 1084160877
599 770 1084160882
334 194 1084160890
928 334 1084160892
599 289 1084160904
88 952 1084160944
334 928 1084160952
334 928 1084160956
770 599 1084160957
289 599 1084160981
949 679 1084161013
928 194 1084161016
42 961 1084161031
19 654 1084161138
928 334 1084161147
460 934 1084161198
194 334 1084161198
725 928 1084161217
334 928 1084161244
194 928 1084161270
334 194 1084161305
801 768 1084161319
721 777 1084161328
721 923 1084161348
194 334 1084161379
334 194 1084161396
599 289 1084161424
599 770 1084161453
289 599 1084161507
770 599 1084161525
928 334 1084161551
334 928 1084161588
599 289 1084161664
67 460 1084161665
19 654 1084161671
599 770 1084161695
67 721 1084161734
721 781 1084161745
770 599 1084161796
498 194 1084161857
67 721 1084161879
289 599 1084161898
770 194 1084162005
679 949 1084162080
928 334 1084162081
687 950 1084162174
194 498 1084162194
67 679 1084162220
934 460 1084162229
194 770 1084162253
934 460 1084162257
928 194 1084162274
67 928 1084162282
194 498 1084162304
67 536 1084162352
679 949 1084162397
770 194 1084162442
67 679 1084162464
498 194 1084162468
277 194 1084162474
194 770 1084162518
194 498 1084162557
599 770 1084162571
42 801 1084162586
928 67 1084162604
67 679 1084162614
42 176 1084162637
194 498 1084162648
638 939 1084162662
638 520 1084162686
770 194 1084162691
67 928 1084162697
770 599 1084162728
42 928 1084162736
63 103 1084162825
962 616 1084162834
176 42 1084162835
962 616 1084162854
63 242 1084162883
482 901 1084162888
242 297 1084162889
63 963 1084162925
492 835 1084162926
928 42 1084162948
498 194 1084162982
242 63 1084162991
63 242 1084163137
814 928 1084163179
103 63 1084163223
194 498 1084163226
942 72 1084163237
830 454 1084163288
296 355 1084163292
942 454 1084163323
296 194 1084163333
277 194 1084163388
67 679 1084163398
242 63 1084163417
599 770 1084163424
63 103 1084163428
297 242 1084163458
63 242 1084163465
103 63 1084163484
63 103 1084163508
770 599 1084163535
950 687 1084163561
928 814 1084163579
498 194 1084163581
103 63 1084163641
63 103 1084163683
928 884 1084163684
132 42 1084163697
725 928 1084163705
277 770 1084163740
277 884 1084163755
103 63 1084163786
277 830 1084163805
949 679 1084163845
103 63 1084163847
277 271 1084163860
63 103 1084163888
63 103 1084163899
679 949 1084163925
72 942 1084163937
242 63 1084163949
63 242 1084163970
67 679 1084164005
242 297 1084164009
277 770 1084164026
242 63 1084164037
402 400 1084164041
277 830 1084164076
63 242 1084164100
276 924 1084164138
297 242 1084164184
277 770 1084164207
599 770 1084164219
242 297 1084164236
770 599 1084164244
63 949 1084164320
242 63 1084164342
63 242 1084164375
851 679 1084164379
297 242 1084164401
67 212 1084164404
277 770 1084164414
375 32 1084164448
67 679 1084164456
851 787 1084164465
63 193 1084164473
454 830 1084164529
924 768 1084164533
242 297 1084164541
193 63 1084164596
375 68 1084164603
949 679 1084164618
242 63 1084164628
851 679 1084164663
193 63 1084164664
63 242 1084164667
949 63 1084164668
103 938 1084164700
297 242 1084164709
193 63 1084164718
63 949 1084164725
277 770 1084164742
679 949 1084164760
103 402 1084164764
242 297 1084164791
193 63 1084164816
242 63 1084164830
193 63 1084164843
940 598 1084164854
830 454 1084164866
569 949 1084164879
297 242 1084164885
193 302 1084164948
454 830 1084164949
242 297 1084164965
193 63 1084164988
940 536 1084165011
949 63 1084165032
638 964 1084165034
277 830 1084165038
263 132 1084165062
536 940 1084165070
297 242 1084165102
277 770 1084165164
940 536 1084165213
942 454 1084165242
569 949 1084165302
423 675 1084165302
725 928 1084165328
402 103 1084165332
536 940 1084165341
942 646 1084165374
242 297 1084165394
277 770 1084165421
940 536 1084165449
103 402 1084165460
297 242 1084165484
964 638 1084165511
242 297 1084165528
103 617 1084165556
942 454 1084165572
277 770 1084165580
638 964 1084165607
617 73 1084165614
536 940 1084165643
940 536 1084165674
297 242 1084165679
454 942 1084165692
926 941 1084165696
942 454 1084165740
926 557 1084165763
928 94 1084165789
617 734 1084165798
454 942 1084165800
242 297 1084165801
679 949 1084165805
303 840 1084165820
940 454 1084165879
940 454 1084165902
926 325 1084165924
638 964 1084165945
277 770 1084165959
940 708 1084166005
454 940 1084166021
94 928 1084166024
536 940 1084166025
708 940 1084166048
297 242 1084166052
924 68 1084166065
242 256 1084166077
924 68 1084166080
940 454 1084166147
242 297 1084166149
940 536 1084166163
940 708 1084166181
277 770 1084166196
840 303 1084166235
454 940 1084166248
536 940 1084166331
297 242 1084166398
498 840 1084166468
942 454 1084166500
256 498 1084166537
687 950 1084166541
242 297 1084166592
777 721 1084166598
928 725 1084166659
19 654 1084166714
498 256 1084166729
454 942 1084166749
97 194 1084166754
19 924 1084166869
132 263 1084166920
277 770 1084166920
725 928 1084166992
103 840 1084167044
297 242 1084167051
103 256 1084167088
583 557 1084167227
242 297 1084167245
297 242 1084167363
53 250 1084167485
239 950 1084167567
263 132 1084167578
19 711 1084167600
940 536 1084167604
239 950 1084167618
728 617 1084167631
950 687 1084167638
378 644 1084167641
725 840 1084167701
303 840 1084167741
734 617 1084167747
950 840 1084167832
239 950 1084167836
884 928 1084167837
536 940 1084167860
728 607 1084167882
498 495 1084168009
840 725 1084168043
840 950 1084168056
950 840 1084168099
800 765 1084168181
132 263 1084168246
263 132 1084168387
19 654 1084168395
840 536 1084168489
809 573 1084168552
940 536 1084168562
402 103 1084168616
19 654 1084168647
809 830 1084168654
520 964 1084168824
334 840 1084168845
840 334 1084168902
725 840 1084168948
770 840 1084168986
809 884 1084168986
953 27 1084169009
770 256 1084169026
953 588 1084169044
840 725 1084169052
953 840 1084169071
619 194 1084169123
853 103 1084169140
619 389 1084169141
928 965 1084169145
619 784 1084169172
619 194 1084169183
840 352 1084169199
194 619 1084169218
809 884 1084169235
928 884 1084169239
619 194 1084169245
928 725 1084169250
770 277 1084169256
965 928 1084169306
619 194 1084169309
913 462 1084169315
826 913 1084169322
619 194 1084169328
913 242 1084169338
194 619 1084169369
334 840 1084169380
913 884 1084169383
940 52 1084169390
619 194 1084169405
277 770 1084169433
913 950 1084169443
913 41 1084169472
725 840 1084169477
708 940 1084169487
194 619 1084169494
940 151 1084169503
928 965 1084169557
573 840 1084169590
950 913 1084169591
498 393 1084169605
940 274 1084169634
884 913 1084169650
770 277 1084169677
966 697 1084169680
725 928 1084169680
809 884 1084169691
913 950 1084169702
619 194 1084169708
840 573 1084169711
809 573 1084169747
654 346 1084169777
913 884 1084169783
586 952 1084169809
697 966 1084169812
940 798 1084169834
950 913 1084169835
809 777 1084169846
194 619 1084169850
654 346 1084169870
884 928 1084169874
913 950 1084169892
94 965 1084169900
913 830 1084169909
949 913 1084169918
27 953 1084169933
94 320 1084169938
586 654 1084169949
940 61 1084169980
884 913 1084170013
19 711 1084170013
239 950 1084170037
586 538 1084170048
950 913 1084170050
586 840 1084170099
940 713 1084170117
619 194 1084170127
619 194 1084170171
966 697 1084170202
840 586 1084170279
697 966 1084170280
940 708 1084170283
940 913 1084170350
635 597 1084170402
966 697 1084170448
913 949 1084170600
297 337 1084170622
871 840 1084170630
654 586 1084170645
913 884 1084170668
638 520 1084170670
686 131 1084170678
913 950 1084170690
686 770 1084170695
913 940 1084170710
654 586 1084170713
928 573 1084170717
686 621 1084170750
640 784 1084170767
686 924 1084170794
830 913 1084170799
573 928 1084170828
573 928 1084170840
913 830 1084170849
41 913 1084170855
830 277 1084170865
913 41 1084170881
949 913 1084170883
913 949 1084170900
830 454 1084170906
770 277 1084170907
830 913 1084170911
498 194 1084170917
830 840 1084170970
640 638 1084170983
840 263 1084170991
884 913 1084171029
263 840 1084171034
635 719 1084171116
621 686 1084171116
41 913 1084171127
638 640 1084171201
928 573 1084171254
928 573 1084171263
294 831 1084171286
539 840 1084171309
52 103 1084171390
52 940 1084171408
724 840 1084171409
928 884 1084171414
573 928 1084171424
19 410 1084171480
719 635 1084171519
371 191 1084171548
590 840 1084171575
19 806 1084171594
928 573 1084171634
884 928 1084171649
19 527 1084171705
950 913 1084171858
697 966 1084171888
393 498 1084171990
239 950 1084172053
498 393 1084172090
393 498 1084172177
697 341 1084172187
681 388 1084172217
388 681 1084172424
681 388 1084172523
239 950 1084172523
965 94 1084172532
498 393 1084172551
950 239 1084172581
393 498 1084172648
63 242 1084172659
777 297 1084172675
63 193 1084172698
63 949 1084172742
103 967 1084172748
809 771 1084172820
193 63 1084172869
809 884 1084172911
239 950 1084172924
396 378 1084172924
372 396 1084172971
840 724 1084173013
840 539 1084173027
840 590 1084173046
561 308 1084173050
968 78 1084173061
32 957 1084173063
254 277 1084173093
809 830 1084173105
561 103 1084173165
277 254 1084173185
561 727 1084173188
297 777 1084173311
770 44 1084173341
679 72 1084173353
68 375 1084173361
516 194 1084173377
74 379 1084173404
68 599 1084173408
967 103 1084173415
68 924 1084173434
346 345 1084173446
74 840 1084173480
72 679 1084173495
194 516 1084173504
103 967 1084173535
454 830 1084173539
68 840 1084173544
561 103 1084173581
53 953 1084173613
781 721 1084173642
809 830 1084173678
795 913 1084173695
704 605 1084173697
654 346 1084173722
966 697 1084173751
212 199 1084173859
679 72 1084173864
561 956 1084173864
801 42 1084173872
704 617 1084173913
830 454 1084173938
928 884 1084174089
928 725 1084174132
199 212 1084174157
396 372 1084174162
389 242 1084174174
834 708 1084174217
389 830 1084174265
32 654 1084174266
725 928 1084174280
389 619 1084174291
809 830 1084174299
41 928 1084174303
176 928 1084174307
389 41 1084174329
654 32 1084174363
389 498 1084174368
654 32 1084174388
68 952 1084174434
830 389 1084174542
498 389 1084174557
498 393 1084174627
928 41 1084174631
928 176 1084174641
389 830 1084174660
967 279 1084174696
967 279 1084174701
967 279 1084174704
389 498 1084174708
823 309 1084174710
967 279 1084174711
176 928 1084174734
142 244 1084174835
720 787 1084174854
928 725 1084174871
925 826 1084174881
36 189 1084174934
928 176 1084174959
830 389 1084174981
19 525 1084175033
823 498 1084175047
199 569 1084175069
679 306 1084175089
809 830 1084175100
498 389 1084175111
32 654 1084175121
176 928 1084175127
36 940 1084175161
594 765 1084175192
594 882 1084175207
73 617 1084175221
823 915 1084175255
679 341 1084175268
586 840 1084175297
683 67 1084175329
41 389 1084175335
498 823 1084175336
41 928 1084175350
447 400 1084175382
586 654 1084175420
834 168 1084175439
586 654 1084175460
569 199 1084175464
212 741 1084175467
61 940 1084175468
823 400 1084175500
325 859 1084175512
599 68 1084175546
364 509 1084175554
809 884 1084175565
725 928 1084175609
809 830 1084175611
364 532 1084175619
68 599 1084175622
36 834 1084175632
283 853 1084175639
823 498 1084175651
586 815 1084175682
283 297 1084175683
801 313 1084175692
835 492 1084175726
151 940 1084175775
586 969 1084175789
283 194 1084175799
498 823 1084175801
599 68 1084175826
36 940 1084175833
27 970 1084175874
809 830 1084175893
36 834 1084175967
777 297 1084175968
840 74 1084175974
36 19 1084175998
840 586 1084175999
950 815 1084176003
823 498 1084176018
297 283 1084176032
492 835 1084176032
758 741 1084176040
950 341 1084176047
492 835 1084176049
725 952 1084176061
725 952 1084176071
181 967 1084176073
297 777 1084176083
492 835 1084176094
36 19 1084176140
212 199 1084176146
809 830 1084176166
652 27 1084176167
777 297 1084176192
809 482 1084176218
297 777 1084176252
777 840 1084176265
586 840 1084176267
950 823 1084176269
940 151 1084176318
181 454 1084176320
777 297 1084176330
283 277 1084176353
835 492 1084176363
277 283 1084176401
283 277 1084176405
492 835 1084176411
277 283 1084176435
809 830 1084176456
212 303 1084176464
492 835 1084176469
782 536 1084176497
36 940 1084176514
823 950 1084176560
809 482 1084176603
871 783 1084176652
277 41 1084176683
199 569 1084176684
297 777 1084176710
341 950 1084176714
199 212 1084176728
950 823 1084176745
950 341 1084176772
823 950 1084176787
204 181 1084176807
341 950 1084176810
495 498 1084176816
814 913 1084176817
27 652 1084176839
204 498 1084176850
777 297 1084176877
277 823 1084176899
871 277 1084176902
871 495 1084176910
652 27 1084176917
950 823 1084176971
871 277 1084176984
950 341 1084176995
840 777 1084177013
809 830 1084177026
27 652 1084177030
725 697 1084177040
777 277 1084177073
652 27 1084177099
823 277 1084177100
277 777 1084177107
823 950 1084177116
871 277 1084177121
928 41 1084177121
782 483 1084177123
9 142 1084177146
277 823 1084177152
9 142 1084177158
928 176 1084177175
9 626 1084177185
950 823 1084177187
72 679 1084177225
9 788 1084177229
823 277 1084177229
871 277 1084177233
777 277 1084177244
27 652 1084177246
9 177 1084177248
400 517 1084177253
940 36 1084177260
9 859 1084177271
823 950 1084177275
277 823 1084177287
277 777 1084177304
9 683 1084177306
652 27 1084177309
498 495 1084177311
176 928 1084177344
498 823 1084177368
400 859 1084177372
27 652 1084177372
871 277 1084177377
809 482 1084177378
777 277 1084177412
396 679 1084177414
173 194 1084177421
815 364 1084177422
325 952 1084177423
823 277 1084177432
652 27 1084177442
400 402 1084177449
277 871 1084177454
176 815 1084177463
950 823 1084177464
809 830 1084177466
823 498 1084177470
277 777 1084177476
277 823 1084177518
871 277 1084177540
823 950 1084177545
777 277 1084177555
400 447 1084177556
679 72 1084177559
48 274 1084177570
679 396 1084177584
601 103 1084177590
72 679 1084177599
396 400 1084177604
277 777 1084177608
27 652 1084177618
679 72 1084177630
277 871 1084177631
871 969 1084177632
823 277 1084177653
679 851 1084177654
601 400 1084177656
283 277 1084177666
498 823 1084177677
815 176 1084177680
9 601 1084177708
176 815 1084177721
871 277 1084177724
884 928 1084177744
277 823 1084177745
777 277 1084177755
971 972 1084177764
68 173 1084177794
277 871 1084177795
652 27 1084177810
871 466 1084177814
297 777 1084177816
277 283 1084177823
950 823 1084177826
601 851 1084177827
325 713 1084177830
711 341 1084177834
871 277 1084177840
41 277 1084177845
396 679 1084177855
277 777 1084177858
557 926 1084177868
277 41 1084177870
823 498 1084177878
277 871 1084177879
283 277 1084177905
679 396 1084177911
815 176 1084177912
569 199 1084177915
41 815 1084177921
823 277 1084177926
277 283 1084177940
41 283 1084177941
783 871 1084177949
777 277 1084177950
341 711 1084177962
823 950 1084177971
41 277 1084177978
277 823 1084177983
277 41 1084177997
823 277 1084178011
871 783 1084178014
27 652 1084178024
448 973 1084178028
711 341 1084178051
176 815 1084178052
277 777 1084178071
871 831 1084178086
448 297 1084178088
973 448 1084178109
498 823 1084178115
972 971 1084178124
448 971 1084178130
652 27 1084178142
794 42 1084178156
950 823 1084178158
448 973 1084178169
809 884 1084178176
199 569 1084178196
928 283 1084178216
396 679 1084178217
971 448 1084178225
815 176 1084178230
831 871 1084178234
652 831 1084178240
364 815 1084178248
448 371 1084178255
831 652 1084178263
72 679 1084178271
971 974 1084178277
402 400 1084178278
364 815 1084178285
971 974 1084178289
969 719 1084178290
448 52 1084178303
341 711 1084178304
815 283 1084178308
652 831 1084178328
400 823 1084178339
782 721 1084178347
815 364 1084178349
41 815 1084178353
714 713 1084178354
823 498 1084178357
974 971 1084178360
448 626 1084178384
974 971 1084178385
823 950 1084178398
973 448 1084178404
569 199 1084178410
777 176 1084178423
199 971 1084178439
498 274 1084178450
498 823 1084178479
204 498 1084178483
448 69 1084178489
144 805 1084178491
652 194 1084178494
971 974 1084178495
950 823 1084178503
199 569 1084178504
203 194 1084178519
204 176 1084178525
823 498 1084178529
971 974 1084178531
974 971 1084178538
199 952 1084178541
831 652 1084178545
974 971 1084178551
823 950 1084178557
27 652 1084178575
971 199 1084178577
194 652 1084178612
652 831 1084178624
498 823 1084178639
969 961 1084178646
199 971 1084178656
143 201 1084178657
448 454 1084178663
971 974 1084178665
950 823 1084178667
448 59 1084178689
974 971 1084178691
41 943 1084178699
400 396 1084178699
652 194 1084178706
103 601 1084178709
199 949 1084178725
823 498 1084178728
297 448 1084178730
74 44 1084178758
652 27 1084178758
783 871 1084178784
831 652 1084178801
498 823 1084178802
823 193 1084178804
204 498 1084178809
203 866 1084178821
448 831 1084178837
871 783 1084178844
823 498 1084178852
942 871 1084178866
306 679 1084178870
711 341 1084178872
823 950 1084178889
652 831 1084178918
871 942 1084178919
557 583 1084178924
194 652 1084178941
950 823 1084178952
783 871 1084178956
143 201 1084178958
144 142 1084178961
448 969 1084178975
871 783 1084178986
768 801 1084178994
498 823 1084179001
41 151 1084179006
823 950 1084179009
831 448 1084179010
144 189 1084179016
341 711 1084179022
852 851 1084179040
27 652 1084179041
151 41 1084179061
201 143 1084179062
823 498 1084179069
448 712 1084179069
41 969 1084179070
783 871 1084179071
569 199 1084179075
41 151 1084179081
950 823 1084179092
193 823 1084179099
448 967 1084179108
498 823 1084179115
396 400 1084179129
652 194 1084179158
711 341 1084179164
652 322 1084179183
151 971 1084179186
942 871 1084179193
448 194 1084179194
341 840 1084179196
823 950 1084179204
176 815 1084179239
144 121 1084179239
448 561 1084179246
652 27 1084179251
809 884 1084179273
823 193 1084179278
400 601 1084179287
204 498 1084179294
454 181 1084179309
341 711 1084179311
176 777 1084179312
561 448 1084179336
194 448 1084179351
823 498 1084179360
194 448 1084179369
341 157 1084179385
341 157 1084179389
341 157 1084179394
950 823 1084179417
448 569 1084179444
454 448 1084179448
679 396 1084179466
768 355 1084179468
561 448 1084179477
652 389 1084179486
711 341 1084179505
652 389 1084179509
823 950 1084179516
679 72 1084179517
199 569 1084179519
193 823 1084179545
448 299 1084179559
400 396 1084179568
392 475 1084179583
871 437 1084179594
809 884 1084179601
714 297 1084179607
871 942 1084179608
396 679 1084179613
809 448 1084179614
448 587 1084179619
400 974 1084179624
400 973 1084179637
871 783 1084179639
341 460 1084179657
475 392 1084179672
498 823 1084179676
67 475 1084179676
448 601 1084179712
400 402 1084179720
569 448 1084179754
204 498 1084179758
652 149 1084179764
973 400 1084179779
67 475 1084179843
448 971 1084179879
72 679 1084179891
199 975 1084179914
950 823 1084179916
448 973 1084179916
41 59 1084179929
969 557 1084179945
448 297 1084179955
448 831 1084179983
853 976 1084179984
770 36 1084179991
777 176 1084180014
67 475 1084180017
831 448 1084180025
144 41 1084180033
783 871 1084180058
341 711 1084180099
204 498 1084180108
67 475 1084180113
973 448 1084180121
770 61 1084180124
72 967 1084180124
400 973 1084180147
9 652 1084180168
9 601 1084180184
67 475 1084180198
561 448 1084180214
204 777 1084180252
283 277 1084180256
679 72 1084180299
809 884 1084180312
277 283 1084180317
561 557 1084180317
283 928 1084180325
679 396 1084180326
283 815 1084180338
711 341 1084180348
448 454 1084180354
283 277 1084180380
297 714 1084180383
283 41 1084180391
977 346 1084180402
337 297 1084180412
297 448 1084180435
950 823 1084180446
181 454 1084180448
396 679 1084180464
337 966 1084180473
557 969 1084180480
297 337 1084180511
711 341 1084180512
679 396 1084180521
181 495 1084180556
823 193 1084180559
204 498 1084180566
448 569 1084180575
189 36 1084180576
277 283 1084180579
586 978 1084180585
823 498 1084180605
9 652 1084180607
294 831 1084180612
561 448 1084180624
72 679 1084180630
189 144 1084180632
356 711 1084180638
204 181 1084180645
448 831 1084180655
823 950 1084180670
711 356 1084180681
823 950 1084180685
809 448 1084180714
41 978 1084180726
194 448 1084180730
204 777 1084180744
296 194 1084180756
973 400 1084180762
809 884 1084180762
561 448 1084180779
978 979 1084180787
561 448 1084180828
557 561 1084180842
308 561 1084180884
181 204 1084180886
356 711 1084180886
950 823 1084180933
711 356 1084180938
969 557 1084180945
67 978 1084180965
498 204 1084180966
204 181 1084180967
41 283 1084180971
396 679 1084181031
176 978 1084181063
396 679 1084181070
561 557 1084181070
212 439 1084181073
974 978 1084181075
679 396 1084181081
498 823 1084181118
448 244 1084181147
561 308 1084181164
831 448 1084181180
356 711 1084181181
561 448 1084181201
679 396 1084181202
448 254 1084181208
809 448 1084181233
204 498 1084181238
323 68 1084181255
980 831 1084181264
561 448 1084181268
396 679 1084181278
448 831 1084181279
323 638 1084181289
979 978 1084181291
557 969 1084181328
915 823 1084181328
194 296 1084181330
777 176 1084181345
193 823 1084181366
831 980 1084181378
68 323 1084181396
296 194 1084181398
448 809 1084181403
204 303 1084181435
969 557 1084181449
823 950 1084181454
831 448 1084181458
498 204 1084181470
396 679 1084181473
679 396 1084181494
561 448 1084181495
980 831 1084181507
679 396 1084181532
204 498 1084181552
194 296 1084181558
448 831 1084181559
823 498 1084181565
831 980 1084181568
557 561 1084181581
858 199 1084181593
448 561 1084181600
337 297 1084181605
9 652 1084181608
495 498 1084181632
950 823 1084181636
448 831 1084181651
495 181 1084181666
121 144 1084181683
831 448 1084181684
831 448 1084181700
711 356 1084181704
708 940 1084184527
708 834 1084184559
199 858 1084184579
104 97 1084184628
297 337 1084184638
104 638 1084184698
539 840 1084184744
969 557 1084184774
124 713 1084184776
68 323 1084184780
124 617 1084184815
95 712 1084184817
831 981 1084184835
95 708 1084184919
704 978 1084184925
704 971 1084184979
189 36 1084185020
95 63 1084185028
969 549 1084185030
124 712 1084185067
549 969 1084185068
686 621 1084185073
835 492 1084185076
199 978 1084185105
68 969 1084185118
704 943 1084185118
95 713 1084185139
189 144 1084185154
498 823 1084185180
95 938 1084185190
498 204 1084185205
969 549 1084185206
686 924 1084185236
969 68 1084185252
629 713 1084185264
644 378 1084185270
498 495 1084185281
683 9 1084185282
686 498 1084185293
460 934 1084185301
95 345 1084185318
498 686 1084185329
68 969 1084185351
346 654 1084185364
346 977 1084185372
686 498 1084185392
686 621 1084185476
95 712 1084185524
498 194 1084185560
498 686 1084185625
917 103 1084185647
199 355 1084185728
199 355 1084185765
199 460 1084185888
569 448 1084185910
392 475 1084185927
41 815 1084185929
447 400 1084185982
569 199 1084185991
308 561 1084186079
662 625 1084186084
176 815 1084186165
823 193 1084186180
823 950 1084186247
546 831 1084186270
199 569 1084186284
687 97 1084186341
546 823 1084186351
283 41 1084186357
823 498 1084186367
95 638 1084186369
823 546 1084186384
103 969 1084186385
569 199 1084186401
823 915 1084186424
686 498 1084186444
498 686 1084186479
103 795 1084186498
546 823 1084186500
686 498 1084186519
199 569 1084186529
969 103 1084186539
961 42 1084186543
644 977 1084186552
969 961 1084186579
103 969 1084186595
823 546 1084186605
498 686 1084186643
103 708 1084186673
569 199 1084186689
546 460 1084186692
103 975 1084186707
498 823 1084186725
546 823 1084186744
103 587 1084186767
498 823 1084186820
625 662 1084186830
644 943 1084186835
176 975 1084186915
686 498 1084186943
498 881 1084186975
72 683 1084186998
475 392 1084187019
823 498 1084187185
199 569 1084187195
823 546 1084187225
823 498 1084187247
199 498 1084187282
569 199 1084187343
943 644 1084187375
686 498 1084187388
605 704 1084187436
605 272 1084187458
498 686 1084187459
847 140 1084187460
