9 1317 1085583893
9 1196 1085583926
1113 128 1085584250
1113 323 1085584266
1113 933 1085584307
713 325 1085584333
1113 495 1085584617
342 1417 1085585843
342 783 1085585902
342 843 1085585974
342 1216 1085586037
1272 1244 1085586074
26 1176 1085586416
254 1216 1085586575
605 277 1085586745
281 317 1085586984
830 389 1085587287
679 1281 1085587334
67 1417 1085587373
163 474 1085587481
1403 859 1085587555
1403 1280 1085587572
509 616 1085587819
830 389 1085587864
1373 859 1085587962
1236 1043 1085588520
1236 615 1085588543
1236 176 1085588560
1236 392 1085588587
1236 1287 1085588602
725 1280 1085588704
1373 1306 1085588927
594 1289 1085589003
576 1033 1085589154
615 1026 1085589479
409 1283 1085589482
1374 699 1085589507
699 1374 1085589577
699 1374 1085589600
1374 699 1085589607
1234 1339 1085589629
225 638 1085589635
792 1036 1085589689
189 36 1085589717
225 1281 1085589729
699 1374 1085589732
189 712 1085589744
249 964 1085589818
3 555 1085589825
711 1356 1085590131
1373 697 1085590282
1328 391 1085590582
1373 753 1085590760
859 1403 1085590869
1373 707 1085590922
859 413 1085590926
1373 859 1085590991
1402 372 1085591061
1403 859 1085591063
1373 1191 1085591063
1402 1083 1085591106
1402 1023 1085591118
1373 859 1085591128
1402 325 1085591151
1402 1283 1085591156
919 874 1085591161
1402 865 1085591163
859 1403 1085591247
810 1402 1085591260
431 859 1085591484
114 770 1085591621
1262 598 1085591630
114 770 1085591795
1403 859 1085591809
810 1402 1085591891
770 1402 1085592004
859 1403 1085592011
1113 323 1085592061
1189 1407 1085592114
1189 1402 1085592221
1189 1291 1085592381
950 495 1085592405
1189 835 1085592453
1236 615 1085592523
431 859 1085592545
871 1384 1085592837
871 1384 1085592960
871 1384 1085593002
809 1262 1085593614
1044 1402 1085593651
1127 1083 1085594037
1127 454 1085594115
1127 1274 1085594189
278 308 1085594481
560 1072 1085594702
712 189 1085594784
712 640 1085594843
1153 1103 1085595115
1339 1234 1085595128
1280 725 1085595556
1018 413 1085595820
1358 352 1085595833
1274 1281 1085596063
1018 711 1085596083
621 105 1085596093
389 609 1085596523
952 439 1085596570
389 830 1085596643
389 830 1085596707
598 1379 1085596718
919 50 1085597038
337 474 1085597171
339 1000 1085597291
1000 339 1085597314
1402 1189 1085597716
708 105 1085598035
843 1268 1085598400
50 919 1085598404
1387 1313 1085598572
431 859 1085598624
101 176 1085598750
634 341 1085598832
105 621 1085599167
105 708 1085599185
101 198 1085599210
821 752 1085599337
42 1418 1085599560
1179 596 1085599585
1044 1402 1085599918
683 479 1085600062
1393 332 1085600157
1044 1402 1085600460
423 1402 1085600495
483 398 1085600546
9 1317 1085600596
184 1026 1085600598
483 821 1085600602
9 1402 1085600709
908 560 1085600719
908 1354 1085600728
431 617 1085600801
1359 1335 1085600833
114 770 1085600855
594 1289 1085600902
339 1402 1085600961
9 1265 1085600967
189 712 1085601012
42 1402 1085601104
1402 339 1085601169
1402 42 1085601192
189 712 1085601258
1018 708 1085601272
1402 687 1085601388
1018 1402 1085601402
1402 1018 1085601496
1272 1402 1085601628
1018 1402 1085601644
317 605 1085601758
189 1291 1085601795
495 498 1085601936
714 1376 1085601942
317 538 1085601945
495 1381 1085601952
495 498 1085601967
495 498 1085601980
317 1171 1085602024
1402 1272 1085602066
189 1261 1085602070
181 766 1085602083
1402 1018 1085602104
495 1113 1085602131
1272 1402 1085602202
181 495 1085602350
495 950 1085602456
1367 1138 1085602490
339 475 1085602689
479 683 1085602726
495 181 1085602743
339 598 1085602755
339 495 1085602829
569 372 1085602919
176 101 1085602942
950 495 1085603049
398 354 1085603079
398 483 1085603119
1295 1117 1085603214
9 1402 1085603265
9 1196 1085603365
1281 683 1085603752
181 495 1085603770
840 315 1085604115
124 598 1085604118
1127 296 1085604153
1138 1367 1085604286
124 1402 1085604289
598 124 1085604462
124 598 1085604595
498 495 1085604634
353 42 1085604732
252 1402 1085604744
386 422 1085604766
124 97 1085604915
146 26 1085604966
415 1208 1085605016
146 26 1085605064
146 26 1085605082
146 26 1085605100
212 590 1085605172
1176 26 1085605321
415 997 1085605349
598 124 1085605382
26 1176 1085605386
498 495 1085605389
598 1262 1085605422
425 1103 1085605467
598 582 1085605557
598 546 1085605630
316 714 1085605669
598 1033 1085605684
928 542 1085605702
598 1379 1085605717
711 1018 1085605723
598 644 1085605771
1260 725 1085605791
124 598 1085605796
1402 124 1085605816
838 626 1085605874
439 952 1085605927
26 386 1085605938
481 1402 1085605981
598 124 1085606048
67 1417 1085606089
1286 1359 1085606139
1 1271 1085606166
473 1189 1085606189
1286 1342 1085606212
1286 1343 1085606239
609 389 1085606365
97 124 1085606409
36 189 1085606463
1033 1281 1085606653
32 799 1085606666
1171 317 1085606685
1033 639 1085606908
124 598 1085606965
810 1402 1085606984
124 97 1085607016
1189 1402 1085607062
124 1402 1085607077
1189 473 1085607078
1033 1381 1085607102
1033 576 1085607157
576 1033 1085607268
1176 26 1085607302
1033 598 1085607317
431 595 1085607320
1292 555 1085607324
1393 1364 1085607340
1292 325 1085607361
586 1402 1085607406
1393 704 1085607414
1033 576 1085607455
97 124 1085607502
474 163 1085607559
546 598 1085607613
749 1118 1085607624
576 1033 1085607662
431 595 1085607799
431 859 1085607813
352 503 1085607964
1393 1365 1085608027
1260 1006 1085608161
1033 1377 1085608191
1032 1056 1085608203
557 128 1085608278
1262 598 1085608658
146 309 1085608800
189 36 1085608838
307 189 1085608955
105 474 1085609057
1262 644 1085609088
277 605 1085609185
146 739 1085609189
758 741 1085609249
172 840 1085609264
105 474 1085609330
679 1174 1085609361
679 474 1085609384
679 474 1085609395
32 840 1085609419
679 1281 1085609419
679 1310 1085609461
114 770 1085609487
679 474 1085609523
105 474 1085609578
679 474 1085609670
704 958 1085609710
1187 1060 1085609733
105 474 1085609743
596 1179 1085609761
1358 352 1085609791
679 474 1085609909
871 1358 1085609939
1113 495 1085609941
105 474 1085609961
1402 124 1085609967
1402 586 1085609989
1066 1072 1085610105
810 1402 1085610109
1274 1358 1085610140
352 1358 1085610184
701 233 1085610223
1103 425 1085610256
679 474 1085610370
810 1402 1085610434
105 474 1085610520
799 32 1085610544
679 398 1085610572
792 1036 1085610574
36 189 1085610631
792 1036 1085610650
679 474 1085610801
105 474 1085610877
1183 42 1085611038
835 261 1085611056
105 711 1085611068
835 1189 1085611074
105 474 1085611108
835 1063 1085611149
679 474 1085611157
1189 835 1085611171
835 1189 1085611224
32 799 1085611239
1383 1283 1085611285
32 1183 1085611285
1419 356 1085611315
1383 26 1085611374
105 474 1085611403
1420 356 1085611410
105 474 1085611417
1183 32 1085611458
1420 468 1085611468
32 1183 1085611528
1236 339 1085611529
26 1383 1085611534
1420 191 1085611552
1236 615 1085611564
679 474 1085611569
1236 1287 1085611588
1377 1033 1085611644
1183 32 1085611656
1291 189 1085611659
105 474 1085611663
105 474 1085611674
679 398 1085611815
679 474 1085611823
1383 26 1085611864
1236 308 1085611872
105 474 1085611989
679 474 1085611990
105 474 1085612001
1118 749 1085612012
679 398 1085612039
679 398 1085612070
659 254 1085612072
679 398 1085612177
1153 1103 1085612182
474 1339 1085612201
398 679 1085612231
1236 969 1085612241
474 679 1085612268
105 711 1085612373
679 398 1085612386
105 474 1085612395
679 474 1085612399
398 679 1085612481
679 398 1085612512
105 711 1085612522
809 1262 1085612562
810 1420 1085612570
3 32 1085612606
356 1419 1085612625
474 679 1085612683
105 711 1085612696
398 679 1085612700
679 474 1085612755
105 474 1085612776
679 398 1085612788
952 439 1085612797
1189 835 1085612801
356 1420 1085612841
398 679 1085612842
131 1379 1085612848
1402 810 1085612865
679 398 1085612873
131 1284 1085612883
105 711 1085612904
1281 1033 1085612922
683 824 1085612930
1281 679 1085612951
398 679 1085612964
474 679 1085612993
683 479 1085612995
679 1281 1085613003
679 474 1085613013
105 711 1085613053
679 398 1085613074
1281 679 1085613083
1236 969 1085613085
840 172 1085613090
342 1302 1085613132
679 1281 1085613144
1365 834 1085613151
1281 683 1085613176
479 683 1085613204
105 474 1085613223
474 679 1085613224
840 352 1085613225
398 679 1085613240
1281 679 1085613242
105 711 1085613244
1383 1283 1085613248
1365 1393 1085613255
679 474 1085613257
679 1281 1085613278
679 398 1085613327
1281 679 1085613342
679 1281 1085613381
474 679 1085613387
1281 1374 1085613453
105 474 1085613458
824 683 1085613472
706 128 1085613500
189 36 1085613527
1189 1217 1085613529
1281 679 1085613534
1189 1217 1085613539
706 740 1085613545
398 679 1085613551
356 840 1085613624
9 1402 1085613626
1234 1339 1085613644
254 659 1085613651
626 838 1085613662
679 474 1085613687
679 1281 1085613711
474 679 1085613719
398 479 1085613724
679 398 1085613774
479 398 1085613781
679 474 1085613782
1281 679 1085613803
105 474 1085613824
679 1281 1085613872
398 679 1085613882
42 353 1085613900
474 679 1085613976
32 1183 1085614009
1281 679 1085614012
42 474 1085614075
679 398 1085614126
474 42 1085614142
679 474 1085614146
679 1281 1085614161
105 474 1085614169
1281 679 1085614238
474 679 1085614252
175 1421 1085614294
679 1281 1085614298
679 474 1085614315
474 679 1085614390
686 1168 1085614403
105 474 1085614420
679 474 1085614436
538 317 1085614510
1281 679 1085614514
538 546 1085614523
679 1281 1085614559
474 679 1085614617
254 1402 1085614623
679 474 1085614668
1026 184 1085614671
1281 679 1085614688
1358 352 1085614688
1358 1274 1085614701
1026 615 1085614711
32 523 1085614714
474 679 1085614733
105 474 1085614751
353 42 1085614762
3 415 1085614789
1281 1377 1085614791
640 712 1085614867
679 1281 1085614870
679 474 1085614887
495 950 1085614939
538 317 1085614969
1403 859 1085614981
352 840 1085614990
1168 686 1085615006
679 398 1085615027
538 42 1085615067
398 679 1085615067
474 679 1085615081
679 398 1085615116
495 181 1085615214
398 679 1085615215
710 1382 1085615242
353 1365 1085615256
679 398 1085615260
495 498 1085615284
495 498 1085615294
523 32 1085615310
1365 353 1085615332
398 679 1085615355
913 462 1085615382
523 791 1085615386
1365 1412 1085615419
495 1113 1085615420
1236 1237 1085615430
913 548 1085615446
913 484 1085615484
679 398 1085615490
913 950 1085615511
114 770 1085615513
398 679 1085615547
874 919 1085615580
913 41 1085615592
1236 1237 1085615606
32 523 1085615634
1236 1237 1085615644
1339 1234 1085615692
1190 393 1085615727
1367 1138 1085615801
1190 615 1085615856
1402 254 1085615879
1236 1237 1085615906
1367 495 1085615941
495 1367 1085616000
1290 1402 1085616009
1236 1237 1085616059
954 103 1085616073
1236 1237 1085616130
1236 912 1085616163
498 495 1085616318
498 495 1085616338
1231 704 1085616354
1089 1365 1085616374
1236 1026 1085616402
1236 1374 1085616462
1367 495 1085616473
1021 970 1085616785
1038 576 1085616879
1373 1306 1085616928
1281 317 1085616955
1113 323 1085616992
1038 594 1085616996
1281 1374 1085617038
1281 679 1085617086
1113 495 1085617108
1422 1021 1085617146
652 394 1085617299
741 758 1085617300
652 394 1085617304
652 394 1085617306
652 394 1085617308
652 394 1085617310
1281 1006 1085617340
1235 1402 1085617355
1072 1066 1085617385
1281 1291 1085617387
770 1021 1085617387
1364 1393 1085617392
1235 1393 1085617482
261 835 1085617530
1032 783 1085617568
1281 62 1085617589
12 711 1085617641
124 97 1085617646
124 1402 1085617677
1310 679 1085617691
12 711 1085617736
12 1281 1085617755
1113 783 1085617842
1236 1006 1085618027
823 615 1085618057
823 498 1085618080
12 711 1085618101
799 32 1085618125
12 1118 1085618128
12 1118 1085618190
32 799 1085618201
12 1281 1085618209
12 1118 1085618253
12 834 1085618327
342 239 1085618341
12 1118 1085618347
1328 1421 1085618369
12 1118 1085618394
835 261 1085618466
12 1118 1085618515
942 1118 1085618537
1118 942 1085618589
942 1422 1085618607
12 1118 1085618629
12 175 1085618651
12 1118 1085618691
12 1118 1085618768
1402 1235 1085618820
545 592 1085618823
12 1118 1085618832
498 823 1085618848
1402 124 1085618857
12 1118 1085618887
942 42 1085618894
1044 758 1085618900
1393 1365 1085618915
12 1402 1085618933
12 1402 1085618987
1393 1364 1085619002
12 599 1085619034
1281 1283 1085619042
12 1281 1085619058
12 1402 1085619088
342 1097 1085619149
12 1402 1085619149
12 711 1085619186
124 1402 1085619245
1402 124 1085619266
12 1402 1085619293
1283 835 1085619345
160 639 1085619347
124 1402 1085619406
1234 124 1085619462
32 1211 1085619473
392 1295 1085619505
950 495 1085619593
1117 1295 1085619654
1117 856 1085619688
725 1260 1085619768
124 1234 1085619841
12 1402 1085619898
261 835 1085619910
68 1402 1085619920
1402 68 1085619986
1236 392 1085620000
1113 840 1085620010
1236 481 1085620010
1283 538 1085620045
12 1402 1085620049
1283 738 1085620135
617 103 1085620227
1236 481 1085620271
823 498 1085620285
342 239 1085620299
783 1032 1085620365
783 1113 1085620391
12 1402 1085620423
342 783 1085620451
1113 783 1085620484
1268 823 1085620488
1214 933 1085620517
1236 481 1085620572
12 1402 1085620575
823 1268 1085620619
12 1214 1085620655
1268 823 1085620668
823 1268 1085620761
68 1402 1085620777
468 1420 1085620919
12 1214 1085620937
1260 725 1085621024
594 1038 1085621089
1032 783 1085621180
725 1260 1085621223
642 963 1085621304
1113 823 1085621309
1044 1402 1085621352
783 1032 1085621399
1032 783 1085621439
9 1402 1085621442
783 1032 1085621480
9 1281 1085621498
1032 783 1085621507
1421 1328 1085621536
12 1402 1085621537
1421 175 1085621569
725 353 1085621625
114 770 1085621749
615 1026 1085621757
42 353 1085621788
783 1032 1085621801
878 1417 1085621802
754 903 1085621802
42 538 1085621803
615 823 1085621825
994 799 1085621859
9 1420 1085621866
823 615 1085621866
9 1420 1085621914
1113 823 1085621938
1236 615 1085621944
1328 1421 1085622008
615 823 1085622018
994 596 1085622027
42 1005 1085622038
12 1420 1085622040
1236 615 1085622077
1402 68 1085622113
994 1402 1085622127
12 1402 1085622147
994 993 1085622160
1236 615 1085622205
1402 994 1085622227
596 994 1085622233
576 1393 1085622242
68 1402 1085622264
823 615 1085622274
1066 1072 1085622277
1236 615 1085622293
1402 68 1085622312
1402 642 1085622343
68 1402 1085622346
12 1402 1085622373
615 823 1085622382
1402 68 1085622386
9 1402 1085622392
32 1395 1085622426
68 1402 1085622428
1236 615 1085622455
1113 823 1085622508
483 821 1085622520
1113 128 1085622565
734 605 1085622569
994 639 1085622597
50 823 1085622666
1032 783 1085622695
128 557 1085622732
415 997 1085622748
483 398 1085622813
994 315 1085622827
176 1423 1085622908
68 1402 1085622948
1072 1066 1085622981
1424 575 1085622992
994 1402 1085623001
1424 1167 1085623080
830 389 1085623082
1423 176 1085623129
175 1421 1085623145
1402 68 1085623249
394 652 1085623279
1402 68 1085623284
9 1423 1085623307
1402 994 1085623318
68 1402 1085623324
68 1402 1085623354
176 1423 1085623355
1402 68 1085623357
1402 68 1085623365
1005 42 1085623370
783 1032 1085623383
68 1402 1085623436
146 1 1085623492
128 302 1085623566
840 1113 1085623568
9 1423 1085623587
1423 176 1085623612
1066 1072 1085623618
68 1402 1085623681
176 1423 1085623714
640 1402 1085623716
1423 176 1085623779
176 1423 1085623809
642 1402 1085623810
823 1113 1085623839
1032 783 1085623874
302 128 1085623877
823 615 1085623902
128 738 1085623931
128 1113 1085624124
783 1032 1085624143
398 317 1085624151
146 1 1085624168
1032 783 1085624223
128 32 1085624240
128 236 1085624288
32 128 1085624323
783 1032 1085624366
1032 783 1085624414
823 1369 1085624506
679 1281 1085624764
679 1310 1085624776
1404 740 1085624844
128 32 1085624907
9 1050 1085624957
9 1423 1085625018
1339 822 1085625069
1413 1219 1085625078
1335 1359 1085625114
32 128 1085625216
783 1032 1085625294
919 874 1085625313
1044 1402 1085625313
822 1339 1085625329
856 1117 1085625330
9 1423 1085625358
422 386 1085625396
314 834 1085625451
1032 783 1085625506
1032 783 1085625523
1387 1313 1085625529
1339 822 1085625576
9 1423 1085625678
783 1032 1085625705
1032 783 1085625748
1219 1413 1085625826
1190 615 1085625987
191 1420 1085626024
1387 1313 1085626085
220 88 1085626090
1105 1409 1085626110
783 1032 1085626127
1190 393 1085626202
1032 783 1085626225
309 1421 1085626245
1413 1219 1085626260
569 1335 1085626280
1190 615 1085626373
393 1190 1085626405
1387 1313 1085626412
1032 783 1085626484
398 679 1085626553
783 1032 1085626561
1387 1313 1085626563
1423 176 1085626630
1402 642 1085626633
1376 714 1085626649
731 824 1085626667
733 1376 1085626686
1032 783 1085626731
354 398 1085626750
733 1260 1085626773
733 1376 1085626786
871 1313 1085626834
835 261 1085626858
9 1423 1085626860
783 1032 1085626878
871 1376 1085626886
1032 783 1085626935
176 1423 1085626937
997 415 1085626963
398 354 1085627023
843 285 1085627081
481 838 1085627152
733 1376 1085627177
783 1032 1085627212
679 398 1085627230
733 1302 1085627293
1423 176 1085627315
1425 997 1085627364
176 1423 1085627373
1153 475 1085627390
398 679 1085627421
733 938 1085627425
1302 338 1085627493
733 1302 1085627496
1423 176 1085627511
733 783 1085627540
9 1423 1085627540
176 1423 1085627550
350 626 1085627565
1190 393 1085627568
733 502 1085627579
1032 783 1085627615
1423 176 1085627677
176 1423 1085627751
9 1423 1085627758
1302 29 1085627851
997 1425 1085627870
350 626 1085627884
225 1281 1085627901
783 1032 1085627904
1032 783 1085627931
783 1032 1085627975
1153 475 1085627990
733 783 1085628026
1423 176 1085628027
176 1423 1085628079
1413 997 1085628094
425 1103 1085628103
733 1302 1085628112
307 189 1085628116
425 1402 1085628140
1425 997 1085628184
997 1413 1085628185
997 1425 1085628227
997 1425 1085628243
733 1426 1085628268
9 1423 1085628294
425 697 1085628297
9 1332 1085628312
1423 176 1085628321
733 475 1085628348
997 1413 1085628362
176 1423 1085628381
350 626 1085628412
1236 1413 1085628508
1423 176 1085628512
1402 640 1085628542
9 1423 1085628554
1032 783 1085628554
1402 68 1085628573
1402 425 1085628580
1236 176 1085628591
1402 68 1085628620
176 1423 1085628635
1427 1424 1085628638
1295 392 1085628657
1427 575 1085628657
1281 683 1085628665
68 1402 1085628672
1295 1117 1085628679
783 1032 1085628700
1236 176 1085628726
1032 783 1085628778
1413 997 1085628814
871 68 1085628814
67 1427 1085628830
9 1281 1085628831
1413 997 1085628835
67 1427 1085628839
9 1423 1085628847
1423 1292 1085628873
9 598 1085628937
1236 1413 1085628972
454 1127 1085629008
1236 176 1085629016
9 1423 1085629019
783 1032 1085629025
725 1260 1085629088
1032 783 1085629126
1236 176 1085629147
1260 725 1085629202
733 1302 1085629222
1236 176 1085629238
783 1032 1085629239
1032 783 1085629275
1236 176 1085629333
1402 68 1085629387
12 1281 1085629415
9 1281 1085629422
1236 176 1085629451
12 1118 1085629461
176 81 1085629470
12 1281 1085629481
68 1402 1085629500
725 1260 1085629503
9 1281 1085629518
733 928 1085629520
12 1281 1085629560
783 1032 1085629577
1236 176 1085629585
81 176 1085629622
1032 783 1085629625
176 81 1085629677
1281 1283 1085629712
12 1118 1085629717
733 928 1085629726
1302 176 1085629770
1281 1283 1085629802
1260 725 1085629803
481 1402 1085629804
12 1281 1085629831
1283 1281 1085629835
1302 645 1085629867
9 317 1085629869
1260 1283 1085629910
12 1118 1085629914
176 1302 1085629947
1291 1281 1085629973
81 176 1085630021
9 32 1085630032
118 193 1085630044
1283 1260 1085630046
1032 783 1085630050
9 1401 1085630060
1281 1283 1085630094
12 118 1085630116
1281 1291 1085630116
12 1281 1085630140
1283 1281 1085630163
12 1118 1085630170
302 118 1085630219
1281 1283 1085630225
783 1032 1085630231
1271 63 1085630292
697 425 1085630318
1032 783 1085630338
176 81 1085630349
783 1032 1085630397
12 1281 1085630444
42 1428 1085630458
12 1118 1085630462
1235 52 1085630469
415 997 1085630612
1236 769 1085630614
105 831 1085630642
997 415 1085630739
1308 42 1085630781
12 1281 1085630829
738 128 1085630845
12 1118 1085630874
12 1118 1085630890
42 1308 1085630895
42 135 1085630984
12 1118 1085630999
1308 42 1085631007
42 1308 1085631065
871 68 1085631149
1026 615 1085631153
105 831 1085631203
12 1118 1085631278
1326 1426 1085631293
12 1118 1085631303
342 1302 1085631319
1429 1281 1085631320
12 1118 1085631327
733 128 1085631387
546 532 1085631428
546 542 1085631450
1236 544 1085631466
1326 1268 1085631475
12 1118 1085631524
704 1423 1085631536
645 1302 1085631566
1375 740 1085631570
1326 1268 1085631580
1236 544 1085631611
3 1110 1085631637
733 128 1085631659
835 1283 1085631681
733 544 1085631703
12 1118 1085631706
835 1189 1085631716
3 257 1085631718
12 1118 1085631724
1236 544 1085631745
824 731 1085631794
738 128 1085631795
725 1260 1085631815
1236 544 1085631838
733 544 1085631856
733 128 1085631875
1260 725 1085631939
733 128 1085631956
733 128 1085631966
1236 544 1085631978
1395 32 1085631985
923 544 1085632042
1236 544 1085632052
1395 994 1085632054
824 774 1085632095
706 128 1085632105
544 923 1085632116
733 475 1085632118
733 128 1085632139
12 1118 1085632141
193 118 1085632146
1395 704 1085632189
1236 544 1085632212
799 994 1085632222
733 475 1085632248
1236 544 1085632297
353 645 1085632341
1395 704 1085632353
1004 128 1085632359
1236 544 1085632383
1219 1413 1085632416
733 475 1085632424
605 317 1085632469
1236 544 1085632484
353 725 1085632504
9 598 1085632505
725 1260 1085632508
725 353 1085632584
704 1395 1085632610
1236 544 1085632617
704 1395 1085632641
120 118 1085632648
1260 645 1085632650
63 1271 1085632685
1236 544 1085632722
63 1110 1085632797
645 1260 1085632803
1236 544 1085632818
903 1294 1085632841
1260 725 1085632842
645 353 1085632867
1260 645 1085632897
733 128 1085632905
128 738 1085632924
733 128 1085632927
706 128 1085632971
1373 1283 1085632981
1236 706 1085633035
1373 1295 1085633046
706 1397 1085633054
706 1397 1085633062
1373 1283 1085633063
532 546 1085633064
128 706 1085633070
733 128 1085633113
706 128 1085633159
1373 1295 1085633187
128 706 1085633216
725 1260 1085633232
733 128 1085633233
923 544 1085633245
706 128 1085633278
1295 1373 1085633336
19 1430 1085633385
733 475 1085633429
542 546 1085633494
733 475 1085633497
681 617 1085633519
1373 1295 1085633532
9 598 1085633593
142 1281 1085633643
142 1281 1085633676
733 128 1085633848
706 1241 1085633860
871 68 1085633870
615 823 1085633898
261 835 1085634014
706 1241 1085634030
544 923 1085634058
1142 42 1085634167
725 859 1085634168
1113 840 1085634226
1137 67 1085634237
1117 1295 1085634268
546 437 1085634268
1283 1373 1085634272
42 1142 1085634285
19 1260 1085634305
19 1260 1085634311
19 1260 1085634314
19 1260 1085634318
1373 1283 1085634351
615 1190 1085634361
615 1190 1085634383
19 711 1085634389
1260 19 1085634395
615 1026 1085634397
19 711 1085634398
19 1260 1085634434
1113 128 1085634453
1142 42 1085634463
615 1241 1085634508
1260 19 1085634511
1113 823 1085634514
19 1260 1085634555
19 1260 1085634562
525 19 1085634625
792 131 1085634672
1399 1335 1085634680
1399 1359 1085634746
615 1241 1085634791
1255 1231 1085634822
260 830 1085634868
1241 277 1085634976
366 1349 1085634990
431 1117 1085635023
1215 398 1085635032
615 1241 1085635042
1189 1417 1085635044
1215 398 1085635108
1241 1219 1085635118
1110 63 1085635135
1241 1219 1085635194
249 1376 1085635202
277 1241 1085635216
67 1430 1085635248
249 1430 1085635255
615 1241 1085635265
719 1420 1085635298
1189 835 1085635331
1241 277 1085635337
249 1421 1085635365
704 605 1085635383
615 1241 1085635413
1359 1399 1085635454
1359 1335 1085635464
431 1402 1085635486
719 1036 1085635492
719 1036 1085635528
1091 876 1085635531
753 1373 1085635541
615 1241 1085635546
1326 952 1085635568
249 1260 1085635593
366 346 1085635594
431 1091 1085635608
615 1241 1085635668
605 704 1085635686
483 821 1085635732
342 1431 1085635758
1373 753 1085635796
1312 1091 1085635838
1393 1427 1085635850
734 605 1085635883
1312 1091 1085635907
605 734 1085635926
1359 1399 1085635963
181 495 1085635982
681 617 1085636019
635 1262 1085636045
495 498 1085636056
734 605 1085636061
407 378 1085636091
605 734 1085636103
495 498 1085636111
753 719 1085636143
753 1373 1085636188
1219 1241 1085636197
719 753 1085636206
734 605 1085636209
1219 1241 1085636216
1373 753 1085636246
734 617 1085636273
753 719 1085636278
254 1402 1085636288
753 1373 1085636298
719 753 1085636302
617 734 1085636317
605 734 1085636344
734 617 1085636352
53 1432 1085636357
753 719 1085636371
734 605 1085636377
80 823 1085636393
605 734 1085636394
605 734 1085636414
1036 719 1085636423
734 605 1085636461
719 1036 1085636471
1189 502 1085636485
704 605 1085636510
605 734 1085636523
29 1302 1085636537
617 734 1085636549
605 704 1085636555
615 1181 1085636575
1036 719 1085636583
1281 1429 1085636618
1433 1072 1085636644
128 1113 1085636669
463 105 1085636674
483 821 1085636703
463 1185 1085636712
128 706 1085636713
725 1280 1085636715
830 260 1085636753
463 327 1085636772
704 617 1085636775
704 605 1085636802
870 598 1085636817
1373 753 1085636852
1295 1373 1085636857
463 469 1085636864
605 704 1085636868
1295 1117 1085636870
101 243 1085636874
495 1367 1085636881
101 243 1085636891
753 1373 1085636925
1181 615 1085636950
463 609 1085636956
128 598 1085636980
495 1113 1085637024
1044 1402 1085637027
1373 711 1085637105
792 131 1085637107
770 463 1085637139
819 822 1085637143
1283 1295 1085637201
1283 987 1085637242
1434 27 1085637278
809 257 1085637278
615 1181 1085637282
792 131 1085637351
1339 474 1085637353
711 1373 1085637410
1262 1417 1085637449
792 131 1085637479
792 131 1085637501
1113 128 1085637522
131 792 1085637613
254 1039 1085637616
254 1279 1085637640
342 495 1085637721
1434 1110 1085637724
792 131 1085637793
357 1169 1085637921
249 44 1085637968
357 1402 1085637969
131 792 1085638037
249 1402 1085638078
598 128 1085638108
598 870 1085638128
357 152 1085638186
1434 725 1085638194
598 603 1085638218
1338 642 1085638228
53 1283 1085638228
994 1395 1085638228
249 725 1085638244
249 725 1085638274
835 261 1085638282
1295 1283 1085638306
1434 131 1085638331
1338 479 1085638332
870 598 1085638348
346 366 1085638352
994 799 1085638375
1283 1295 1085638377
835 1189 1085638450
1295 1283 1085638458
1434 725 1085638471
1285 1273 1085638474
1338 1189 1085638485
986 725 1085638488
792 131 1085638492
986 725 1085638498
1338 252 1085638510
1283 1295 1085638519
1338 193 1085638531
986 124 1085638543
598 794 1085638569
1338 479 1085638570
1435 667 1085638610
598 1093 1085638621
986 725 1085638634
1113 495 1085638644
131 792 1085638668
667 1435 1085638669
1434 725 1085638682
1338 479 1085638693
1268 1326 1085638705
431 1117 1085638706
986 725 1085638727
822 1339 1085638730
1093 598 1085638827
128 172 1085638845
1338 642 1085638846
598 488 1085638862
1338 479 1085638867
667 1402 1085638891
128 1004 1085638898
1435 667 1085638900
598 1093 1085638919
128 1113 1085638935
1338 479 1085638936
1434 725 1085638984
1338 642 1085639031
598 645 1085639040
1033 1377 1085639054
261 835 1085639055
605 254 1085639056
431 605 1085639058
1287 1083 1085639079
1285 1021 1085639098
598 1006 1085639100
1268 823 1085639126
1339 822 1085639139
1435 1033 1085639155
1033 1281 1085639165
1113 128 1085639200
1033 1435 1085639211
822 1339 1085639218
1338 9 1085639234
1436 361 1085639241
569 128 1085639243
598 325 1085639287
1434 498 1085639290
341 1132 1085639300
1377 1033 1085639305
172 128 1085639310
1033 1377 1085639355
1365 1393 1085639366
431 605 1085639371
128 172 1085639372
502 1189 1085639398
1434 725 1085639408
1338 479 1085639426
1437 341 1085639462
431 605 1085639466
598 1377 1085639483
1437 341 1085639490
1338 642 1085639506
431 605 1085639551
1339 822 1085639554
1437 341 1085639572
1290 596 1085639573
598 27 1085639595
53 1283 1085639616
598 1403 1085639653
1338 642 1085639655
1434 155 1085639670
792 131 1085639678
1338 642 1085639702
1403 598 1085639707
794 598 1085639726
822 1339 1085639741
598 475 1085639746
598 794 1085639771
598 502 1085639814
1103 425 1085639860
475 598 1085639860
249 783 1085639901
1285 598 1085639904
431 605 1085639906
704 1403 1085639929
1437 341 1085639946
161 679 1085639953
1434 725 1085639967
1338 341 1085640020
799 994 1085640026
243 100 1085640033
1339 822 1085640084
1138 1367 1085640094
431 605 1085640095
1211 254 1085640118
1434 155 1085640120
249 596 1085640128
1211 32 1085640134
1006 598 1085640151
105 463 1085640160
822 1339 1085640162
27 598 1085640165
1365 116 1085640168
1339 822 1085640202
474 1339 1085640220
53 1438 1085640224
431 605 1085640227
431 605 1085640247
1338 341 1085640253
105 1406 1085640274
249 1006 1085640279
822 400 1085640322
1290 596 1085640323
1338 353 1085640323
1438 502 1085640332
1339 474 1085640375
341 1338 1085640380
1338 341 1085640416
1339 822 1085640429
105 1406 1085640431
835 261 1085640439
1138 124 1085640453
1338 341 1085640460
128 32 1085640460
822 1339 1085640500
128 1113 1085640510
1281 1033 1085640514
431 605 1085640516
431 605 1085640577
1354 128 1085640577
105 1406 1085640579
474 1339 1085640598
249 1138 1085640634
502 598 1085640647
128 1354 1085640658
105 1406 1085640663
1339 822 1085640671
502 1438 1085640677
105 1406 1085640686
1339 474 1085640704
822 1339 1085640789
249 1138 1085640795
105 1406 1085640820
1339 822 1085640831
1438 502 1085640861
1138 296 1085640877
822 1339 1085640912
1153 128 1085640914
1292 1423 1085640941
1236 1237 1085640945
1338 341 1085640946
1416 1413 1085640970
1153 128 1085640971
1416 1138 1085640981
502 1438 1085640990
128 502 1085640991
1403 704 1085640991
1338 341 1085640993
1113 128 1085640998
105 367 1085640999
1138 995 1085641012
105 1406 1085641016
1184 644 1085641042
871 68 1085641051
1184 32 1085641060
1339 822 1085641066
1338 353 1085641074
297 283 1085641085
704 1403 1085641086
1354 128 1085641099
1383 1283 1085641103
1184 711 1085641104
1338 341 1085641121
105 1406 1085641127
1403 704 1085641134
1416 1138 1085641173
128 1113 1085641175
128 1354 1085641204
609 463 1085641231
770 463 1085641247
1236 479 1085641263
101 190 1085641270
502 128 1085641274
498 649 1085641285
254 1211 1085641292
1184 1036 1085641300
254 605 1085641301
463 105 1085641301
1402 68 1085641325
1402 667 1085641333
1236 479 1085641334
1402 481 1085641345
1338 341 1085641349
463 609 1085641364
1416 1138 1085641368
1338 341 1085641370
822 1339 1085641374
605 254 1085641381
871 1211 1085641391
1153 128 1085641391
1236 1237 1085641392
105 463 1085641402
1433 753 1085641417
12 599 1085641421
224 605 1085641422
1290 605 1085641422
770 463 1085641425
12 1281 1085641430
128 502 1085641434
176 101 1085641434
1236 479 1085641438
254 605 1085641438
101 190 1085641445
105 1406 1085641451
296 1138 1085641453
1339 822 1085641463
12 366 1085641466
431 605 1085641480
128 1354 1085641481
1138 296 1085641498
605 254 1085641510
9 1338 1085641513
753 1433 1085641521
1113 128 1085641523
822 1339 1085641543
871 463 1085641559
1236 1237 1085641562
254 605 1085641568
1153 128 1085641578
1339 822 1085641586
105 1406 1085641592
296 1138 1085641598
1433 753 1085641602
249 596 1085641624
101 176 1085641626
1338 341 1085641633
1236 296 1085641637
507 1402 1085641639
249 1138 1085641643
753 1433 1085641651
605 254 1085641659
822 1339 1085641662
1325 1340 1085641663
194 271 1085641672
706 1241 1085641674
1338 341 1085641692
161 679 1085641709
1416 1138 1085641716
1138 296 1085641717
712 1398 1085641740
105 1406 1085641744
176 101 1085641757
105 605 1085641769
1339 822 1085641772
1286 1231 1085641780
1153 128 1085641796
1398 712 1085641832
1236 1237 1085641832
706 128 1085641834
105 605 1085641850
1433 753 1085641851
9 366 1085641865
1325 983 1085641869
1416 1138 1085641886
105 1406 1085641891
105 605 1085641906
609 463 1085641911
1184 711 1085641916
1153 128 1085641919
1359 1231 1085641920
1339 296 1085641927
753 1433 1085641930
1236 296 1085641930
1236 706 1085641947
1402 254 1085641956
822 1339 1085641965
9 598 1085641979
1236 914 1085641982
1402 1044 1085641986
1354 128 1085641991
1402 357 1085641992
1338 341 1085641994
1398 712 1085642009
1236 327 1085642012
1402 249 1085642014
296 1339 1085642020
1184 711 1085642025
1236 1237 1085642044
1236 706 1085642064
1033 1281 1085642079
1339 822 1085642081
1069 542 1085642092
1153 128 1085642093
296 194 1085642093
679 161 1085642097
1416 1138 1085642106
1236 296 1085642111
1236 1237 1085642129
1236 706 1085642146
1184 711 1085642150
1339 296 1085642157
105 1406 1085642160
1433 753 1085642163
822 1339 1085642169
1236 296 1085642173
249 1138 1085642174
146 679 1085642204
502 128 1085642207
1236 1237 1085642210
1101 128 1085642221
296 1339 1085642232
1339 822 1085642243
194 296 1085642260
1236 706 1085642266
1338 341 1085642271
753 1433 1085642284
1236 296 1085642284
712 1398 1085642292
874 919 1085642307
1416 1138 1085642312
822 1339 1085642322
1236 1237 1085642337
1393 1365 1085642350
341 1338 1085642365
161 679 1085642370
1236 706 1085642376
249 1138 1085642383
220 19 1085642397
53 1118 1085642416
1211 254 1085642417
194 642 1085642439
1339 296 1085642450
1338 341 1085642453
1231 1286 1085642457
1184 711 1085642458
194 1279 1085642464
1231 1359 1085642474
1113 1306 1085642475
1138 341 1085642486
1339 822 1085642492
1236 1237 1085642495
194 498 1085642506
1236 706 1085642514
1335 1117 1085642521
983 1325 1085642528
1416 502 1085642541
1325 983 1085642568
822 1339 1085642575
681 1338 1085642586
1433 753 1085642597
194 356 1085642617
983 1325 1085642632
1236 706 1085642638
341 1338 1085642639
296 194 1085642639
463 609 1085642648
1335 1403 1085642660
341 1138 1085642666
1236 1237 1085642685
1339 822 1085642692
296 1339 1085642698
1439 1354 1085642699
753 1433 1085642701
194 296 1085642708
53 1138 1085642720
1325 983 1085642726
1416 1138 1085642726
770 463 1085642730
822 1339 1085642737
341 1338 1085642750
983 1325 1085642754
128 502 1085642754
1339 296 1085642760
296 194 1085642766
1339 822 1085642781
1325 983 1085642787
1044 1402 1085642796
1183 1440 1085642806
983 1325 1085642809
1338 341 1085642815
871 1211 1085642817
1183 42 1085642839
1138 341 1085642841
871 463 1085642844
532 536 1085642862
254 1211 1085642866
1433 753 1085642878
1325 983 1085642882
1211 1437 1085642884
254 1402 1085642889
822 1339 1085642890
1339 474 1085642909
1236 1237 1085642914
322 1402 1085642924
1236 1413 1085642931
1339 822 1085642935
983 1325 1085642937
128 1354 1085642955
322 1127 1085642962
194 1362 1085642966
1236 706 1085642979
341 1138 1085642985
706 840 1085642994
1441 983 1085643000
1413 1219 1085643006
1338 341 1085643043
983 1441 1085643051
341 1338 1085643057
1325 983 1085643062
1416 1138 1085643067
128 1113 1085643075
1184 479 1085643076
983 1325 1085643082
334 1442 1085643085
254 1211 1085643089
128 706 1085643095
1184 711 1085643112
249 1138 1085643142
1338 341 1085643143
706 128 1085643145
1441 983 1085643153
1138 341 1085643160
1184 479 1085643165
983 1441 1085643184
67 938 1085643189
733 297 1085643197
53 1138 1085643201
1113 128 1085643214
1416 475 1085643224
1219 1413 1085643241
1184 711 1085643242
1117 1335 1085643265
733 1402 1085643272
1184 479 1085643275
1033 1443 1085643277
128 1113 1085643278
1325 983 1085643284
1211 325 1085643288
318 1127 1085643296
733 1338 1085643311
704 712 1085643314
1219 1413 1085643316
983 1325 1085643328
840 706 1085643337
1138 249 1085643340
733 1338 1085643346
1113 128 1085643355
1184 479 1085643375
609 463 1085643376
770 840 1085643378
53 1138 1085643386
1340 840 1085643387
1241 840 1085643391
733 840 1085643407
1335 1117 1085643408
1153 128 1085643409
1241 840 1085643417
317 538 1085643420
1441 983 1085643422
249 1138 1085643427
706 840 1085643442
733 903 1085643444
317 398 1085643463
479 1184 1085643469
792 1413 1085643482
1021 1285 1085643497
605 317 1085643500
983 1441 1085643507
317 605 1085643509
1117 1335 1085643511
1441 840 1085643514
679 161 1085643519
733 1338 1085643521
53 1138 1085643524
1184 479 1085643527
317 605 1085643527
1138 249 1085643532
325 1211 1085643538
711 1184 1085643559
479 1184 1085643563
41 913 1085643565
1021 1422 1085643570
249 1138 1085643583
605 317 1085643595
53 1138 1085643602
261 835 1085643602
1379 118 1085643603
1153 128 1085643611
605 317 1085643614
1416 1138 1085643638
341 1338 1085643660
840 1340 1085643660
1138 249 1085643664
1441 983 1085643665
1443 1033 1085643673
770 1021 1085643677
249 1138 1085643686
770 840 1085643703
146 679 1085643704
733 840 1085643706
983 1441 1085643706
341 1138 1085643715
840 706 1085643730
53 1138 1085643739
840 1441 1085643745
733 1306 1085643747
1033 1443 1085643767
1184 711 1085643786
1184 479 1085643804
1413 792 1085643805
733 987 1085643831
317 605 1085643833
1338 341 1085643847
1123 1325 1085643854
1340 840 1085643869
1441 983 1085643872
1335 1117 1085643872
128 1113 1085643878
161 679 1085643881
686 1168 1085643884
1443 1033 1085643891
983 1441 1085643892
1138 341 1085643901
605 317 1085643902
679 161 1085643917
1444 1445 1085643923
1153 128 1085643934
1402 254 1085643962
840 1340 1085643969
1402 322 1085643969
770 840 1085643978
1441 840 1085643993
479 1184 1085644006
1325 1123 1085644012
770 1021 1085644017
1413 1219 1085644021
254 1402 1085644024
792 1413 1085644028
1184 479 1085644037
733 1402 1085644046
317 605 1085644049
67 901 1085644055
733 840 1085644056
161 679 1085644061
1441 983 1085644070
1184 479 1085644070
792 1446 1085644079
983 1441 1085644089
711 1184 1085644093
569 249 1085644114
679 161 1085644116
871 1313 1085644124
605 317 1085644129
1184 711 1085644130
1340 840 1085644130
1153 128 1085644136
1113 128 1085644136
1228 306 1085644139
1184 1044 1085644143
1367 495 1085644154
341 1138 1085644174
483 821 1085644196
1184 479 1085644198
1184 479 1085644215
1406 194 1085644218
341 1338 1085644229
1219 1413 1085644234
642 1338 1085644246
1168 686 1085644250
161 679 1085644252
194 1406 1085644255
569 249 1085644270
1185 463 1085644272
1184 479 1085644276
1211 325 1085644281
681 1338 1085644288
1406 194 1085644295
835 261 1085644312
733 297 1085644338
128 1113 1085644344
871 1313 1085644352
1184 317 1085644358
569 249 1085644360
1338 341 1085644366
679 161 1085644367
983 1441 1085644367
1184 479 1085644401
1325 1123 1085644409
639 160 1085644415
741 542 1085644432
1123 1325 1085644440
1338 642 1085644453
1442 334 1085644459
838 481 1085644460
1184 479 1085644469
569 249 1085644472
733 1142 1085644482
741 542 1085644520
194 1406 1085644532
271 713 1085644544
639 740 1085644546
325 1211 1085644555
1211 254 1085644555
1184 479 1085644561
569 128 1085644575
341 1338 1085644584
681 1338 1085644584
1340 454 1085644586
1211 325 1085644596
503 352 1085644597
1406 194 1085644598
161 679 1085644604
681 1338 1085644607
569 249 1085644609
146 679 1085644610
271 194 1085644611
1113 128 1085644613
639 1438 1085644614
1153 128 1085644626
1184 479 1085644634
1406 1313 1085644642
871 1211 1085644646
679 161 1085644655
733 1142 1085644657
294 580 1085644659
1313 1406 1085644686
871 1313 1085644690
261 835 1085644699
1338 341 1085644707
1441 983 1085644712
254 1211 1085644717
642 1338 1085644724
681 1338 1085644734
454 1340 1085644734
334 1442 1085644753
569 249 1085644755
733 1142 1085644769
194 271 1085644803
161 679 1085644809
679 161 1085644828
128 1113 1085644841
1406 1313 1085644844
1340 454 1085644846
569 128 1085644864
980 1255 1085644885
161 679 1085644897
569 249 1085644913
161 679 1085644915
1402 254 1085644918
341 1338 1085644925
980 639 1085644928
254 1402 1085644938
1313 1406 1085644939
1184 1036 1085644941
679 161 1085644946
733 1402 1085644947
1184 254 1085644951
194 479 1085644973
1184 479 1085644974
1153 128 1085645016
1313 1406 1085645018
1441 840 1085645018
1018 281 1085645025
1406 1313 1085645027
1033 1443 1085645039
1113 128 1085645053
161 679 1085645058
204 482 1085645063
1406 1313 1085645075
204 42 1085645079
679 161 1085645087
454 1340 1085645089
733 1402 1085645093
1184 254 1085645098
871 1313 1085645106
1138 341 1085645111
1184 479 1085645136
733 1402 1085645148
1313 1406 1085645156
161 679 1085645157
204 482 1085645165
1286 1342 1085645167
569 249 1085645173
644 1402 1085645185
1286 1342 1085645188
1338 1447 1085645191
1184 644 1085645234
1441 983 1085645254
1338 341 1085645255
1286 1342 1085645267
341 1138 1085645271
1286 1342 1085645277
1184 479 1085645284
288 1440 1085645285
679 161 1085645354
1402 644 1085645361
644 1402 1085645400
733 297 1085645409
711 317 1085645416
1184 479 1085645475
1313 1406 1085645481
161 679 1085645484
681 1338 1085645488
1184 644 1085645493
605 317 1085645545
1340 454 1085645553
1217 1189 1085645555
341 1138 1085645555
569 249 1085645559
63 706 1085645579
733 1142 1085645596
1406 1313 1085645602
1313 1406 1085645605
1184 254 1085645608
733 1142 1085645640
1313 1406 1085645644
792 1413 1085645659
1184 644 1085645662
481 97 1085645667
1406 1313 1085645673
1184 254 1085645685
792 1413 1085645686
1413 1219 1085645688
1313 1406 1085645711
204 482 1085645731
711 644 1085645742
204 794 1085645746
1184 479 1085645748
639 994 1085645767
1406 1313 1085645769
128 1113 1085645789
204 482 1085645794
1313 1406 1085645835
454 1340 1085645835
1184 644 1085645848
871 1313 1085645853
1184 254 1085645877
681 1338 1085645902
1313 507 1085645911
481 838 1085645932
1406 194 1085645937
1036 1325 1085645960
481 376 1085645968
1113 128 1085645974
1184 479 1085645974
681 1338 1085646031
1018 288 1085646071
980 639 1085646088
1184 605 1085646096
783 249 1085646097
1101 128 1085646112
733 297 1085646114
507 1313 1085646134
297 733 1085646142
1306 733 1085646146
1406 1313 1085646165
980 128 1085646176
1184 605 1085646184
871 1313 1085646190
644 995 1085646203
1340 454 1085646208
1325 1036 1085646270
1313 507 1085646273
454 1340 1085646294
605 1184 1085646320
1406 316 1085646320
389 609 1085646331
285 843 1085646333
1313 1406 1085646342
1184 605 1085646365
792 1446 1085646372
1340 454 1085646379
980 194 1085646380
317 711 1085646385
128 749 1085646387
980 128 1085646422
1406 1313 1085646442
792 1446 1085646451
288 1018 1085646460
454 1340 1085646462
1328 952 1085646463
843 285 1085646476
507 1313 1085646480
605 1184 1085646482
128 1113 1085646551
1184 605 1085646555
507 1313 1085646574
749 128 1085646576
871 1313 1085646594
871 1313 1085646606
1406 1313 1085646628
1313 507 1085646644
605 1184 1085646651
1113 128 1085646657
1438 502 1085646668
1036 1325 1085646686
1313 1406 1085646687
296 1083 1085646708
616 509 1085646709
1184 605 1085646711
495 950 1085646715
980 128 1085646724
821 1406 1085646728
639 372 1085646732
1438 639 1085646744
714 316 1085646750
1313 1406 1085646752
372 639 1085646754
792 1446 1085646759
605 317 1085646783
792 1413 1085646784
507 1313 1085646792
495 1113 1085646792
1406 1313 1085646795
980 639 1085646797
871 1313 1085646797
714 204 1085646817
317 605 1085646841
495 1367 1085646862
1406 1313 1085646876
1113 495 1085646876
681 1338 1085646880
1325 1036 1085646886
1433 495 1085646904
605 317 1085646918
980 639 1085646927
1153 128 1085646927
1189 1217 1085646930
1036 1325 1085646937
1184 479 1085646960
194 503 1085646961
749 475 1085646990
1406 616 1085646990
980 128 1085646996
1217 1189 1085647005
317 605 1085647006
1433 1072 1085647017
1325 1036 1085647032
372 843 1085647043
538 317 1085647075
821 1406 1085647104
538 317 1085647110
605 317 1085647124
1189 835 1085647131
1406 1213 1085647141
843 372 1085647146
1338 1189 1085647148
1036 1325 1085647164
605 317 1085647167
1189 1217 1085647173
479 1184 1085647211
1325 1036 1085647260
1184 479 1085647266
792 1413 1085647288
317 538 1085647295
317 605 1085647323
794 495 1085647341
1442 334 1085647343
821 1406 1085647357
1036 1325 1085647358
317 749 1085647371
714 495 1085647405
843 1237 1085647431
639 1438 1085647442
681 1042 1085647446
1338 1189 1085647448
984 1255 1085647453
1184 479 1085647455
1433 1444 1085647459
980 639 1085647467
639 372 1085647483
984 1255 1085647513
639 372 1085647530
605 317 1085647531
980 128 1085647536
317 605 1085647575
345 141 1085647576
681 1338 1085647581
950 495 1085647646
1338 1189 1085647666
479 1184 1085647673
980 639 1085647718
1184 479 1085647720
605 317 1085647752
1153 128 1085647761
479 1184 1085647767
714 639 1085647787
1381 794 1085647793
821 1406 1085647798
792 1413 1085647803
317 605 1085647806
1425 997 1085647837
1184 479 1085647839
477 1 1085647862
1 477 1085647872
878 438 1085647889
1 477 1085647894
1189 502 1085647903
1184 479 1085647903
477 1 1085647910
1237 843 1085647915
1 42 1085647922
317 1184 1085647933
1 477 1085647935
714 438 1085647936
1338 878 1085647942
252 1338 1085647955
477 1271 1085647987
843 1237 1085648001
477 526 1085648005
1184 317 1085648006
479 1184 1085648006
605 317 1085648010
878 639 1085648020
835 1189 1085648028
878 1338 1085648033
477 1 1085648042
317 1184 1085648048
1 477 1085648074
305 306 1085648080
317 605 1085648085
438 714 1085648092
1006 1448 1085648107
305 521 1085648114
438 878 1085648117
714 438 1085648127
392 1295 1085648131
1 477 1085648145
438 714 1085648151
605 317 1085648179
1184 317 1085648210
1153 128 1085648226
794 1381 1085648240
317 605 1085648241
1153 128 1085648256
372 843 1085648258
317 1184 1085648270
372 639 1085648288
392 261 1085648330
605 317 1085648385
1153 128 1085648398
878 438 1085648479
800 1072 1085648504
800 740 1085648554
993 449 1085648601
438 878 1085648607
194 1284 1085648625
1153 128 1085648637
1184 296 1085648675
800 1072 1085648680
983 1441 1085648686
1284 194 1085648699
1072 1066 1085648699
605 1406 1085648737
498 194 1085648778
1335 1006 1085648785
792 1413 1085648809
498 823 1085648810
498 495 1085648831
800 1072 1085648857
980 128 1085648858
835 261 1085648865
821 1406 1085648871
62 1190 1085648894
1006 1335 1085648913
1184 296 1085648917
800 1072 1085648926
1406 605 1085648936
605 1406 1085648987
105 317 1085648991
62 1373 1085649001
793 783 1085649004
1406 605 1085649010
841 1446 1085649014
714 277 1085649030
821 1406 1085649050
172 495 1085649073
62 598 1085649079
1415 128 1085649145
1295 392 1085649154
792 1006 1085649171
1184 296 1085649208
1006 792 1085649223
993 315 1085649224
993 893 1085649242
792 1413 1085649247
1281 1033 1085649252
792 1006 1085649306
1281 317 1085649350
1153 128 1085649376
1281 62 1085649402
1006 792 1085649403
841 1006 1085649430
1006 841 1085649460
792 1006 1085649500
1153 128 1085649532
105 1118 1085649534
261 835 1085649548
1006 792 1085649569
792 1413 1085649578
792 1006 1085649631
639 878 1085649643
128 980 1085649649
841 1006 1085649741
1006 792 1085649752
372 569 1085649759
1006 841 1085649770
1153 128 1085649771
835 261 1085649773
639 372 1085649797
681 1449 1085649806
569 372 1085649807
993 707 1085649828
582 598 1085649844
792 1006 1085649855
236 128 1085649962
993 513 1085649969
1006 792 1085649973
128 236 1085649983
1267 128 1085650032
993 864 1085650053
792 1006 1085650060
1153 128 1085650150
1433 639 1085650263
128 1267 1085650272
372 569 1085650284
792 1006 1085650289
569 372 1085650358
639 1433 1085650491
1267 128 1085650521
128 1267 1085650584
639 714 1085650596
1189 835 1085650599
1101 128 1085650601
372 569 1085650622
841 1006 1085650631
1189 835 1085650640
603 598 1085650659
236 1421 1085650700
1444 1413 1085650750
1006 841 1085650751
639 980 1085650760
546 1189 1085650762
1433 639 1085650770
1406 843 1085650791
1413 1444 1085650805
372 569 1085650820
1189 546 1085650835
1444 1413 1085650840
1267 128 1085650853
1413 1444 1085650874
546 1189 1085650880
835 1189 1085650885
1413 1444 1085650889
128 1267 1085650912
1444 1413 1085650987
1189 546 1085651015
1444 1413 1085651020
792 1006 1085651044
1189 835 1085651066
1267 128 1085651104
1433 975 1085651118
1413 1444 1085651128
1444 1413 1085651254
498 3 1085651306
639 1033 1085651369
1189 1072 1085651429
306 305 1085651512
306 1228 1085651522
1101 128 1085651592
835 1189 1085651614
1267 128 1085651616
835 1189 1085651634
513 303 1085651689
1189 1444 1085651689
1189 835 1085651703
642 1444 1085651742
542 741 1085651803
1189 835 1085651806
1444 1189 1085651831
1444 1189 1085651866
639 1433 1085651887
306 513 1085651900
338 1302 1085651904
639 878 1085651952
1433 639 1085652059
1189 1444 1085652102
783 793 1085652171
306 627 1085652217
1444 1189 1085652241
1189 1444 1085652300
919 1006 1085652409
1444 1189 1085652524
1444 1189 1085652545
1444 1189 1085652562
781 1403 1085652734
1189 1444 1085652762
781 1279 1085652775
12 599 1085653011
498 1444 1085653040
1413 1444 1085653197
12 1338 1085653239
793 783 1085653403
9 1450 1085653410
12 1433 1085653535
314 342 1085653548
9 1444 1085653581
9 1451 1085653628
314 834 1085653634
9 1452 1085653644
9 1451 1085653656
9 1445 1085653679
9 1453 1085653698
488 598 1085653757
12 1433 1085653772
993 784 1085654014
12 1433 1085654064
1433 379 1085654119
105 711 1085654155
105 1118 1085654183
1433 12 1085654196
12 1433 1085654380
12 1433 1085654586
12 1433 1085654907
1083 1287 1085655178
12 1433 1085655941
1413 549 1085655963
242 1217 1085659197
42 1183 1085659517
1033 1281 1085661367
1033 639 1085662003
1454 1437 1085663383
1369 823 1085663564
1369 454 1085663573
105 1083 1085663884
536 532 1085664224
576 1033 1085665056
1302 338 1085665748
615 1063 1085669165
523 706 1085669312
686 1168 1085669350
