244 586 1083941857
244 415 1083941986
536 250 1083942148
244 808 1083942425
41 817 1083943002
214 839 1083943584
214 815 1083943729
836 194 1083945969
798 513 1083949627
626 400 1083949693
29 850 1083949736
626 590 1083949781
514 835 1083949945
482 823 1083950314
638 646 1083950325
638 269 1083950343
638 95 1083950360
626 689 1083950365
9 282 1083950556
63 801 1083951192
63 95 1083951216
831 498 1083952878
679 841 1083952934
337 605 1083952984
679 308 1083953041
851 162 1083953111
851 679 1083953157
632 654 1083953264
632 272 1083953301
851 679 1083953301
851 852 1083953463
851 679 1083953502
851 679 1083953618
120 75 1083953855
509 364 1083953859
542 729 1083953872
638 68 1083953968
621 372 1083953979
621 542 1083954062
638 753 1083954070
509 306 1083954131
851 679 1083954140
199 823 1083954222
800 766 1083955432
513 263 1083955581
513 798 1083955611
831 540 1083955757
823 308 1083956113
823 482 1083956131
181 495 1083956140
547 63 1083956498
547 154 1083956585
431 52 1083956819
316 327 1083956833
316 355 1083956862
617 704 1083956964
617 236 1083957098
355 316 1083957453
586 504 1083957589
586 687 1083957633
586 244 1083957739
801 63 1083957984
708 557 1083958016
132 449 1083958073
194 375 1083958185
194 355 1083958237
194 203 1083958283
194 755 1083958305
431 343 1083958380
204 830 1083958461
711 644 1083958502
204 181 1083958530
204 198 1083958628
244 586 1083958654
431 343 1083958973
830 468 1083959309
508 372 1083959340
830 339 1083959404
830 765 1083959494
431 343 1083959616
204 830 1083959679
704 605 1083959751
204 181 1083959787
204 830 1083959810
317 605 1083959926
204 830 1083959996
830 502 1083960070
617 681 1083960116
308 273 1083960225
617 704 1083960306
495 498 1083960439
495 181 1083960456
704 617 1083960548
617 704 1083960796
431 727 1083960823
708 719 1083960920
337 771 1083960943
349 511 1083961031
719 708 1083961193
708 719 1083961331
617 704 1083961444
835 514 1083961586
431 617 1083961672
853 838 1083961675
44 400 1083961860
719 708 1083961897
617 681 1083961918
431 617 1083961965
204 830 1083962071
511 349 1083962209
63 547 1083962219
343 688 1083962228
63 801 1083962239
713 842 1083962264
713 95 1083962290
713 48 1083962353
635 442 1083962362
337 777 1083962391
792 679 1083962410
617 462 1083962465
713 603 1083962474
708 719 1083962523
713 644 1083962599
439 540 1083962632
713 586 1083962689
713 363 1083962768
547 63 1083962768
794 449 1083962776
794 449 1083962798
617 596 1083963014
431 617 1083963061
372 831 1083963254
36 828 1083963496
617 514 1083963577
617 161 1083963648
766 283 1083963664
766 283 1083963681
766 41 1083963711
605 681 1083963804
617 308 1083963804
547 63 1083963807
605 73 1083963827
605 337 1083963865
605 704 1083963881
770 617 1083963882
617 854 1083963885
30 644 1083963886
605 317 1083963905
771 337 1083964662
67 843 1083964726
34 313 1083964908
272 632 1083964921
34 843 1083965017
34 843 1083965034
34 351 1083965086
9 142 1083965120
19 114 1083965122
704 617 1083965394
809 325 1083965449
53 847 1083965494
704 605 1083965502
843 34 1083965613
687 783 1083965638
34 843 1083965707
53 855 1083965716
715 128 1083965878
856 626 1083965980
72 857 1083966094
626 856 1083966118
704 852 1083966157
704 848 1083966184
34 538 1083966228
586 244 1083966230
448 375 1083966231
704 839 1083966248
831 372 1083966519
473 771 1083966543
858 701 1083966556
843 34 1083966593
72 704 1083966593
704 72 1083966633
704 72 1083966769
72 337 1083966773
514 835 1083966813
34 843 1083966963
514 617 1083966966
843 34 1083967084
617 704 1083967117
605 704 1083967148
617 26 1083967270
800 766 1083967275
824 823 1083967312
474 124 1083967335
824 816 1083967368
469 463 1083967373
617 514 1083967485
741 474 1083967501
474 741 1083967639
617 704 1083967774
302 823 1083967809
617 161 1083967882
785 793 1083967886
161 617 1083967964
26 823 1083968042
826 32 1083968171
617 161 1083968197
823 26 1083968238
161 617 1083968263
617 124 1083968281
826 372 1083968316
256 514 1083968320
617 161 1083968336
830 389 1083968512
617 728 1083968519
765 372 1083968521
765 372 1083968534
617 161 1083968537
765 372 1083968602
765 651 1083968640
765 651 1083968676
659 644 1083968721
765 830 1083968721
800 766 1083968858
830 765 1083968872
47 567 1083968924
448 823 1083968937
47 814 1083969179
765 830 1083969246
830 765 1083969317
814 47 1083969362
349 511 1083969485
263 513 1083969486
847 101 1083969625
765 830 1083969719
47 814 1083969842
830 765 1083970068
814 47 1083970108
640 543 1083970113
514 256 1083970121
847 194 1083970218
154 547 1083970244
834 708 1083970339
47 814 1083970437
391 73 1083970526
53 785 1083970539
687 785 1083970592
687 843 1083970665
547 154 1083970669
687 252 1083970683
296 781 1083970758
296 375 1083970847
391 555 1083970862
391 609 1083970887
391 422 1083970900
561 514 1083970902
296 355 1083970920
391 289 1083970934
391 372 1083970943
391 103 1083970951
391 309 1083970963
391 325 1083970969
391 289 1083971001
220 654 1083971086
220 646 1083971263
704 617 1083971310
296 835 1083971341
296 835 1083971348
704 605 1083971353
389 644 1083971353
389 640 1083971386
389 830 1083971420
638 642 1083971752
609 391 1083971929
392 475 1083972478
372 831 1083972570
372 831 1083972621
681 605 1083972703
835 296 1083972736
372 765 1083972744
372 765 1083972757
638 637 1083972864
835 590 1083972872
372 391 1083972937
785 687 1083972962
555 391 1083972979
834 592 1083973007
282 9 1083973018
765 830 1083973071
785 786 1083973080
765 372 1083973116
859 704 1083973239
372 765 1083973265
41 766 1083973340
859 644 1083973363
74 860 1083973412
372 765 1083973539
74 840 1083973570
765 372 1083973595
765 372 1083973608
74 389 1083973916
859 679 1083974023
34 313 1083974044
34 313 1083974077
431 323 1083974082
861 72 1083974085
859 32 1083974174
835 861 1083974189
74 449 1083974344
859 34 1083974357
859 357 1083974414
830 765 1083974538
861 249 1083974646
861 752 1083974668
830 389 1083974674
861 752 1083974689
859 357 1083974746
325 391 1083974829
646 220 1083974830
859 357 1083974960
859 357 1083975113
590 835 1083975178
590 835 1083975235
581 249 1083975245
766 41 1083975294
835 590 1083975615
580 418 1083975877
214 862 1083975922
708 834 1083976450
834 708 1083976691
770 708 1083976812
341 697 1083977157
289 391 1083977308
341 863 1083977327
481 252 1083977394
404 679 1083977430
679 404 1083977574
770 784 1083977592
679 580 1083977601
313 34 1083977663
72 861 1083977687
72 704 1083977718
681 626 1083977719
481 252 1083977728
793 785 1083977841
34 313 1083977917
793 863 1083978008
617 704 1083978078
599 41 1083978113
9 683 1083978265
431 617 1083978271
540 831 1083978429
540 439 1083978522
372 765 1083978572
431 617 1083978724
626 681 1083978776
704 617 1083978851
431 617 1083978976
617 704 1083979046
704 617 1083979147
826 372 1083979225
489 372 1083979273
704 822 1083979347
617 704 1083979351
401 639 1083979421
431 52 1083979443
704 617 1083979473
617 704 1083979664
448 244 1083979681
704 617 1083979744
32 283 1083979769
32 626 1083979801
32 52 1083979825
32 632 1083979862
32 640 1083979894
770 32 1083979960
32 155 1083979978
687 598 1083979988
640 32 1083980032
32 640 1083980061
41 766 1083980095
252 687 1083980096
252 481 1083980104
32 68 1083980106
640 32 1083980115
32 704 1083980116
626 32 1083980119
32 640 1083980161
770 32 1083980174
32 626 1083980209
551 32 1083980269
770 798 1083980310
599 32 1083980372
599 41 1083980387
372 489 1083980388
859 32 1083980452
626 32 1083980580
770 654 1083980610
859 679 1083980643
532 364 1083980762
859 308 1083980819
859 687 1083980830
859 325 1083980844
513 263 1083980864
859 32 1083980870
551 224 1083980975
599 32 1083981261
770 32 1083981539
542 352 1083981583
53 785 1083981610
53 542 1083981720
697 341 1083982350
770 853 1083982480
708 834 1083982674
220 646 1083982721
770 708 1083982835
36 110 1083982998
475 392 1083983102
697 637 1083983278
437 625 1083983349
605 350 1083983405
495 864 1083983499
74 617 1083983572
53 542 1083983602
492 708 1083983642
12 391 1083984037
697 289 1083984087
439 212 1083984149
12 527 1083984175
12 343 1083984266
12 175 1083984295
12 140 1083984466
12 681 1083984516
12 823 1083984549
12 439 1083984590
9 683 1083984600
12 823 1083984608
73 605 1083984652
12 823 1083984662
12 823 1083984743
242 823 1083984781
823 242 1083984812
12 823 1083984820
9 391 1083984820
9 753 1083984906
12 8 1083984950
32 60 1083984951
823 242 1083984967
12 823 1083985085
12 823 1083985239
212 48 1083985329
44 770 1083985336
19 525 1083985341
770 708 1083985541
617 74 1083985625
865 514 1083985688
770 617 1083985803
9 617 1083985852
830 297 1083985861
9 835 1083986006
583 308 1083986033
9 56 1083986070
334 687 1083986094
53 542 1083986162
73 74 1083986459
605 73 1083986485
605 704 1083986530
605 60 1083986592
605 272 1083986684
73 605 1083986798
404 679 1083986833
605 73 1083986846
704 605 1083987016
73 605 1083987068
765 830 1083987166
303 835 1083987175
765 372 1083987212
9 617 1083987223
9 617 1083987236
74 73 1083987361
830 765 1083987363
704 605 1083987450
595 660 1083987573
765 830 1083987679
372 536 1083987721
536 372 1083987742
830 765 1083987888
498 823 1083987989
372 536 1083987998
765 830 1083988025
536 372 1083988116
765 425 1083988171
372 536 1083988240
551 587 1083988250
431 617 1083988284
686 498 1083988307
823 498 1083988692
866 834 1083988727
439 131 1083988802
551 676 1083988873
728 617 1083988892
725 728 1083989036
431 323 1083989098
721 867 1083989126
721 388 1083989193
481 687 1083989275
431 323 1083989410
323 88 1083989461
536 372 1083989461
687 481 1083989529
687 194 1083989606
431 323 1083989618
323 161 1083989630
194 687 1083989668
481 687 1083989707
161 323 1083989798
431 323 1083989808
191 765 1083989827
323 161 1083990022
498 823 1083990059
830 765 1083990116
323 68 1083990162
431 323 1083990244
388 721 1083990314
128 715 1083990530
431 323 1083990538
431 323 1083990706
823 498 1083990710
765 191 1083990812
765 830 1083990853
536 765 1083990919
214 868 1083990920
334 823 1083990962
704 841 1083990983
389 74 1083991036
765 536 1083991041
12 175 1083991045
536 765 1083991056
389 830 1083991074
12 823 1083991100
830 765 1083991148
830 389 1083991249
103 868 1083991275
12 711 1083991497
830 840 1083991578
431 323 1083991657
350 605 1083991829
632 32 1083991985
834 866 1083991992
403 769 1083992023
176 823 1083992122
625 437 1083992129
793 776 1083992223
793 776 1083992258
212 439 1083992651
212 678 1083992676
191 765 1083992681
212 305 1083992735
175 640 1083992772
437 625 1083992817
212 765 1083992837
431 323 1083992879
770 437 1083993012
313 34 1083993162
765 191 1083993377
869 823 1083993451
765 212 1083993494
431 323 1083993536
704 605 1083993617
765 568 1083993679
765 226 1083993737
625 437 1083993743
191 765 1083993828
792 679 1083993858
552 765 1083994150
765 191 1083994229
400 626 1083994406
765 536 1083994463
400 323 1083994494
400 323 1083994501
400 683 1083994626
400 783 1083994731
765 407 1083994799
765 126 1083994857
191 765 1083994882
400 504 1083994908
147 191 1083994988
323 400 1083995129
32 632 1083995477
389 830 1083995501
776 793 1083995597
776 401 1083995642
350 481 1083995876
830 389 1083996002
67 323 1083996202
67 862 1083996253
615 765 1083996279
713 350 1083996345
644 659 1083996370
713 462 1083996418
713 372 1083996438
757 687 1083996529
19 114 1083996561
713 704 1083996593
713 103 1083996651
713 321 1083996672
713 41 1083996722
713 252 1083996741
713 242 1083996860
713 400 1083997000
266 617 1083997043
713 283 1083997082
379 74 1083997129
713 325 1083997181
713 716 1083997224
713 67 1083997291
713 48 1083997492
765 615 1083997514
700 68 1083997514
713 102 1083997522
68 323 1083997524
226 765 1083997540
700 555 1083997541
700 68 1083997609
713 479 1083997650
713 359 1083997678
713 209 1083997755
713 714 1083997894
297 830 1083997939
770 379 1083997971
713 714 1083997973
638 870 1083997973
9 683 1083998008
9 711 1083998043
770 97 1083998052
9 212 1083998061
12 527 1083998065
12 757 1083998094
713 462 1083998102
711 9 1083998157
12 711 1083998164
713 727 1083998213
713 103 1083998296
319 338 1083998358
12 711 1083998362
594 765 1083998413
713 199 1083998421
131 439 1083998531
713 124 1083998568
9 626 1083998601
713 624 1083998636
9 313 1083998667
713 482 1083998676
713 847 1083998755
12 711 1083998769
9 72 1083998794
713 651 1083998801
713 738 1083998843
12 711 1083998916
713 363 1083998926
713 586 1083998993
9 862 1083999025
830 297 1083999081
711 339 1083999152
9 282 1083999157
9 72 1083999166
12 711 1083999258
713 41 1083999280
12 711 1083999291
713 252 1083999318
250 536 1083999327
327 765 1083999341
713 704 1083999406
12 711 1083999448
713 770 1083999453
536 250 1083999460
713 41 1083999519
12 711 1083999596
683 48 1083999616
12 711 1083999619
484 770 1083999754
870 638 1083999900
770 502 1083999938
770 396 1084000010
857 72 1084000066
12 711 1084000345
9 683 1084000455
469 806 1084000495
41 495 1084000553
220 654 1084000566
41 389 1084000653
469 598 1084000750
44 770 1084000791
422 391 1084000824
12 711 1084000866
72 857 1084000964
713 41 1084001071
626 400 1084001071
713 41 1084001100
83 835 1084001105
713 363 1084001129
342 544 1084001148
713 9 1084001184
792 841 1084001255
12 711 1084001342
220 654 1084001388
342 598 1084001489
323 67 1084001500
323 68 1084001521
871 97 1084001583
686 498 1084001598
866 834 1084001618
770 323 1084001697
753 638 1084001727
189 712 1084001766
339 711 1084002085
189 712 1084002328
711 339 1084002399
339 711 1084002556
220 654 1084002648
719 862 1084002856
719 862 1084002877
733 626 1084003037
12 711 1084003250
12 569 1084003436
12 711 1084003818
38 313 1084003868
719 712 1084003905
753 712 1084003920
733 502 1084003953
871 502 1084004015
733 475 1084004145
733 753 1084004159
475 502 1084004162
38 475 1084004235
516 617 1084004242
733 475 1084004305
770 454 1084004312
733 753 1084004323
38 313 1084004429
770 475 1084004504
38 313 1084004558
350 481 1084004677
475 770 1084004773
38 313 1084004851
350 872 1084004937
294 830 1084004940
350 872 1084004944
733 313 1084004946
350 872 1084004950
819 829 1084004986
350 626 1084004988
38 313 1084005028
873 770 1084005044
733 313 1084005044
38 313 1084005170
38 313 1084005195
601 103 1084005226
12 569 1084005228
601 51 1084005234
41 502 1084005238
733 313 1084005240
874 875 1084005277
103 601 1084005328
857 72 1084005381
733 313 1084005443
770 617 1084005475
12 569 1084005491
733 313 1084005500
475 392 1084005525
131 874 1084005541
679 841 1084005545
12 617 1084005601
36 770 1084005616
38 313 1084005621
12 569 1084005669
68 323 1084005693
321 713 1084005700
617 596 1084005730
605 704 1084005734
777 843 1084005740
103 713 1084005747
38 313 1084005775
12 605 1084005858
777 316 1084005902
733 313 1084005970
103 713 1084005970
12 605 1084005970
876 757 1084006025
68 323 1084006032
250 536 1084006054
733 313 1084006063
38 313 1084006099
605 103 1084006120
12 605 1084006182
103 605 1084006237
19 525 1084006256
733 313 1084006288
605 103 1084006307
733 313 1084006348
12 711 1084006354
733 313 1084006374
12 757 1084006379
19 525 1084006479
12 757 1084006518
12 569 1084006555
103 605 1084006599
842 713 1084006610
350 626 1084006613
605 103 1084006670
770 605 1084006688
350 860 1084006729
617 403 1084006730
605 770 1084006737
12 569 1084006751
770 605 1084006774
36 770 1084006783
224 771 1084006793
41 610 1084006796
103 605 1084006797
605 770 1084006834
624 8 1084006834
770 605 1084006875
605 103 1084006899
701 858 1084006925
12 569 1084006928
624 697 1084006961
605 770 1084006975
103 605 1084007001
617 103 1084007050
254 701 1084007059
770 605 1084007082
103 617 1084007100
830 877 1084007109
36 770 1084007110
605 770 1084007126
36 19 1084007147
617 103 1084007152
733 313 1084007237
254 605 1084007253
254 605 1084007314
19 654 1084007408
834 866 1084007442
254 605 1084007451
679 865 1084007580
254 874 1084007595
254 605 1084007643
638 753 1084007646
638 870 1084007666
878 482 1084007677
679 701 1084007684
36 250 1084007740
38 313 1084007749
254 605 1084007756
733 313 1084007777
830 598 1084007777
254 654 1084007823
254 605 1084007839
254 605 1084007880
638 323 1084007884
36 879 1084007901
313 38 1084007912
830 638 1084007968
254 605 1084007986
36 597 1084007989
638 830 1084007992
38 313 1084007995
36 250 1084008012
539 605 1084008055
313 38 1084008056
733 313 1084008097
873 343 1084008107
19 109 1084008108
716 713 1084008110
254 605 1084008142
638 254 1084008201
38 313 1084008208
539 605 1084008217
733 313 1084008247
605 254 1084008282
596 254 1084008298
254 605 1084008313
350 626 1084008370
873 711 1084008406
63 547 1084008423
254 396 1084008430
605 254 1084008432
63 547 1084008438
313 38 1084008445
350 626 1084008467
254 605 1084008468
638 254 1084008487
638 830 1084008517
38 313 1084008522
873 128 1084008577
638 29 1084008582
605 254 1084008601
686 770 1084008614
254 605 1084008637
766 41 1084008642
640 175 1084008659
605 254 1084008679
254 605 1084008703
596 254 1084008708
638 766 1084008712
733 313 1084008716
254 596 1084008724
638 830 1084008727
638 254 1084008746
605 254 1084008749
733 52 1084008761
254 605 1084008806
765 594 1084008835
555 482 1084008843
605 254 1084008887
596 254 1084008925
254 605 1084008996
765 370 1084009036
830 880 1084009037
605 254 1084009038
640 389 1084009040
617 350 1084009060
38 313 1084009095
711 873 1084009106
605 254 1084009119
617 770 1084009134
605 881 1084009149
41 766 1084009203
617 640 1084009206
765 882 1084009222
605 830 1084009227
882 765 1084009233
617 770 1084009245
830 605 1084009264
617 640 1084009267
640 617 1084009305
41 863 1084009387
313 38 1084009425
770 538 1084009429
882 594 1084009442
881 605 1084009477
38 313 1084009493
313 38 1084009512
733 313 1084009536
313 38 1084009547
38 313 1084009597
254 605 1084009604
254 596 1084009622
38 313 1084009654
882 536 1084009672
617 640 1084009673
687 194 1084009684
250 41 1084009686
830 297 1084009708
41 250 1084009712
605 830 1084009725
605 881 1084009760
297 830 1084009761
617 770 1084009765
605 254 1084009789
431 617 1084009796
883 882 1084009796
596 254 1084009803
250 41 1084009825
770 617 1084009825
830 297 1084009896
617 770 1084009902
297 830 1084009930
830 605 1084009935
830 297 1084009951
297 830 1084009995
41 250 1084009995
830 297 1084010020
605 830 1084010031
881 605 1084010091
830 605 1084010101
605 881 1084010203
605 830 1084010259
175 640 1084010292
881 605 1084010323
830 605 1084010324
605 73 1084010350
605 881 1084010385
640 617 1084010455
605 830 1084010472
640 175 1084010474
884 297 1084010533
830 605 1084010555
605 830 1084010631
297 884 1084010637
830 605 1084010716
242 713 1084010730
884 297 1084010753
605 830 1084010787
830 605 1084010821
881 605 1084010877
431 323 1084010883
175 640 1084010970
605 830 1084010997
605 881 1084011062
189 712 1084011068
640 175 1084011074
242 823 1084011095
830 605 1084011111
454 770 1084011188
640 389 1084011222
316 777 1084011239
617 640 1084011322
175 640 1084011346
843 885 1084011349
260 174 1084011363
605 830 1084011397
260 704 1084011404
738 713 1084011417
830 605 1084011446
640 617 1084011456
260 103 1084011473
640 175 1084011487
605 830 1084011489
871 640 1084011489
400 713 1084011532
260 174 1084011539
175 640 1084011542
830 605 1084011546
400 626 1084011607
884 297 1084011631
678 212 1084011644
209 713 1084011646
475 770 1084011671
605 830 1084011694
830 605 1084011748
400 323 1084011779
242 451 1084011790
605 830 1084011834
400 776 1084011888
260 283 1084011919
400 396 1084011931
260 688 1084011970
830 605 1084012006
400 596 1084012026
260 250 1084012027
605 830 1084012061
260 338 1084012073
617 640 1084012088
400 886 1084012102
830 605 1084012116
48 683 1084012208
605 830 1084012217
885 798 1084012222
242 389 1084012255
400 676 1084012263
830 605 1084012274
400 168 1084012285
885 576 1084012302
605 830 1084012391
400 835 1084012433
830 605 1084012443
563 409 1084012463
605 830 1084012507
175 640 1084012533
770 454 1084012652
88 323 1084012692
400 371 1084012735
400 544 1084012879
400 123 1084012962
48 713 1084012973
400 887 1084012977
687 463 1084012996
400 166 1084013042
370 765 1084013046
400 166 1084013047
400 166 1084013051
400 81 1084013100
400 592 1084013115
400 59 1084013149
400 439 1084013183
400 882 1084013218
400 76 1084013261
400 376 1084013295
834 323 1084013308
400 564 1084013341
371 400 1084013361
400 265 1084013364
252 598 1084013369
400 853 1084013406
400 452 1084013425
400 13 1084013440
400 888 1084013457
181 454 1084013504
400 831 1084013512
400 101 1084013557
338 319 1084013558
9 569 1084013561
400 420 1084013574
9 569 1084013574
317 605 1084013584
400 866 1084013590
9 260 1084013599
400 20 1084013603
9 626 1084013611
400 360 1084013615
9 313 1084013628
400 889 1084013628
9 753 1084013634
400 868 1084013646
400 108 1084013662
400 386 1084013714
242 297 1084013722
400 154 1084013790
400 572 1084013804
400 538 1084013838
400 419 1084013908
640 885 1084013960
103 260 1084013982
400 114 1084014037
400 708 1084014108
400 517 1084014182
400 499 1084014197
297 242 1084014219
400 802 1084014306
400 890 1084014327
400 459 1084014337
400 512 1084014357
400 891 1084014405
400 315 1084014632
400 892 1084014695
400 799 1084014725
400 799 1084014738
204 181 1084014771
204 830 1084014805
400 893 1084014809
400 444 1084014822
400 64 1084014951
400 894 1084014967
400 894 1084014988
400 895 1084015013
400 895 1084015039
400 895 1084015045
853 400 1084015076
400 816 1084015142
400 840 1084015231
400 464 1084015250
400 464 1084015265
194 516 1084015402
400 460 1084015471
400 600 1084015488
400 675 1084015501
400 382 1084015516
400 896 1084015530
400 862 1084015718
400 165 1084015734
400 527 1084015759
400 897 1084015777
400 673 1084015796
194 449 1084015810
400 898 1084015810
400 11 1084015822
400 852 1084015840
400 158 1084015857
72 857 1084015886
400 743 1084015913
400 899 1084015930
400 391 1084015955
242 297 1084015958
400 523 1084015983
194 234 1084015984
598 194 1084015985
400 701 1084016055
400 819 1084016087
400 443 1084016105
546 583 1084016111
492 712 1084016129
400 97 1084016159
400 519 1084016190
546 297 1084016207
400 528 1084016214
492 712 1084016259
400 711 1084016284
400 900 1084016320
400 901 1084016340
546 199 1084016355
400 788 1084016370
400 85 1084016401
400 735 1084016419
834 343 1084016422
400 39 1084016435
234 194 1084016443
400 721 1084016446
712 719 1084016456
400 294 1084016471
400 902 1084016482
492 712 1084016484
834 168 1084016492
492 712 1084016516
834 771 1084016517
400 798 1084016526
642 323 1084016597
546 835 1084016608
834 513 1084016632
400 825 1084016679
492 712 1084016693
400 15 1084016709
712 753 1084016710
546 853 1084016726
834 297 1084016726
492 712 1084016743
400 358 1084016750
495 41 1084016762
400 284 1084016763
400 841 1084016776
903 792 1084016788
400 2 1084016789
400 904 1084016825
400 411 1084016842
400 747 1084016862
834 712 1084016866
492 712 1084016883
400 905 1084016895
400 476 1084016910
712 834 1084016929
400 570 1084016939
400 734 1084016953
400 299 1084016980
834 712 1084017047
834 712 1084017070
546 853 1084017106
400 587 1084017118
853 906 1084017131
400 135 1084017149
400 817 1084017230
400 844 1084017261
712 492 1084017272
400 304 1084017273
400 584 1084017289
400 601 1084017308
400 251 1084017321
400 907 1084017336
651 765 1084017354
400 109 1084017385
400 682 1084017401
546 598 1084017412
400 495 1084017452
400 152 1084017464
546 853 1084017483
400 70 1084017531
400 832 1084017551
400 436 1084017563
400 324 1084017582
400 173 1084017664
495 400 1084017690
400 311 1084017702
400 566 1084017720
400 556 1084017738
400 151 1084017765
492 784 1084017776
400 707 1084017875
781 296 1084017882
400 773 1084017894
400 541 1084017927
194 598 1084017976
400 908 1084018001
400 449 1084018034
400 823 1084018081
400 909 1084018121
400 543 1084018162
400 910 1084018190
400 766 1084018244
400 451 1084018286
400 579 1084018302
400 613 1084018311
400 911 1084018320
67 901 1084018325
400 698 1084018335
400 513 1084018442
400 402 1084018463
492 835 1084018508
400 463 1084018509
12 32 1084018516
400 149 1084018521
400 583 1084018566
400 864 1084018588
400 371 1084018763
765 651 1084018774
629 128 1084019058
400 495 1084019072
765 883 1084019178
809 340 1084019333
809 400 1084019504
755 194 1084019653
495 400 1084019952
12 101 1084020115
809 912 1084020123
809 913 1084020302
400 495 1084020534
400 841 1084020571
835 9 1084020857
835 303 1084021032
492 712 1084021095
835 400 1084021269
835 752 1084022142
835 492 1084022286
189 712 1084023293
73 605 1084023324
901 67 1084024894
901 400 1084024954
843 777 1084025052
843 575 1084025339
