41 1255 1085240217
994 1298 1085242809
576 1167 1085243142
233 193 1085243800
679 393 1085244703
994 639 1085245499
32 349 1085245634
32 379 1085245650
32 1227 1085245724
1181 325 1085246581
994 315 1085247152
638 609 1085247307
700 605 1085247458
700 704 1085247530
994 1284 1085247707
277 778 1085248098
1126 994 1085248610
1042 1260 1085248726
1042 615 1085248737
834 1196 1085248962
810 576 1085249266
994 536 1085249350
561 176 1085249470
713 325 1085249954
509 758 1085250059
198 1302 1085250135
713 666 1085250340
713 1127 1085250399
713 1185 1085250436
713 1158 1085250509
713 919 1085250607
281 1280 1085250706
281 781 1085250720
281 263 1085250730
713 1036 1085250780
1185 199 1085250795
713 1263 1085250833
701 997 1085250850
713 1241 1085250856
701 1185 1085250916
713 950 1085251024
713 762 1085251084
997 701 1085251387
997 415 1085251547
1234 834 1085251654
686 950 1085251655
701 997 1085251691
701 341 1085251742
1185 1227 1085251751
1234 199 1085251752
758 509 1085251792
1185 701 1085251840
1284 994 1085251945
394 42 1085251983
997 701 1085252271
12 997 1085252657
834 1234 1085252858
152 1158 1085253099
103 1302 1085253309
194 271 1085253340
30 1176 1085253646
1014 30 1085254001
704 1231 1085254011
704 1295 1085254026
103 1244 1085254030
30 1014 1085254049
1014 30 1085254151
30 1014 1085254234
1014 30 1085254304
193 523 1085254576
569 194 1085254678
193 233 1085254830
1190 254 1085255077
95 63 1085255243
903 1297 1085255395
683 758 1085255409
95 712 1085255526
1246 963 1085255576
1246 963 1085255587
95 154 1085255735
199 1185 1085255819
199 1234 1085255878
547 713 1085255883
859 318 1085256037
9 683 1085256152
1303 598 1085256327
95 1246 1085256351
590 555 1085256401
1234 199 1085256496
1246 95 1085256549
958 621 1085256629
199 1234 1085256704
1246 547 1085256732
758 683 1085256793
547 1246 1085256852
36 1281 1085256896
12 997 1085256919
249 1304 1085257158
249 1295 1085257267
536 994 1085257444
958 704 1085257503
483 1224 1085257512
699 1264 1085257566
616 306 1085257584
701 997 1085257587
701 1185 1085257619
1114 1188 1085257644
701 1021 1085257696
1185 199 1085257709
859 95 1085257712
1185 701 1085257743
1253 357 1085257876
1246 95 1085258032
1253 72 1085258035
781 281 1085258096
1246 547 1085258126
1253 50 1085258147
781 1244 1085258148
859 95 1085258419
220 346 1085258604
1253 1173 1085258685
1246 95 1085258708
704 958 1085258736
220 346 1085258900
666 713 1085258922
1137 1127 1085259190
683 758 1085259683
654 1248 1085259701
209 1255 1085259710
209 242 1085259869
26 404 1085260037
415 997 1085260451
63 95 1085260591
1253 644 1085260669
1231 704 1085260937
701 372 1085260992
701 224 1085261203
1248 654 1085261392
1260 1042 1085261397
281 781 1085261454
1280 281 1085261513
928 41 1085261521
681 590 1085261922
249 358 1085262182
1069 542 1085262370
781 281 1085262914
105 701 1085262991
105 1181 1085263013
997 701 1085263014
341 701 1085263049
105 697 1085263109
105 621 1085263178
105 1021 1085263313
963 1246 1085263516
1003 1199 1085263526
1246 105 1085263562
103 1231 1085263625
1190 254 1085263701
1246 963 1085263730
1246 105 1085263753
1190 1062 1085263774
1190 551 1085263810
701 105 1085263862
1190 42 1085263917
257 1214 1085263963
257 142 1085263987
105 701 1085264084
701 105 1085264166
1246 963 1085264206
462 1299 1085264295
462 605 1085264350
1207 19 1085264612
398 1291 1085264639
1246 963 1085264800
42 1224 1085264926
760 590 1085264964
802 318 1085265025
42 483 1085265361
227 1234 1085265566
42 1224 1085265617
1185 1019 1085265642
1231 103 1085265706
1279 644 1085265735
42 1224 1085265790
1190 254 1085265911
1189 389 1085265914
1190 42 1085265948
1287 781 1085265973
1287 1253 1085266050
42 1224 1085266060
1234 227 1085266072
1113 1207 1085266085
980 544 1085266270
42 1224 1085266503
103 1231 1085266673
536 1224 1085266817
1224 536 1085266892
1231 103 1085266931
103 1231 1085267040
468 475 1085267048
1231 103 1085267109
103 1231 1085267151
704 1231 1085267181
1231 704 1085267214
1207 1080 1085267215
704 1231 1085267246
285 1255 1085267427
547 1260 1085267482
547 63 1085267591
681 1185 1085268048
547 1260 1085268323
950 1281 1085268415
1100 1248 1085268473
42 1224 1085268515
1224 42 1085268633
1248 1100 1085268760
1100 1248 1085268939
454 1043 1085269007
281 1280 1085269052
415 1231 1085269180
1297 903 1085269613
704 1302 1085269817
933 1214 1085270076
323 298 1085270124
323 298 1085270252
323 741 1085270284
298 687 1085270383
323 298 1085270414
72 1253 1085270468
1214 933 1085270505
815 1305 1085270525
323 298 1085270543
323 298 1085270752
1173 654 1085270848
42 72 1085270945
42 1302 1085271026
1281 950 1085271074
1306 704 1085271074
323 298 1085271082
42 1307 1085271116
323 298 1085271192
42 1308 1085271214
1306 990 1085271291
323 298 1085271359
323 298 1085271513
1042 1260 1085271572
1036 713 1085271632
42 63 1085271648
1113 990 1085271675
644 1253 1085271752
644 1279 1085271861
42 1309 1085271877
1113 1214 1085272135
536 1224 1085272152
621 958 1085272210
1255 41 1085272239
1255 209 1085272281
103 799 1085272339
1224 536 1085272363
621 48 1085272435
257 1178 1085272474
409 687 1085272476
523 724 1085272495
69 1296 1085272604
621 105 1085272647
356 1255 1085272660
1302 704 1085272739
1302 103 1085272777
1302 198 1085272909
704 1302 1085273010
103 1302 1085273127
257 1178 1085273345
257 1178 1085273520
423 815 1085273636
1260 1042 1085273859
1227 1185 1085273884
257 1178 1085273895
815 423 1085273900
1042 1260 1085274015
257 1178 1085274043
423 815 1085274154
1260 1042 1085274252
423 536 1085274289
815 423 1085274551
257 1178 1085274658
257 1178 1085274709
409 1032 1085274724
257 1178 1085274747
474 1310 1085274748
1042 1260 1085274841
398 771 1085274841
63 41 1085274871
1189 899 1085274875
474 356 1085274879
398 771 1085274883
63 1310 1085274907
1087 1270 1085274922
1310 474 1085274963
356 474 1085274964
1087 1284 1085275031
1310 63 1085275061
1 1271 1085275111
1260 1042 1085275213
63 1310 1085275252
3 176 1085275274
398 465 1085275314
465 398 1085275357
3 323 1085275412
1246 963 1085275414
1042 1260 1085275426
398 465 1085275429
465 398 1085275493
398 465 1085275534
474 356 1085275535
1260 1042 1085275578
465 398 1085275578
398 465 1085275598
474 1310 1085275642
1042 1260 1085275696
1260 1042 1085275754
834 1246 1085275836
1042 1260 1085275877
713 1158 1085275914
1246 834 1085275930
1260 1042 1085275935
257 719 1085275948
1042 1260 1085276037
1260 32 1085276044
725 1260 1085276077
1260 1042 1085276146
719 1260 1085276262
719 931 1085276273
719 931 1085276279
257 719 1085276321
1042 1260 1085276358
1260 719 1085276379
1260 719 1085276497
1311 713 1085276527
1260 1042 1085276528
41 1255 1085276543
41 63 1085276548
242 209 1085276639
1042 1260 1085276645
605 272 1085276664
242 454 1085276670
1118 994 1085276736
1260 1042 1085276760
605 462 1085276776
1042 1260 1085276832
1142 990 1085276921
1260 1042 1085276921
719 1260 1085277027
1042 1260 1085277036
1260 719 1085277113
1286 704 1085277204
1260 1042 1085277299
719 1260 1085277733
1042 1260 1085277756
257 719 1085277975
1260 1042 1085278008
1118 1103 1085278177
1042 1260 1085278371
712 95 1085278560
1260 1042 1085278610
67 1302 1085278642
67 1296 1085278704
67 697 1085278835
233 193 1085278908
1042 1260 1085278919
1042 1260 1085278992
1241 713 1085279065
1260 1042 1085279185
678 212 1085279326
1042 1260 1085279428
32 1260 1085279503
678 1302 1085279558
1302 678 1085279593
678 1302 1085279625
194 1279 1085279699
67 1302 1085279733
1260 1042 1085279827
67 697 1085279851
679 954 1085279890
1260 32 1085279918
1042 1260 1085279967
679 465 1085279986
67 32 1085280122
1042 1260 1085280154
1260 1042 1085280171
1126 1302 1085280184
1260 1042 1085280197
1260 1042 1085280261
32 1260 1085280265
1260 32 1085280304
1260 1042 1085280326
1302 678 1085280418
1042 1260 1085280435
1042 1260 1085280447
678 1302 1085280452
32 1260 1085280486
1302 678 1085280516
1042 1260 1085280557
1042 1260 1085280570
1118 644 1085280571
1312 1091 1085280755
1260 1042 1085280762
1260 32 1085280798
67 697 1085280853
1260 1042 1085280858
1260 1042 1085280876
983 985 1085280961
1043 454 1085280991
1118 644 1085281008
1042 1260 1085281103
398 725 1085281153
1042 1260 1085281165
32 1260 1085281172
687 298 1085281183
1042 1260 1085281205
1312 1313 1085281335
1042 1260 1085281411
72 1253 1085281514
103 954 1085281652
44 1271 1085281679
1310 474 1085281855
1260 32 1085282044
1215 398 1085282235
103 954 1085282259
1215 398 1085282370
103 1313 1085282451
103 853 1085282632
1215 103 1085282830
974 778 1085282837
1215 103 1085282903
1126 103 1085282955
1126 103 1085283039
474 1310 1085283103
398 834 1085283154
1126 103 1085283183
483 1189 1085283245
1126 103 1085283349
329 415 1085283453
1215 103 1085283673
1215 398 1085283700
398 1260 1085283897
1279 194 1085283905
797 63 1085283949
1253 1287 1085284005
1260 398 1085284072
398 1260 1085284107
398 1260 1085284133
1253 644 1085284167
1253 72 1085284218
1260 398 1085284360
41 713 1085284368
563 654 1085284461
398 1260 1085284612
103 1302 1085285068
142 329 1085285522
103 1130 1085285522
697 912 1085285555
142 144 1085285636
697 782 1085285654
103 1216 1085285728
1260 398 1085285749
697 719 1085285850
1118 341 1085285896
1215 398 1085285959
103 1078 1085285959
1215 103 1085285967
398 1260 1085285979
103 954 1085286011
1302 103 1085286112
103 1302 1085286148
598 357 1085286155
598 1071 1085286185
199 848 1085286200
103 1302 1085286216
598 704 1085286246
719 697 1085286295
128 242 1085286358
912 697 1085286360
342 142 1085286386
799 103 1085286400
704 598 1085286435
644 1253 1085286495
697 719 1085286499
697 912 1085286523
719 697 1085286640
697 719 1085286670
342 815 1085286775
654 1173 1085286909
103 617 1085286949
919 644 1085286999
644 919 1085287049
644 919 1085287068
53 646 1085287237
1215 398 1085287325
53 1314 1085287344
1215 103 1085287581
1215 398 1085287587
242 128 1085287593
95 63 1085287787
782 697 1085288095
32 1260 1085288115
1298 704 1085288322
1272 302 1085288335
1298 994 1085288407
782 721 1085288411
342 142 1085288420
1268 1313 1085288428
697 782 1085288435
912 697 1085288591
781 408 1085288658
697 912 1085288661
128 242 1085288866
912 697 1085288929
462 605 1085288953
142 997 1085288977
323 298 1085288994
782 697 1085289006
142 1121 1085289007
242 128 1085289280
128 242 1085289382
704 1298 1085289496
1298 704 1085289547
462 638 1085289579
1195 103 1085289581
704 1298 1085289722
242 128 1085289824
638 462 1085289830
1118 1034 1085289882
142 415 1085290037
1302 1315 1085290131
801 1246 1085290180
1315 1302 1085290207
1313 103 1085290216
323 1297 1085290220
1298 704 1085290245
462 638 1085290284
32 358 1085290436
1312 1313 1085290481
63 797 1085290627
969 1189 1085290639
63 95 1085290646
323 1297 1085290793
323 298 1085290826
638 462 1085291033
323 298 1085291070
193 63 1085291137
462 638 1085291153
309 80 1085291275
1189 969 1085291382
249 358 1085291453
249 1304 1085291489
502 41 1085291516
128 242 1085291531
323 298 1085291568
503 41 1085291572
249 1231 1085291593
503 103 1085291625
503 74 1085291734
193 233 1085291742
323 298 1085291919
1272 441 1085291957
638 462 1085292080
1312 1313 1085292086
103 1313 1085292147
1261 725 1085292205
323 298 1085292240
462 638 1085292323
323 298 1085292465
503 739 1085292541
323 298 1085292552
800 1256 1085292567
503 103 1085292601
503 398 1085292658
969 1189 1085292667
323 298 1085292713
1236 1185 1085292716
1189 969 1085292730
323 1297 1085292740
323 298 1085292775
323 298 1085292803
547 1260 1085292808
323 1297 1085292820
503 103 1085292841
503 103 1085292857
503 398 1085292887
254 358 1085292892
323 298 1085292937
283 1284 1085293044
323 1297 1085293097
1195 103 1085293138
323 298 1085293188
586 194 1085293268
323 1297 1085293327
990 1142 1085293361
871 502 1085293394
323 298 1085293455
871 502 1085293523
323 1297 1085293530
1195 103 1085293531
194 586 1085293560
323 298 1085293599
323 298 1085293711
871 502 1085293741
323 1297 1085293839
503 103 1085293856
323 298 1085293873
503 1316 1085293888
323 298 1085293936
308 739 1085293995
249 1304 1085294114
323 1297 1085294117
871 1302 1085294153
1195 103 1085294156
503 103 1085294157
323 298 1085294174
1313 103 1085294268
103 1313 1085294316
503 1316 1085294339
1246 719 1085294375
323 1297 1085294381
323 298 1085294400
1195 103 1085294461
503 103 1085294483
1316 1039 1085294519
323 298 1085294523
503 1316 1085294559
1076 1082 1085294660
323 298 1085294676
323 1297 1085294710
503 103 1085294740
733 1244 1085294745
323 298 1085294765
257 142 1085294775
323 758 1085294815
679 465 1085294820
503 103 1085294836
323 298 1085294839
323 1297 1085294977
871 926 1085295003
323 298 1085295020
733 638 1085295044
323 758 1085295062
48 621 1085295091
175 224 1085295144
323 298 1085295305
697 782 1085295381
697 782 1085295412
733 175 1085295447
697 912 1085295458
323 758 1085295507
323 1297 1085295558
1255 356 1085295569
1255 41 1085295581
323 298 1085295588
323 298 1085295698
323 758 1085295724
323 1297 1085295788
733 475 1085295929
323 1297 1085295950
782 697 1085296121
323 1297 1085296155
733 475 1085296193
323 1297 1085296382
596 1284 1085296504
323 298 1085296537
323 1297 1085296611
323 1297 1085296877
257 615 1085296883
871 1026 1085297025
733 475 1085297100
733 713 1085297109
323 758 1085297155
281 358 1085297168
257 615 1085297175
323 1297 1085297175
1231 557 1085297179
733 713 1085297196
810 1021 1085297367
557 1231 1085297443
105 621 1085297558
323 1297 1085297578
1231 557 1085297587
91 1237 1085297594
105 1181 1085297627
557 1231 1085297659
1231 557 1085297768
557 1231 1085297862
323 1297 1085297862
1236 1189 1085298132
1231 557 1085298216
323 1297 1085298346
557 1231 1085298404
912 697 1085298424
1231 557 1085298517
338 1302 1085298629
557 1231 1085298632
675 462 1085298732
323 1297 1085298853
477 1271 1085298897
1231 557 1085298902
477 526 1085298956
675 462 1085299021
323 1297 1085299049
815 950 1085299151
194 353 1085299375
557 1231 1085299429
90 269 1085299437
323 1297 1085299450
1136 739 1085299480
353 194 1085299568
1231 557 1085299580
353 194 1085299651
598 560 1085299739
353 392 1085299879
560 598 1085299905
323 1297 1085299913
109 282 1085299991
323 1297 1085300061
706 484 1085300304
323 1297 1085300380
1004 194 1085300515
323 1297 1085300615
596 605 1085300663
596 782 1085300828
323 1297 1085300896
298 573 1085301013
573 298 1085301047
298 573 1085301087
725 1260 1085301217
573 298 1085301288
782 596 1085301313
454 242 1085301491
454 1043 1085301506
298 573 1085301538
323 1297 1085301548
60 1173 1085301550
212 678 1085301863
1274 1273 1085302002
1264 699 1085302004
1317 1318 1085302168
950 815 1085302190
596 782 1085302282
1319 224 1085302293
792 1185 1085302315
1103 425 1085302375
1043 454 1085302474
392 321 1085302481
392 72 1085302535
392 353 1085302557
323 341 1085302594
1280 281 1085302756
1087 1284 1085302813
1320 952 1085302833
353 392 1085302869
1087 1132 1085302934
198 1302 1085302936
281 1280 1085302941
392 353 1085303006
1118 1103 1085303041
792 841 1085303045
1280 281 1085303056
281 1280 1085303091
198 1321 1085303114
1280 281 1085303323
392 1315 1085303545
72 1253 1085303586
72 392 1085303627
912 375 1085303644
392 72 1085303756
281 1280 1085304018
586 1316 1085304064
1246 834 1085304073
72 392 1085304117
323 281 1085304131
1246 963 1085304139
1246 801 1085304183
323 281 1085304258
323 281 1085304439
1280 281 1085304484
323 281 1085304601
392 72 1085304619
1284 596 1085304825
871 392 1085304954
57 596 1085305069
871 1103 1085305100
1315 392 1085305295
72 392 1085305308
871 392 1085305334
793 1230 1085305441
1190 254 1085305667
792 841 1085305675
871 1260 1085305678
871 969 1085305746
871 969 1085305861
871 969 1085306044
1190 50 1085306054
704 1322 1085306142
871 969 1085306189
871 969 1085306255
871 969 1085306394
871 978 1085306472
1 1271 1085306598
392 1315 1085306779
644 719 1085307095
392 72 1085307144
544 1273 1085307340
1274 840 1085307719
1317 1244 1085307762
1244 1317 1085307939
277 644 1085308061
704 596 1085308830
498 823 1085308926
938 1323 1085309184
422 1041 1085309198
1323 938 1085309205
1041 422 1085309412
422 1041 1085309556
422 386 1085309612
1041 422 1085309772
422 1041 1085309911
1246 963 1085310106
1246 963 1085310660
1246 963 1085310999
12 1042 1085311779
12 142 1085311827
42 72 1085311929
12 415 1085312016
1185 555 1085312065
42 415 1085312529
80 309 1085312577
1270 194 1085313783
815 950 1085314155
342 544 1085321814
