809 1240 1089212337
27 1009 1089212340
809 847 1089212470
792 1036 1089212613
27 1285 1089216406
281 708 1089217299
518 1346 1089221547
211 525 1089221909
525 211 1089221993
211 525 1089222049
525 211 1089222132
525 211 1089222265
812 378 1089222983
812 378 1089222988
620 1181 1089225841
1190 1285 1089226661
48 1540 1089229441
518 1339 1089232812
1415 1142 1089233192
1346 518 1089233203
518 1346 1089233720
518 249 1089233757
429 191 1089234670
429 160 1089234746
67 788 1089234855
1342 1255 1089236714
582 861 1089236809
1255 1342 1089237031
1342 1255 1089237090
1255 1342 1089237165
1059 713 1089237749
1731 9 1089237945
1572 1712 1089238812
1488 249 1089238882
1488 32 1089238898
1488 518 1089238936
1285 1190 1089239196
1285 27 1089239506
1713 27 1089240413
27 1713 1089240543
1713 27 1089240573
27 1713 1089240670
1713 27 1089240692
27 1713 1089240783
1069 1727 1089241653
1069 1717 1089241680
1713 1342 1089241861
1255 1231 1089242246
1406 495 1089242381
8 430 1089243270
1346 518 1089243518
1343 249 1089243518
1545 1332 1089244866
1509 1285 1089245054
1509 1624 1089245085
249 1343 1089245517
518 1488 1089246166
518 1346 1089246487
1624 1509 1089246526
191 429 1089246566
1713 1282 1089247209
1282 1713 1089247240
1282 1713 1089247248
1713 1282 1089247326
1282 1713 1089247559
847 809 1089247710
1343 249 1089247793
32 1488 1089247831
1713 1282 1089247831
1282 1713 1089248037
1713 1282 1089248193
1737 415 1089248561
1282 1713 1089248566
1737 1513 1089248628
1737 710 1089248688
172 639 1089248719
1713 1282 1089248747
1282 1713 1089248802
1713 1282 1089248828
52 249 1089249722
1240 809 1089251721
1231 1255 1089251737
725 249 1089252893
557 843 1089253917
809 1240 1089254270
809 847 1089254703
1346 518 1089255370
67 1665 1089255548
398 1013 1089255918
536 1713 1089256340
536 430 1089256353
708 281 1089257387
708 249 1089257401
201 143 1089257665
719 1346 1089259513
1346 719 1089260649
984 1231 1089261174
532 536 1089261379
1667 1579 1089261634
1667 1346 1089261835
1737 1494 1089262126
1737 1639 1089262153
1727 1069 1089262519
415 1737 1089262775
346 1346 1089263041
249 725 1089263374
1346 1667 1089263385
1346 346 1089263435
1013 398 1089264384
1280 1287 1089264771
1287 1280 1089264802
1036 792 1089265218
281 708 1089265319
249 1136 1089265574
398 447 1089265775
429 191 1089266038
1231 984 1089266498
1500 1346 1089267398
1713 437 1089267796
518 1346 1089267810
249 843 1089268154
843 557 1089268187
1255 1231 1089268194
843 249 1089268197
249 843 1089268261
843 249 1089268355
12 1312 1089268495
249 843 1089269523
447 398 1089270718
557 843 1089270991
843 557 1089272315
557 843 1089272357
843 557 1089272378
557 843 1089272505
621 95 1089272810
984 1231 1089273073
984 1231 1089273156
1562 1434 1089273683
1181 620 1089275100
843 557 1089275889
1339 1491 1089276652
620 1181 1089277123
1339 1546 1089279006
1346 1500 1089292816
1346 518 1089293156
518 1346 1089297684
