27 1285 1093275495
1543 1675 1093277655
523 585 1093279698
1624 19 1093281556
1624 95 1093281580
713 696 1093284393
713 1059 1093284533
639 105 1093285388
1791 574 1093285462
1783 523 1093288849
1059 713 1093289352
1436 518 1093291064
1807 3 1093291663
32 105 1093291731
1474 1493 1093292665
1474 1793 1093292714
1474 1375 1093292740
32 1675 1093293398
1756 503 1093293621
105 32 1093295944
105 639 1093295996
1807 3 1093297536
32 105 1093299768
95 1624 1093299936
1624 95 1093299981
32 1807 1093300012
1624 697 1093301153
1807 32 1093301707
1624 105 1093302036
1543 639 1093302420
1543 1808 1093302493
503 1756 1093304269
561 1543 1093304663
105 1624 1093304989
105 32 1093305010
1713 503 1093305623
105 367 1093306475
770 1021 1093307329
770 311 1093307447
105 595 1093307683
770 595 1093307765
1285 393 1093307966
1756 503 1093308048
1285 27 1093308189
503 1756 1093311154
503 1713 1093311209
1624 105 1093311962
1756 503 1093312394
105 1624 1093312508
1343 415 1093312563
415 1343 1093314663
1343 415 1093314786
1624 105 1093314824
415 1343 1093314859
105 1624 1093315161
415 1343 1093315174
1624 105 1093316043
105 1624 1093316093
1624 105 1093316607
1624 105 1093317264
1436 144 1093317927
105 1624 1093318250
105 1132 1093318497
1132 105 1093318631
105 1132 1093318836
1624 105 1093318967
856 1398 1093318988
105 1624 1093319065
1132 105 1093319170
1624 105 1093319192
144 1436 1093319753
105 1132 1093321397
105 1624 1093321418
105 1771 1093322318
1545 1332 1093323222
1332 1545 1093323329
1686 831 1093326893
1686 1132 1093327134
831 1686 1093327348
1686 831 1093327443
831 1686 1093327511
1487 1626 1093327602
1686 831 1093327640
831 1686 1093327789
1398 856 1093327823
1686 831 1093327882
105 1027 1093327968
1686 783 1093328129
393 1285 1093328321
831 1686 1093329184
831 1686 1093329247
32 105 1093329997
32 1807 1093330030
32 1749 1093330148
32 1809 1093330252
32 105 1093330269
105 32 1093331235
308 967 1093332144
1543 561 1093333139
19 1624 1093333476
503 1756 1093334430
105 697 1093336137
1624 19 1093337225
967 308 1093343248
105 180 1093343323
105 1168 1093343350
180 105 1093344381
105 180 1093349073
180 105 1093349832
105 180 1093350212
1756 503 1093358812
