1136 233 1089907993
27 1285 1089908635
27 1009 1089908784
1744 42 1089911196
1423 1669 1089914682
1406 1748 1089915984
1669 1647 1089916895
1669 1423 1089917144
1231 431 1089917231
95 1387 1089919662
95 175 1089919876
95 319 1089920114
9 788 1089920746
312 3 1089920761
9 1343 1089920813
175 95 1089925888
12 1312 1089928088
1624 431 1089930553
1042 1730 1089931151
969 1667 1089932284
431 1231 1089932373
431 1624 1089932404
1730 1042 1089934436
233 1136 1089936166
233 127 1089936240
1624 431 1089936715
495 1406 1089938102
431 1624 1089938411
1312 12 1089940325
1624 431 1089941249
1748 1406 1089941978
1406 495 1089946691
1406 1748 1089946775
1343 9 1089949249
27 620 1089949557
1474 1493 1089950555
1285 27 1089950734
525 1543 1089954281
431 1624 1089954972
1748 1406 1089955195
483 189 1089955647
1406 1748 1089955800
1748 1406 1089956622
1644 346 1089957904
1406 1748 1089958172
724 1647 1089958600
1009 27 1089959242
1647 878 1089962448
1647 1669 1089962463
1647 724 1089962486
1423 1669 1089963311
620 27 1089965599
27 620 1089966556
1520 1487 1089967049
1493 1474 1089967488
1669 1423 1089969939
620 27 1089971024
1253 644 1089971527
1158 1497 1089971988
1158 1497 1089972022
1675 67 1089980235
