1314 1346 1093973923
32 12 1093975555
561 1713 1093976551
561 105 1093976806
561 1543 1093977917
713 696 1093978001
561 431 1093978356
561 1310 1093979078
1789 1052 1093979265
1789 36 1093979389
1789 456 1093980314
1624 456 1093981372
456 1789 1093983499
431 561 1093984629
1167 454 1093986828
105 561 1093987013
1362 1608 1093987915
681 1789 1093988857
810 175 1093988960
334 523 1093989084
1344 1217 1093989876
41 1828 1093991773
41 1807 1093991781
41 176 1093992061
41 176 1093992070
41 176 1093992076
41 176 1093992086
41 176 1093992094
41 176 1093992103
1713 495 1093995271
12 32 1093996223
456 1542 1093999296
1246 547 1094002086
1783 1246 1094002314
32 1829 1094004376
1713 617 1094005524
175 810 1094007215
1608 1362 1094010728
51 1436 1094010842
970 1641 1094015281
1698 605 1094015434
1542 456 1094017233
1310 561 1094019930
12 868 1094021853
1042 1624 1094023458
63 494 1094023760
456 1542 1094024213
456 415 1094024353
1585 1788 1094025789
1542 456 1094026636
1183 1783 1094028015
1798 1797 1094028160
503 1756 1094028424
298 970 1094032447
