697 642 1094745527
1079 983 1094750647
32 67 1094751611
1756 1624 1094754125
1624 1756 1094755350
1756 1624 1094759245
1831 1783 1094760467
1789 32 1094765039
1231 1783 1094766261
561 95 1094766566
1783 1831 1094771069
561 1543 1094771282
1543 561 1094778713
1624 1756 1094778932
1756 1624 1094779451
1624 1756 1094779633
1756 1624 1094780106
1624 1756 1094780193
1756 1624 1094780249
398 1624 1094780281
1624 398 1094780571
398 1624 1094780752
132 1 1094781035
1624 398 1094781266
398 1624 1094782024
1756 1624 1094782028
1624 398 1094782096
1624 1756 1094782110
1756 1624 1094782290
1624 1756 1094782411
1756 1624 1094782689
1624 1756 1094783908
398 1624 1094784384
1624 398 1094784525
398 1624 1094784906
32 1789 1094785192
1624 398 1094785421
1624 1398 1094785504
398 1624 1094786017
561 1750 1094787872
1543 1312 1094789094
1 132 1094789362
1562 1517 1094797164
1807 289 1094798598
1474 1375 1094802902
1644 1758 1094809718
