1387 12 1086793357
361 638 1086793961
361 1641 1086794175
621 686 1086794559
1136 1052 1086795432
617 9 1086795995
557 297 1086796174
615 1042 1086796879
944 815 1086797243
1661 713 1086797660
1346 1314 1086797927
1661 1026 1086798435
27 1158 1086799873
27 620 1086800367
1185 1406 1086800964
1434 174 1086800979
734 249 1086801003
617 777 1086801038
1434 1312 1086801159
1359 1343 1086801207
1312 1656 1086801304
1312 1434 1086801327
1312 1434 1086801475
1434 1312 1086801510
1312 1434 1086801543
1312 1434 1086801555
1434 1312 1086801579
1434 1312 1086801589
1312 1434 1086801612
1312 1434 1086801627
1387 1312 1086801671
1434 1312 1086801673
1312 1387 1086801692
1312 1434 1086801700
1434 1312 1086801741
1185 1142 1086801763
1387 1312 1086801768
1387 1312 1086801832
1312 1387 1086801840
1387 1312 1086801860
812 1644 1086801865
1312 1387 1086801875
1312 1387 1086801886
1387 1312 1086801920
1142 1185 1086801963
1387 1434 1086801970
1387 1344 1086801983
1434 1387 1086801987
1312 1387 1086801999
1387 1434 1086802019
1185 1142 1086802021
1387 1312 1086802054
700 822 1086802059
1434 1387 1086802095
1434 1387 1086802113
1312 1387 1086802114
1387 1434 1086802169
751 822 1086802196
1312 1387 1086802222
1387 1312 1086802244
1312 1387 1086802276
1387 1312 1086802312
1387 1434 1086802338
1387 1312 1086802355
1434 1387 1086802593
1434 1387 1086802608
1387 1434 1086802662
1387 1434 1086802672
249 1244 1086802907
536 933 1086802949
523 1662 1086802959
523 1662 1086802967
523 1662 1086802972
154 1539 1086803298
843 1406 1086803341
161 1 1086803390
161 1487 1086803465
1042 615 1086803918
594 277 1086804165
594 260 1086804224
72 1316 1086804277
211 36 1086804540
751 1578 1086804977
1657 300 1086805183
32 518 1086805456
1442 883 1086805463
713 1526 1086805540
1488 518 1086805618
1663 1621 1086805761
1663 1621 1086805767
174 1434 1086806156
32 1657 1086806207
1657 713 1086806724
615 1042 1086806754
1657 523 1086806824
1657 393 1086806875
1101 713 1086807704
1406 843 1086808285
1 161 1086808853
1 3 1086808886
1189 1015 1086809476
1189 1015 1086809484
1189 595 1086809653
713 1101 1086809747
713 1661 1086809762
713 878 1086809785
713 912 1086809830
595 1189 1086810239
620 27 1086810276
1624 725 1086810481
312 1 1086810804
504 372 1086811105
389 1576 1086811296
1489 372 1086811309
714 713 1086811425
1285 1190 1086811739
1285 1190 1086811806
339 713 1086811968
1285 1190 1086812853
912 713 1086812955
1624 1093 1086813503
212 1056 1086813600
475 1543 1086813995
822 700 1086814057
372 504 1086814119
822 751 1086814158
372 1489 1086814168
1314 1346 1086814355
372 1624 1086814381
101 282 1086814427
963 1648 1086814563
1648 963 1086815011
12 1387 1086815235
12 1440 1086815255
431 605 1086815260
431 617 1086815313
12 1520 1086815317
12 1406 1086815384
1624 372 1086815505
1346 1314 1086815847
393 1657 1086815878
1624 1349 1086815917
101 176 1086815949
749 1487 1086815962
101 198 1086816005
644 1648 1086816155
644 1244 1086816357
749 713 1086816359
353 298 1086816696
1624 367 1086817059
367 1624 1086817153
1624 367 1086817191
1332 495 1086817906
1101 713 1086818334
1142 1185 1086818368
1580 1545 1086818494
1332 298 1086818556
1580 1352 1086818672
281 1312 1086818674
281 254 1086818699
1312 281 1086818787
1387 12 1086818909
281 1312 1086818929
1113 1463 1086819416
1113 1568 1086819450
176 101 1086819469
1312 1387 1086819477
1568 1113 1086819533
617 431 1086819577
1642 679 1086819585
1423 1158 1086819741
431 617 1086819922
617 431 1086819986
431 617 1086820026
1520 12 1086820058
1339 504 1086820150
617 431 1086820163
95 1118 1086820380
1378 128 1086820387
95 1580 1086820466
95 712 1086820555
1440 12 1086820925
1349 1624 1086821080
155 1580 1086821114
859 1522 1086821620
973 254 1086821636
919 95 1086821676
686 621 1086821831
1346 1314 1086821961
1624 1349 1086822063
1565 357 1086822442
831 1270 1086822547
831 1187 1086822560
1118 95 1086822932
1185 1142 1086822946
970 617 1086823125
1185 536 1086823225
482 463 1086823268
1185 1312 1086823269
482 194 1086823401
1312 1185 1086823402
176 1565 1086823427
1565 176 1086823473
1185 1312 1086823483
1312 1185 1086823589
176 1565 1086823635
679 1642 1086823897
1158 1423 1086823912
1158 27 1086823993
1158 1072 1086824090
1185 408 1086824204
431 617 1086824215
1565 176 1086824566
1185 743 1086824617
176 1565 1086824717
1185 1372 1086824721
1185 1402 1086824801
1565 176 1086824809
176 1565 1086824921
1565 176 1086825010
617 431 1086825026
617 970 1086825041
176 1565 1086825088
12 1440 1086825280
963 1648 1086825577
34 1130 1086825726
437 1113 1086825770
495 950 1086826025
495 1213 1086826094
1365 810 1086826207
73 617 1086826837
810 1365 1086826918
298 353 1086826982
19 1664 1086826997
1013 1365 1086827024
298 1332 1086827073
924 768 1086827090
768 924 1086827179
621 768 1086827191
725 1624 1086827279
768 924 1086827332
768 621 1086827345
621 768 1086827422
878 713 1086827608
495 741 1086827807
495 933 1086827827
495 1113 1086827935
495 1332 1086827948
1565 176 1086828099
176 1565 1086828166
1113 1568 1086828223
1434 174 1086828242
1565 176 1086828246
1601 220 1086828306
1113 437 1086828313
174 1434 1086828325
970 617 1086828532
1113 495 1086828543
617 970 1086829191
1314 1346 1086829305
617 73 1086829333
1565 176 1086829558
1032 783 1086829770
1565 3 1086829801
1029 962 1086829844
1665 1049 1086829863
1113 1603 1086829924
1665 1113 1086829976
1113 1665 1086830097
1665 1113 1086830169
220 1601 1086830234
1113 1665 1086830356
681 109 1086830726
1032 783 1086830734
1253 1013 1086830795
1253 1034 1086830849
1185 713 1086830982
423 1603 1086831122
1032 783 1086831146
423 1426 1086831167
423 1665 1086831211
843 1406 1086831286
1665 423 1086831415
1032 783 1086831429
1346 1314 1086831484
1032 783 1086831531
1406 843 1086831535
1032 783 1086831684
1231 963 1086831684
1032 783 1086831840
72 679 1086831923
1032 783 1086832058
423 1665 1086832194
1032 783 1086832432
1032 783 1086832641
1632 1039 1086832735
741 495 1086832769
1032 783 1086832833
254 973 1086832905
1032 783 1086833146
1 312 1086833420
1280 1287 1086833461
1665 423 1086833502
1665 1113 1086833544
1601 220 1086833629
1032 783 1086833724
337 297 1086833746
970 617 1086833837
1032 783 1086833940
1601 220 1086834056
509 1665 1086834063
3 1565 1086834073
3 1 1086834116
3 1 1086834118
3 1 1086834120
3 1 1086834122
3 1 1086834124
3 1 1086834125
3 1 1086834127
3 1 1086834128
3 1 1086834130
3 1 1086834132
3 1 1086834133
3 1 1086834135
3 1 1086834137
3 1 1086834139
3 1 1086834141
3 1 1086834143
3 1 1086834145
3 1 1086834146
3 1 1086834148
3 1 1086834150
3 1 1086834151
3 1 1086834153
3 1 1086834154
3 1 1086834156
3 1 1086834158
3 1 1086834159
3 1 1086834161
3 1 1086834162
1661 713 1086834172
509 783 1086834232
1032 783 1086834239
1244 644 1086834267
1244 249 1086834292
783 509 1086834347
644 1244 1086834388
176 1565 1086834431
3 1 1086834436
3 1 1086834438
1032 783 1086834482
712 95 1086834525
1601 1666 1086834545
712 1042 1086834562
1113 1665 1086834625
509 783 1086834670
1601 1636 1086834833
783 1032 1086834915
783 1032 1086834927
509 1463 1086834972
1158 1072 1086835033
1382 710 1086835135
1158 1255 1086835240
864 361 1086835431
1032 783 1086835453
421 1436 1086835487
421 300 1086835529
783 1032 1086835560
27 1158 1086835580
1032 783 1086835585
843 1406 1086835586
783 1032 1086835635
1032 783 1086835715
783 1032 1086835941
1032 783 1086836018
1013 1253 1086836048
1665 573 1086836078
573 1665 1086836216
878 1665 1086836302
176 1665 1086836323
1665 573 1086836366
1665 878 1086836384
1158 27 1086836447
1665 176 1086836457
1665 509 1086836496
1253 1013 1086836609
9 1313 1086836622
393 573 1086836670
1190 1285 1086836710
482 1665 1086836845
1287 1280 1086836905
1158 1665 1086836907
1488 518 1086837080
1667 1231 1086837109
1029 1021 1086837123
1029 1665 1086837137
783 1032 1086837141
1667 53 1086837163
1667 1312 1086837344
1312 1667 1086837367
1648 337 1086837536
1648 719 1086837607
1231 1667 1086837679
27 620 1086837709
361 864 1086837809
1032 783 1086837813
573 393 1086837817
1231 1601 1086837829
783 1032 1086837849
573 1665 1086837867
361 697 1086837943
393 573 1086837969
1601 1231 1086838016
1013 1253 1086838040
1231 1601 1086838147
361 1069 1086838196
1032 783 1086838305
1601 1231 1086838397
1665 573 1086838493
1665 1029 1086838505
1231 1601 1086838527
1665 1158 1086838540
783 1032 1086838542
1665 482 1086838568
361 1056 1086838615
361 1587 1086838744
361 311 1086838937
1487 161 1086839006
1487 749 1086839038
361 463 1086839042
609 523 1086839054
710 1382 1086839081
819 1642 1086839088
1601 1231 1086839249
573 1665 1086839276
1158 1665 1086839353
1032 783 1086839371
1313 9 1086839372
1231 1601 1086839432
731 1173 1086839480
573 393 1086839500
768 1304 1086839529
731 824 1086839542
1029 1665 1086839599
1029 1472 1086839629
1601 1231 1086839822
1189 1665 1086839891
1665 573 1086839949
1253 1013 1086840014
1304 768 1086840103
1665 1189 1086840103
783 1032 1086840144
1189 1665 1086840163
573 1665 1086840208
1231 1601 1086840234
1270 831 1086840316
12 1387 1086840345
809 1406 1086840353
12 1255 1086840378
1665 1029 1086840463
1665 1189 1086840508
176 1665 1086840565
1189 1665 1086840635
1665 176 1086840642
176 1665 1086840659
1665 573 1086840714
1173 731 1086840716
1665 176 1086840734
1667 1231 1086840837
1013 1253 1086840883
27 1158 1086840893
1136 1052 1086840934
573 1665 1086840980
1231 1667 1086841044
1667 1231 1086841088
1667 523 1086841116
1189 1665 1086841141
308 1601 1086841177
1621 1663 1086841189
403 302 1086841204
950 495 1086841344
1665 1189 1086841380
1665 573 1086841524
1253 1013 1086841554
482 1665 1086841677
573 1665 1086841690
1665 950 1086841753
878 1665 1086841799
1621 42 1086841817
1665 878 1086841858
1665 573 1086841933
361 809 1086841937
878 1665 1086842010
1013 1253 1086842017
1189 878 1086842056
878 1189 1086842077
1189 878 1086842079
573 1665 1086842081
878 1189 1086842104
878 1665 1086842169
308 1601 1086842226
308 1312 1086842360
1312 308 1086842418
870 1312 1086842429
1189 1665 1086842447
1312 870 1086842480
1665 573 1086842525
1312 870 1086842569
1576 1665 1086842606
573 1665 1086842612
870 1312 1086842644
1312 870 1086842719
1665 1576 1086842722
233 810 1086842739
233 193 1086842780
870 1312 1086842794
193 233 1086842818
1312 870 1086842824
1601 308 1086842899
233 193 1086842924
1665 573 1086843030
1601 1231 1086843067
595 1101 1086843082
193 233 1086843137
595 1101 1086843228
1542 468 1086843267
573 1665 1086843365
1601 393 1086843405
518 1488 1086843459
1231 1601 1086843520
1542 233 1086843543
1189 975 1086843554
1542 1383 1086843669
1072 1158 1086843749
1383 1542 1086843811
713 1101 1086843820
518 1488 1086843828
1070 598 1086843835
282 9 1086844055
1601 1231 1086844217
1542 1383 1086844239
1231 1601 1086844435
41 1665 1086844909
1472 1029 1086845013
403 569 1086845127
53 1667 1086845376
1488 518 1086845511
1488 518 1086845539
1647 878 1086845749
973 254 1086845803
719 1648 1086845808
1647 9 1086845862
1648 719 1086845950
609 1665 1086846025
719 1648 1086846029
1648 719 1086846152
719 1648 1086846179
1648 719 1086846231
523 609 1086846253
523 1667 1086846261
523 41 1086846278
198 1647 1086846327
609 523 1086846356
523 609 1086846385
1647 1608 1086846394
1387 12 1086846405
12 1387 1086846438
518 1488 1086846439
609 523 1086846451
1648 719 1086846457
1608 1647 1086846499
1387 12 1086846572
697 361 1086846580
768 1304 1086846603
12 1387 1086846628
1647 242 1086846760
523 609 1086846862
609 523 1086846954
1647 198 1086847008
1255 1158 1086847047
1255 12 1086847071
1647 1608 1086847119
523 609 1086847175
1297 1642 1086847206
1608 1647 1086847291
9 1647 1086847341
9 282 1086847348
1647 1608 1086847383
1252 1616 1086847401
242 1647 1086847424
1647 9 1086847460
1647 242 1086847524
1608 1647 1086847541
609 1629 1086847583
298 518 1086847608
1647 1608 1086847644
242 1647 1086847668
1406 809 1086847796
1647 242 1086847821
810 233 1086847843
1608 1647 1086847894
1568 1113 1086847966
1647 1608 1086847979
1647 1608 1086848040
242 1647 1086848058
1667 53 1086848107
1071 1130 1086848120
1667 53 1086848160
1332 617 1086848395
1342 1255 1086848442
1545 1580 1086848531
1647 242 1086848692
53 1667 1086848693
1042 712 1086848826
1113 1568 1086848846
12 1255 1086848895
1332 53 1086848906
1647 1297 1086848963
1255 1342 1086848985
1255 12 1086849032
1647 468 1086849056
1297 1647 1086849126
234 1255 1086849152
1647 193 1086849160
1647 1297 1086849210
468 1647 1086849226
12 1255 1086849232
1642 1297 1086849301
1565 176 1086849301
1304 768 1086849310
234 220 1086849322
1647 468 1086849334
1297 1647 1086849372
1255 234 1086849397
1647 1297 1086849550
176 1565 1086849552
1297 1642 1086849576
53 1332 1086849718
1647 821 1086849743
831 1270 1086849744
1565 176 1086849785
176 1565 1086849879
53 413 1086849881
1297 1647 1086849883
1647 1297 1086849923
1565 176 1086850058
1297 1647 1086850067
413 53 1086850071
53 413 1086850219
12 9 1086850246
1158 1072 1086850270
1545 1312 1086850364
1158 27 1086850432
1312 1545 1086850540
1332 639 1086850554
1332 639 1086850569
768 1304 1086850581
161 1 1086850588
413 53 1086850616
1312 1545 1086850744
161 1487 1086850843
1545 1312 1086850858
1312 1545 1086850940
1545 1312 1086850984
1312 1545 1086851062
1304 768 1086851125
1545 1312 1086851346
1576 1545 1086851597
1545 1576 1086851608
1312 1545 1086851618
768 163 1086851636
1545 1576 1086851651
1545 1312 1086851670
1576 1665 1086851746
975 1189 1086851767
970 502 1086851837
495 1113 1086851869
1312 1545 1086851874
1545 1312 1086852004
1576 389 1086852035
1545 1312 1086852111
1312 1545 1086852187
1312 1545 1086852233
1365 810 1086852247
1187 831 1086852307
1545 1312 1086852327
1667 53 1086852327
1365 1013 1086852371
1158 1255 1086852379
163 768 1086852427
1312 1545 1086852511
249 1244 1086852542
53 1667 1086852564
1545 1312 1086852617
821 1647 1086852629
337 1648 1086852756
249 44 1086852847
1312 1545 1086852932
1545 1312 1086853080
1312 1545 1086853120
1545 1312 1086853169
1545 1312 1086853194
1545 1312 1086853286
249 1665 1086853297
1285 975 1086853356
249 1312 1086853393
1312 1545 1086853418
598 1070 1086853469
768 163 1086853474
1312 249 1086853535
1545 1312 1086853610
249 1312 1086853663
1312 1545 1086853691
1545 1312 1086853743
1312 249 1086853810
1312 1545 1086853948
393 1601 1086853955
612 128 1086854011
1545 1312 1086854039
1312 1545 1086854078
502 970 1086854110
372 1624 1086854118
1667 53 1086854190
1545 1312 1086854192
1312 1545 1086854285
249 1312 1086854302
1545 1312 1086854399
686 768 1086854401
1312 1545 1086854424
686 1270 1086854452
975 1285 1086854570
810 1365 1086854571
831 1187 1086854622
1665 41 1086854724
1343 1359 1086854800
442 1565 1086854823
27 1158 1086854836
1343 281 1086854838
1343 283 1086854898
1158 27 1086855044
176 1665 1086855462
1648 337 1086855548
9 1647 1086855658
9 1545 1086855804
878 1647 1086856192
180 182 1086856387
1101 713 1086856995
620 27 1086857213
1253 1013 1086857961
468 1647 1086858039
1253 1343 1086858149
1636 1601 1086859087
249 967 1086859256
1545 9 1086860770
1029 1472 1086861987
1340 1029 1086864047
1029 1340 1086864231
1340 1029 1086864528
1326 1029 1086864831
1585 1582 1086865919
1029 1326 1086868133
1326 1029 1086868754
1313 9 1086872564
1668 809 1086872701
1608 1647 1086876754
41 523 1086878907
41 1665 1086878918
41 1029 1086878940
