847 818 1092595090
398 105 1092595503
144 1472 1092597882
144 1758 1092598122
1786 1255 1092598789
3 1795 1092601354
1750 1231 1092601498
1472 144 1092604933
818 1542 1092607250
818 32 1092607346
818 847 1092607428
547 1169 1092609393
898 1562 1092612455
847 818 1092612922
1724 105 1092615317
1724 431 1092615345
504 1740 1092619357
1167 713 1092619895
1750 1338 1092622725
1750 1246 1092622943
1280 768 1092623279
1416 969 1092624678
431 1724 1092624735
32 818 1092625332
494 1436 1092626183
1562 898 1092626994
652 1565 1092627861
1724 431 1092628468
1168 1750 1092628842
105 1724 1092630343
1750 1168 1092630344
105 398 1092630451
1168 1750 1092630502
1750 1168 1092630545
1542 818 1092631997
144 1472 1092632566
144 42 1092632733
1168 1750 1092633164
1183 1349 1092633785
1472 144 1092636750
105 1349 1092637077
95 1796 1092638739
95 561 1092639741
1786 1585 1092639904
1796 95 1092640318
95 1796 1092640886
105 140 1092640908
1786 1344 1092641660
67 1796 1092641720
302 1543 1092644004
1797 1798 1092645766
1 3 1092646130
1 44 1092646281
1 36 1092646292
1 3 1092646302
341 1792 1092647071
1 3 1092662063
