1312 12 1089817677
1675 32 1089818063
1675 67 1089818170
277 1741 1089821665
1332 27 1089822695
27 1332 1089822990
27 1285 1089824176
211 1742 1089825682
1423 1669 1089827692
12 1312 1089828365
699 959 1089828385
143 201 1089829613
1742 211 1089830142
495 1406 1089832843
1713 495 1089832899
495 127 1089832928
495 1713 1089833017
1713 495 1089833113
495 1713 1089833418
1387 1285 1089833887
1079 27 1089834655
1059 713 1089836030
27 1079 1089836429
1190 1488 1089837357
1669 1423 1089837477
319 95 1089841499
617 431 1089843039
617 1667 1089843094
1285 27 1089845247
1290 1677 1089845403
1285 1387 1089845917
1312 12 1089846808
1312 1313 1089846878
1313 1312 1089846894
1313 1312 1089846906
1312 1313 1089846912
1313 1312 1089846938
1313 1713 1089846991
443 32 1089847424
176 1436 1089847513
431 617 1089848332
12 1312 1089848629
1312 12 1089849080
1158 1497 1089858178
1158 1497 1089858203
1285 1312 1089858499
233 1136 1089858989
1535 1753 1089859033
1312 1313 1089859739
201 143 1089860076
724 1647 1089860258
1667 617 1089860970
1667 969 1089861044
32 3 1089861766
32 1675 1089861939
32 1731 1089862023
1493 1113 1089862386
1647 724 1089863281
1647 1669 1089863342
1713 1647 1089863382
1647 1713 1089863407
1713 1647 1089863428
1647 1713 1089863491
1713 1647 1089863587
1647 1713 1089863623
1713 1647 1089863689
1647 1713 1089863737
1713 1647 1089863783
1713 1313 1089863956
1647 1713 1089864539
644 8 1089864759
1436 176 1089865308
1669 1647 1089866828
1343 9 1089867130
1042 1338 1089867553
1042 1730 1089867664
1406 495 1089867815
1713 1647 1089868321
1178 1713 1089868939
193 118 1089869862
249 582 1089872947
1231 1667 1089873519
1647 1669 1089874546
1647 1713 1089874576
249 974 1089876035
1741 783 1089876383
1741 277 1089876688
431 1231 1089876812
249 437 1089877506
42 344 1089877680
878 1647 1089877702
41 1745 1089878793
41 1652 1089878804
67 1675 1089878818
1730 1042 1089878821
788 9 1089878914
48 1655 1089879688
1009 27 1089881958
42 1744 1089884320
1540 48 1089887048
582 249 1089889466
1497 1158 1089891436
1497 1158 1089891436
3 32 1089898766
1748 1406 1089900255
3 312 1089901959
