32 815 1086880394
32 1665 1086880720
1013 1365 1086880959
1013 1253 1086881049
67 1665 1086883744
809 361 1086885157
809 1406 1086885181
809 1668 1086885220
361 809 1086885459
809 795 1086885513
9 1545 1086886275
9 1313 1086886334
9 617 1086886354
9 1313 1086886364
9 1196 1086886413
1253 1013 1086887371
1 161 1086887430
1 3 1086887459
1561 249 1086887681
281 1343 1086887830
1669 1670 1086887933
1561 42 1086887933
1670 1669 1086887949
1669 1670 1086887957
249 1561 1086888481
249 1561 1086888586
1039 1316 1086888795
53 1667 1086889171
1624 372 1086889338
615 1668 1086889404
538 1671 1086889503
1382 710 1086889720
431 617 1086890255
27 1158 1086890360
1314 1346 1086890441
27 620 1086890778
1013 1253 1086890860
53 1657 1086891016
1253 1013 1086891068
1667 53 1086891119
1072 1158 1086891400
1013 1253 1086891483
1647 821 1086891579
1647 878 1086891604
1647 9 1086891613
1647 1608 1086891641
1255 1158 1086891805
1387 12 1086891933
1255 447 1086891964
1387 1313 1086892005
1387 1344 1086892039
543 1189 1086892679
318 67 1086892828
1639 777 1086892893
1344 1387 1086892989
318 1285 1086893130
1387 1344 1086893192
1423 1158 1086893358
1387 1313 1086893663
504 1339 1086894101
950 1665 1086894282
1568 1113 1086894317
710 1283 1086894594
778 1029 1086894774
1668 615 1086895418
518 298 1086895853
9 1647 1086895920
615 1668 1086896028
193 1647 1086896263
509 1665 1086896513
509 1026 1086896570
1672 437 1086896660
509 1255 1086896808
768 686 1086896999
1029 41 1086897060
1029 778 1086897069
1029 1489 1086897583
1255 509 1086897845
812 708 1086898258
308 1601 1086898309
1187 831 1086898320
53 1667 1086898516
72 42 1086898626
1667 53 1086899016
1667 53 1086899132
1153 128 1086899187
1657 53 1086899854
161 1 1086899957
53 1667 1086900086
1070 598 1086900170
53 1667 1086900178
53 1657 1086900217
42 72 1086901495
1608 1647 1086901682
1667 53 1086902377
1657 53 1086902656
53 1657 1086902770
53 1667 1086903695
361 1417 1086904096
970 617 1086905307
970 502 1086905326
970 1641 1086905376
1406 809 1086905631
1013 1253 1086905764
1 161 1086906409
1158 1255 1086906595
109 681 1086906760
1158 1072 1086907128
1158 1423 1086907162
1158 1072 1086907221
1072 1158 1086907255
1072 1158 1086907272
686 621 1086907445
1158 1072 1086907472
1158 1072 1086907512
249 318 1086907602
1436 421 1086907628
249 1343 1086907637
1158 1072 1086907697
249 1648 1086907703
1543 475 1086907738
1285 318 1086907785
249 1074 1086907848
1487 1226 1086907856
1253 1013 1086907983
1487 161 1086908372
1346 1314 1086908381
1072 1158 1086908394
1487 1673 1086908454
1673 1487 1086908487
1487 1673 1086908583
1255 1158 1086909352
482 1674 1086909408
1255 1359 1086909586
1189 620 1086909948
1158 1072 1086910645
1158 1255 1086910656
1158 1255 1086910737
809 1406 1086910920
1675 582 1086910955
1013 1253 1086910981
447 1255 1086911019
1031 42 1086911394
711 644 1086911584
644 711 1086911679
1668 615 1086911800
53 1667 1086911901
711 644 1086911931
1327 711 1086912096
1488 518 1086912154
101 176 1086912627
1339 504 1086912634
617 970 1086912902
1641 970 1086912915
617 1332 1086913041
617 431 1086913106
1667 53 1086913176
617 970 1086913187
711 1327 1086913208
1641 970 1086913244
617 644 1086913298
1327 711 1086913425
617 1667 1086914125
1253 1013 1086914200
708 812 1086915132
768 1304 1086915841
686 1676 1086915843
495 741 1086915887
282 66 1086916322
1667 617 1086916346
1231 1667 1086916527
245 1283 1086916687
1313 1387 1086916914
1313 1387 1086916943
1667 1231 1086916993
644 617 1086917101
353 298 1086917369
1642 822 1086917767
1313 9 1086917774
353 194 1086917792
161 1 1086918105
161 1487 1086918117
44 249 1086918292
12 1387 1086918553
1231 1667 1086919172
12 1312 1086919354
1 3 1086919478
1 3 1086919640
1313 9 1086920122
509 1255 1086920248
1136 781 1086920460
1668 1379 1086920503
1136 234 1086920511
234 1136 1086920602
617 1667 1086920687
1343 1253 1086920956
1343 281 1086921072
1343 249 1086921117
1302 338 1086921260
1290 1677 1086921331
1314 1346 1086921437
57 1616 1086921613
518 1488 1086921929
1304 768 1086922010
1545 9 1086922365
1489 1029 1086922403
1406 809 1086922922
1668 454 1086923344
621 686 1086923457
1270 831 1086923672
1270 686 1086923707
518 1488 1086923770
777 1639 1086924090
644 1616 1086924121
1130 34 1086924418
1130 19 1086924483
161 1673 1086924599
1383 1542 1086925051
393 263 1086925153
393 1190 1086925262
768 886 1086925294
234 1616 1086925430
1312 12 1086925587
1542 1383 1086925935
686 621 1086926075
686 1270 1086926119
1667 617 1086926167
1270 686 1086926183
12 1312 1086926187
686 1270 1086926227
234 1312 1086926291
1312 12 1086926307
234 1312 1086926313
1312 234 1086926362
12 1312 1086926412
1312 12 1086926453
34 1130 1086926603
12 1312 1086926621
234 1312 1086926654
281 1343 1086926771
1312 234 1086926844
12 1312 1086927243
1052 1648 1086927270
1312 12 1086927280
1312 12 1086927290
12 1312 1086927340
1052 1136 1086927350
12 1312 1086927351
1312 12 1086927404
598 1474 1086927466
12 1312 1086927483
234 1312 1086927574
1312 12 1086927627
1312 234 1086927650
12 1312 1086927660
234 1312 1086927680
1312 12 1086927709
12 1312 1086927866
1312 12 1086927908
12 1312 1086928008
1312 12 1086928057
12 1312 1086928141
1312 12 1086928230
12 1312 1086928293
1312 12 1086928333
9 1313 1086928368
12 1312 1086928461
679 72 1086928521
1379 1668 1086928569
72 679 1086928607
1312 12 1086928647
234 1312 1086928758
1312 234 1086928805
342 544 1086928807
12 1312 1086928858
1526 1130 1086928923
1312 12 1086928925
523 1269 1086928965
12 1312 1086929039
234 1312 1086929087
1312 12 1086929150
12 1312 1086929185
1312 234 1086929202
1312 234 1086929202
234 1312 1086929264
1312 234 1086929302
234 1312 1086929317
582 1675 1086929348
12 1312 1086929387
281 708 1086929405
1316 72 1086929417
1312 12 1086929498
12 1312 1086929549
234 1312 1086929642
679 72 1086929683
1312 234 1086929831
1312 12 1086929846
234 1312 1086929858
72 679 1086929862
12 1312 1086929926
1312 234 1086929961
679 72 1086930046
234 1312 1086930060
1312 12 1086930063
1312 234 1086930076
12 1312 1086930136
72 679 1086930185
1312 12 1086930185
781 1136 1086930194
12 1312 1086930247
12 1312 1086930268
1312 12 1086930282
12 1312 1086930309
1332 617 1086930333
1312 12 1086930365
1312 12 1086930401
12 1312 1086930519
1312 12 1086930603
12 1312 1086930616
1312 12 1086930734
12 1312 1086930794
1312 12 1086930875
12 1312 1086930937
1312 12 1086930938
1312 12 1086931212
12 1312 1086931230
1312 12 1086931341
1644 812 1086931347
1312 12 1086931373
1644 67 1086931396
809 1406 1086931623
72 679 1086931632
12 1312 1086931654
809 1379 1086931781
1343 281 1086931781
357 1644 1086931890
281 1343 1086932027
357 1343 1086932462
1648 249 1086932577
1644 357 1086932727
357 1616 1086932743
357 1644 1086932762
1602 59 1086932910
1472 949 1086932951
1648 1052 1086932966
777 537 1086933136
1644 357 1086933299
357 1644 1086933354
1586 1557 1086933586
1248 768 1086933641
338 1302 1086933692
19 1130 1086933739
1487 42 1086933742
812 1644 1086933790
19 1130 1086933991
1602 1678 1086934084
1679 1565 1086934094
1623 711 1086934135
1679 1565 1086934164
1679 1565 1086934174
1679 1565 1086934180
1679 1565 1086934188
1565 1679 1086934209
249 44 1086934289
1565 1679 1086934289
249 1648 1086934332
1679 1565 1086934378
176 1565 1086934405
1346 1314 1086934544
1679 569 1086934928
1676 686 1086934959
1158 1072 1086934980
686 1676 1086935067
768 1248 1086935078
1580 1545 1086935086
32 1312 1086935094
569 1679 1086935127
1565 176 1086935134
1312 32 1086935150
176 1565 1086935175
1644 812 1086935200
1676 686 1086935267
1580 1676 1086935367
1676 1580 1086935378
1565 176 1086935382
176 1565 1086935402
1676 1580 1086935420
1565 1679 1086935437
1565 176 1086935462
1644 1623 1086935469
1580 1577 1086935485
1676 1580 1086935497
1580 1676 1086935535
1580 1676 1086935548
1580 1676 1086935569
1580 155 1086935659
1679 569 1086935708
1676 1580 1086935743
1343 281 1086935752
1314 1346 1086935790
1676 1580 1086935792
302 403 1086935838
1343 357 1086935860
1580 1676 1086935947
1029 1489 1086935951
1256 1680 1086935958
1676 1580 1086935989
1580 1676 1086935990
1580 1676 1086936053
1676 1580 1086936058
569 1679 1086936127
1679 1565 1086936130
1676 1580 1086936140
679 72 1086936187
679 72 1086936212
372 1343 1086936218
1580 1676 1086936229
1580 1676 1086936280
1676 1580 1086936344
800 1256 1086936369
1676 1580 1086936389
1565 1679 1086936391
1343 372 1086936419
1676 1580 1086936444
1648 249 1086936475
1580 1676 1086936496
1676 1580 1086936497
1256 800 1086936501
621 686 1086936508
1580 1676 1086936558
1580 1676 1086936612
1676 1580 1086936619
1676 1580 1086936661
1676 1580 1086936684
1580 1522 1086936764
431 617 1086936791
1580 1676 1086936797
249 1648 1086936850
1676 1580 1086936905
621 1526 1086936943
249 1580 1086936988
1580 1676 1086936991
1580 249 1086937042
621 1647 1086937060
1676 1580 1086937076
1072 1158 1086937101
1158 1072 1086937137
1580 1676 1086937153
1072 1158 1086937165
1545 1580 1086937213
1647 9 1086937256
1580 1545 1086937266
1676 1580 1086937307
1158 1072 1086937308
1647 193 1086937309
1647 1608 1086937333
1580 1554 1086937337
621 824 1086937349
1647 621 1086937364
9 1647 1086937370
67 1072 1086937370
1355 1033 1086937372
1648 249 1086937373
1072 1158 1086937379
1580 1676 1086937392
1158 1072 1086937396
1355 1183 1086937406
1647 9 1086937419
1072 1158 1086937420
1355 42 1086937424
1158 1072 1086937435
1072 1158 1086937475
1676 1580 1086937487
1158 1072 1086937499
1580 1676 1086937545
621 1647 1086937555
621 768 1086937606
1158 1072 1086937657
1580 1586 1086937689
1580 1283 1086937731
1283 1580 1086937766
1580 1283 1086937812
1580 9 1086937880
687 1681 1086937997
372 1343 1086938003
768 1616 1086938005
372 713 1086938053
1039 1316 1086938084
1158 1072 1086938119
1679 569 1086938142
372 1493 1086938192
372 1580 1086938220
1580 518 1086938223
1072 1158 1086938270
1580 372 1086938271
569 1679 1086938274
1580 372 1086938298
1283 1580 1086938299
1580 1283 1086938333
1679 1565 1086938379
768 824 1086938505
372 1580 1086938529
1580 372 1086938563
298 353 1086938585
9 1580 1086938619
372 1580 1086938623
281 1343 1086938635
1500 144 1086938655
1580 372 1086938687
1580 9 1086938718
372 1580 1086938722
1679 569 1086938744
9 1580 1086938793
1565 1679 1086938828
249 1580 1086938857
1580 9 1086938880
1580 249 1086938931
1565 176 1086938978
9 1580 1086938979
1580 9 1086938987
9 1580 1086939019
1580 9 1086939058
1580 9 1086939078
249 1580 1086939095
9 1580 1086939125
1580 1508 1086939145
569 1679 1086939152
1072 1158 1086939180
1580 249 1086939194
1554 1580 1086939207
1231 234 1086939255
176 1565 1086939257
1580 9 1086939260
249 1580 1086939264
9 1580 1086939297
1158 1072 1086939301
1565 176 1086939302
1580 1554 1086939302
970 617 1086939318
1580 249 1086939331
1158 1072 1086939331
1026 509 1086939338
970 617 1086939344
1580 9 1086939363
176 1565 1086939369
970 1641 1086939369
249 1580 1086939400
1072 1158 1086939401
1379 809 1086939447
1580 249 1086939456
249 1580 1086939517
1554 1580 1086939543
1158 1072 1086939576
831 1270 1086939607
1580 249 1086939620
1072 1158 1086939662
1580 1554 1086939666
1565 176 1086939680
249 1580 1086939703
1158 1072 1086939747
1343 281 1086939798
176 1565 1086939800
1554 1580 1086939825
1679 569 1086939842
1158 1072 1086939868
353 298 1086940045
249 654 1086940087
569 1679 1086940283
1565 176 1086940292
1679 1565 1086940422
1554 1468 1086940461
1554 1468 1086940470
1554 1468 1086940476
1565 1679 1086940504
1565 176 1086940575
176 1565 1086940584
155 1580 1086940606
1565 176 1086940771
1406 1343 1086940800
1679 569 1086940803
176 1565 1086940815
1343 1406 1086940880
1406 1343 1086941020
1565 176 1086941072
569 1679 1086941097
176 1565 1086941110
298 353 1086941330
1568 332 1086941336
1343 1406 1086941378
1406 1343 1086941453
1406 1343 1086941478
1679 569 1086941616
1343 1406 1086942046
1343 1406 1086942085
1406 1343 1086943021
1270 831 1086943140
809 1379 1086943331
372 482 1086943413
482 372 1086943511
193 1647 1086943603
372 482 1086943763
482 372 1086943957
1379 809 1086944064
809 1379 1086944167
1675 582 1086944301
1675 1075 1086944485
1565 176 1086944547
372 809 1086944730
176 1565 1086944734
372 482 1086944747
516 1281 1086944775
1565 176 1086944814
176 1565 1086944901
778 277 1086944999
1565 176 1086945175
176 1565 1086945267
582 1675 1086945278
809 372 1086945348
1379 809 1086945519
176 1565 1086946327
1093 1624 1086946563
1565 176 1086947003
176 1565 1086947056
1565 176 1086947228
176 1565 1086947368
1565 176 1086947411
176 1565 1086947517
1565 176 1086947577
176 1565 1086947645
1565 176 1086948206
1255 509 1086949038
620 27 1086953942
620 654 1086955365
144 1500 1086963355
281 1343 1086963457
281 1580 1086963721
