536 1543 1096557804
1624 1678 1096563771
1543 536 1096564277
1864 1624 1096565573
1772 1624 1096565610
1864 1624 1096565613
1864 1624 1096565747
1346 1713 1096566580
697 808 1096568498
1713 617 1096573246
1781 9 1096574353
969 1669 1096574872
1724 1836 1096575973
1624 1772 1096576517
1624 1864 1096576591
1624 1864 1096576694
1624 1864 1096576706
1624 1168 1096576726
1624 9 1096578669
1 312 1096579963
1669 969 1096582556
1543 1724 1096583538
1543 969 1096583727
557 1624 1096584200
1491 847 1096585856
1624 557 1096591599
536 1543 1096591854
1865 674 1096593214
1865 1852 1096593320
9 1624 1096594026
12 1312 1096594330
1864 1624 1096597573
234 642 1096602031
1280 768 1096602483
1624 9 1096604429
1624 1864 1096604625
1836 1724 1096606737
1343 1619 1096609101
1312 12 1096610174
674 1865 1096614656
1866 1847 1096619075
1866 773 1096619207
540 615 1096621741
1168 1624 1096624456
1406 194 1096626008
1865 674 1096641393
