1312 1313 1091027239
27 12 1091027241
1312 1344 1091027255
1756 1644 1091027486
1489 1533 1091032556
1756 286 1091033696
1756 286 1091033703
1756 286 1091033707
1756 286 1091033712
1756 1130 1091033868
1756 1130 1091033875
1756 1130 1091033878
1756 1130 1091033880
1756 525 1091033996
1756 525 1091034009
1395 1772 1091036409
9 32 1091039472
9 1731 1091039499
63 127 1091039704
1 312 1091039729
9 97 1091039822
9 8 1091039841
9 1118 1091039848
1118 1667 1091040839
1118 9 1091040848
1344 1312 1091042334
1758 144 1091044705
1758 1644 1091044785
1644 1758 1091046397
1644 1756 1091046670
429 191 1091048358
430 72 1091049280
430 144 1091049328
430 8 1091049341
9 1118 1091050625
1118 9 1091052157
1118 9 1091052178
1756 1644 1091053742
1127 319 1091054290
561 431 1091056243
1716 1308 1091056730
1716 1308 1091057001
191 429 1091058130
679 1773 1091059369
561 1310 1091060503
1237 843 1091060683
1686 1395 1091061250
561 95 1091061321
561 1713 1091061442
697 642 1091069697
175 95 1091070312
697 1774 1091070324
1493 1713 1091070673
1312 1344 1091071012
1387 9 1091071746
1387 12 1091071768
1387 95 1091071816
431 561 1091072426
9 1387 1091073780
1034 1313 1091074040
1308 1716 1091074172
1624 48 1091074232
1758 1644 1091075207
1772 1395 1091075409
175 810 1091075522
1238 1472 1091075794
749 1647 1091076500
1253 674 1091076926
561 431 1091077159
1644 1758 1091080085
1773 679 1091080514
710 970 1091081692
710 67 1091081732
1686 710 1091081774
710 1686 1091081850
1253 1773 1091081888
1686 710 1091081902
674 1253 1091081915
1762 431 1091082017
620 27 1091082262
431 561 1091082310
431 1762 1091082386
1472 1238 1091082711
1253 674 1091083837
843 1237 1091084273
19 8 1091085097
19 1181 1091085166
674 1253 1091085350
852 1775 1091086732
1195 1713 1091087604
48 1624 1091088918
642 809 1091090324
642 697 1091090355
809 1545 1091090938
970 1748 1091091127
970 710 1091091151
429 191 1091091381
67 710 1091091775
67 1776 1091091887
67 1775 1091091904
67 1777 1091091918
67 1777 1091091927
67 1770 1091091948
9 1313 1091092001
9 1313 1091092007
9 1313 1091092014
9 1313 1091092018
9 1313 1091092044
67 9 1091092269
8 9 1091093863
1778 234 1091105280
1 1779 1091109159
1403 1756 1091110242
