1312 12 1090595242
1644 1754 1090595480
1698 1644 1090596021
1756 1644 1090597525
1756 69 1090598490
1756 69 1090598504
1756 69 1090598506
1756 1312 1090598783
1756 1403 1090599355
1762 308 1090601115
175 810 1090605219
1313 12 1090606942
582 27 1090608240
27 582 1090610553
308 1762 1090610756
582 27 1090610796
810 175 1090612597
1359 1343 1090613074
1342 1359 1090613519
1359 1342 1090613606
1403 1756 1090615078
1756 1403 1090615462
1253 812 1090617043
1545 809 1090617121
1644 1698 1090617864
1644 1756 1090617897
1308 9 1090618230
312 1 1090619217
194 199 1090619426
194 295 1090619529
809 1545 1090621971
1127 1260 1090622435
429 242 1090623783
1127 547 1090625683
1127 1034 1090625757
1127 142 1090626192
1312 1756 1090628425
1762 308 1090629155
144 1758 1090629679
48 1540 1090631206
52 652 1090633251
9 194 1090633630
9 1343 1090633812
9 1308 1090633848
1346 9 1090634092
1343 9 1090634648
1343 1359 1090634736
242 429 1090634984
1754 1644 1090635265
1713 1308 1090638328
1713 233 1090638605
233 1713 1090638636
1713 233 1090638661
233 1713 1090638794
1713 233 1090638947
233 1713 1090639021
233 1676 1090639241
1713 233 1090639288
233 1713 1090639364
1713 233 1090639540
799 1475 1090640696
175 810 1090641296
1758 144 1090641773
843 1237 1090642303
1644 1754 1090643706
970 1748 1090644198
277 252 1090647318
1280 1738 1090653126
624 595 1090653947
1716 1308 1090654771
1716 1308 1090654884
191 429 1090655085
1493 1113 1090655675
9 1343 1090656822
9 1346 1090656847
144 1758 1090657395
1113 1493 1090660874
1346 9 1090674742
1493 1113 1090679399
