617 431 1094568979
1403 357 1094569491
3 32 1094581041
357 1403 1094582416
431 617 1094582873
95 1624 1094585011
95 1796 1094585156
95 561 1094585328
1644 9 1094585366
1644 398 1094585825
1624 95 1094588929
1756 1375 1094590621
1783 1231 1094596815
67 1403 1094597096
1756 503 1094597435
36 1789 1094597769
503 1756 1094598512
398 1644 1094598565
697 1783 1094598600
1403 67 1094598783
1127 1227 1094600655
12 1312 1094603354
1831 32 1094603937
12 1624 1094604120
1624 12 1094604268
1831 1543 1094604552
32 3 1094604561
12 1624 1094605187
1831 12 1094605261
398 1644 1094605294
1756 503 1094605643
1624 12 1094608108
183 1676 1094608747
105 1831 1094610955
1724 1315 1094612816
1312 12 1094613702
105 1624 1094614009
1624 105 1094614539
95 1624 1094614556
1624 95 1094614633
95 1624 1094615104
1831 105 1094616275
1808 95 1094616341
1624 95 1094616570
1783 697 1094616586
1713 617 1094616614
1831 1752 1094618446
105 1831 1094618868
105 1624 1094618882
1831 105 1094619293
105 1831 1094619926
357 1403 1094621378
456 1132 1094622795
67 1675 1094622935
398 1781 1094624470
1781 398 1094624628
447 423 1094624907
398 1781 1094624925
1079 27 1094625064
398 1781 1094625086
1079 27 1094625203
398 447 1094625247
398 90 1094625918
1517 710 1094628217
983 1079 1094628496
1231 1783 1094630991
1079 983 1094636944
710 1517 1094639828
27 1079 1094650463
