1329 1271 1088782825
42 1255 1088786538
42 1509 1088786579
525 557 1088786825
1231 984 1088787052
1434 1562 1088787181
1434 193 1088787240
1434 81 1088787335
1434 85 1088787432
626 644 1088789003
626 95 1088789503
61 249 1088790188
697 214 1088791697
1342 1343 1088792266
620 1181 1088794161
482 1548 1088794199
1436 582 1088794787
652 1317 1088795722
1667 1181 1088796127
1548 1713 1088797342
1548 878 1088797387
329 324 1088797396
1314 1346 1088797832
1295 431 1088798378
1562 1434 1088798672
1713 1585 1088800321
1713 1384 1088800362
1384 440 1088800375
1384 440 1088800439
1540 1713 1088800767
1713 1540 1088800814
1713 1540 1088801112
1190 394 1088803220
1713 893 1088803644
1713 1244 1088803715
1713 538 1088803779
1713 1026 1088804364
699 710 1088805736
85 1434 1088807757
582 1436 1088807873
1546 1554 1088809143
1346 1314 1088809266
547 525 1088811312
1647 193 1088811418
1647 1282 1088811435
1647 1282 1088811481
1734 346 1088811889
1183 1727 1088811994
799 1667 1088814151
525 547 1088814275
1713 1730 1088814750
1713 1234 1088814975
1713 1346 1088815108
1280 400 1088815143
1713 1280 1088815453
1280 1713 1088815677
1713 1280 1088815740
1280 1713 1088816077
1713 1548 1088816233
547 525 1088816265
547 1280 1088816451
191 429 1088816472
1280 547 1088816614
1136 249 1088817079
547 1280 1088817174
249 1136 1088817380
847 809 1088817385
431 1295 1088819401
1021 1449 1088819513
725 1624 1088820301
1280 547 1088820368
1434 1562 1088820669
1434 85 1088820835
1667 799 1088821116
547 1280 1088821232
1472 1656 1088821586
1472 1346 1088821894
249 1565 1088825048
249 523 1088825102
249 61 1088825257
249 525 1088825283
525 547 1088825347
525 249 1088825386
1548 1713 1088825388
249 525 1088825414
1713 1548 1088825432
525 249 1088825572
1629 652 1088825574
249 525 1088825618
1713 1629 1088825631
547 525 1088825660
525 249 1088825664
1713 525 1088825733
525 547 1088825840
525 1713 1088825884
1713 525 1088825959
525 249 1088825976
525 1713 1088826162
525 1713 1088826230
1713 525 1088826340
525 1713 1088826407
1713 525 1088826422
708 557 1088826555
525 1713 1088826589
547 525 1088826818
249 525 1088826894
708 1500 1088826966
249 1280 1088827045
1713 525 1088827068
1713 249 1088827113
249 1713 1088827246
1713 708 1088827546
1713 1530 1088827687
1713 1103 1088828326
1713 817 1088828429
1393 1225 1088829241
1713 1436 1088829277
1436 582 1088829464
1436 1713 1088829503
1713 1436 1088829554
1436 1713 1088829738
1713 1436 1088829794
710 1113 1088829851
710 1373 1088829907
1436 1713 1088829918
167 303 1088830371
1713 1117 1088830446
1113 710 1088830508
1436 1735 1088830757
1436 1734 1088830788
346 1734 1088831223
1713 799 1088831425
312 1728 1088831472
799 1713 1088831541
214 697 1088831715
1113 1436 1088832474
1713 561 1088832619
1667 1231 1088832638
1142 1415 1088832645
561 1713 1088832696
1667 30 1088832769
1667 710 1088832905
1713 561 1088832907
1713 710 1088832970
710 1713 1088833061
1713 537 1088833333
1667 983 1088833535
1713 561 1088833900
561 1713 1088833955
1667 983 1088833958
1713 561 1088834268
1562 1434 1088834289
1436 1113 1088834663
1520 63 1088834785
969 234 1088834805
537 1713 1088834849
1113 1436 1088834941
561 1713 1088834971
783 362 1088835015
1436 1113 1088835017
1113 1436 1088835112
362 783 1088835147
1436 1113 1088835170
783 362 1088835243
1667 167 1088835613
1667 1436 1088835640
1238 1272 1088835759
1238 8 1088835841
277 1688 1088835876
1415 1142 1088836213
1280 249 1088837032
1280 547 1088837043
63 1520 1088837221
63 193 1088837328
1346 1472 1088837377
1343 9 1088837687
1343 1113 1088837749
1343 249 1088837763
1343 582 1088837779
1231 1667 1088837999
1343 1342 1088838199
1667 1231 1088838452
1231 1667 1088838985
1113 1343 1088839042
1113 1436 1088839090
447 1667 1088840002
249 447 1088840522
1667 447 1088841214
1679 1434 1088842176
1493 1656 1088842306
1713 1493 1088842483
1493 1713 1088842683
1713 1493 1088842797
482 454 1088842858
1493 1713 1088843072
1713 1493 1088843121
1493 1713 1088843218
393 1190 1088844104
557 525 1088844869
1346 1433 1088845594
652 1629 1088845768
1158 1072 1088846493
557 708 1088846881
1713 1546 1088848901
809 847 1088850371
303 167 1088852385
242 783 1088853410
242 787 1088853459
1520 63 1088865865
