1579 1313 1086362083
949 708 1086362260
1585 762 1086363467
470 621 1086364440
36 189 1086366774
950 389 1086367120
1329 526 1086367957
536 372 1086368030
1362 252 1086368526
1362 342 1086368558
514 762 1086369016
713 1379 1086369547
713 716 1086369601
713 714 1086369770
1548 1063 1086369897
1548 303 1086369986
1596 1607 1086370170
942 1417 1086370265
303 919 1086370639
303 1548 1086371201
557 792 1086371338
1578 847 1086371584
871 1608 1086371698
1575 735 1086371888
337 700 1086372005
322 1021 1086372627
1253 768 1086372880
518 1488 1086373102
919 303 1086373504
42 1440 1086373775
53 1551 1086374011
912 375 1086375093
594 752 1086375279
425 765 1086375766
1440 42 1086375939
1313 1579 1086376077
615 329 1086376090
8 1189 1086376539
1313 569 1086376587
1539 708 1086376657
1362 1608 1086376697
9 1558 1086376826
1199 831 1086376835
1539 708 1086376870
1313 1579 1086376887
163 986 1086377204
994 1540 1086377472
1539 1402 1086377939
1539 1402 1086377975
1594 542 1086378231
1594 1497 1086378271
1539 1402 1086378314
1387 12 1086378860
1540 994 1086379134
1540 372 1086379145
507 1313 1086379511
768 1253 1086379800
67 1313 1086379878
3 1609 1086379981
1313 569 1086380045
1313 569 1086380302
831 1199 1086380404
1313 569 1086380444
569 1313 1086380493
1313 569 1086380560
701 317 1086380679
1387 67 1086380820
41 1497 1086381105
1313 507 1086381431
372 1540 1086381457
189 36 1086381998
42 1582 1086382327
393 942 1086383869
1540 372 1086383906
9 1313 1086384076
257 1610 1086384520
1577 32 1086384544
1072 1158 1086384709
1575 735 1086385019
350 1551 1086385060
1603 334 1086385203
95 561 1086385301
95 299 1086385382
95 1118 1086385425
1603 334 1086385436
95 1246 1086385529
334 1603 1086385579
95 1393 1086385653
1520 1036 1086385681
95 1365 1086385856
95 1580 1086386017
95 712 1086386280
95 1393 1086386707
621 470 1086386750
1562 598 1086386807
1582 42 1086387245
1158 1072 1086387297
124 447 1086387397
124 449 1086387567
1562 932 1086387576
942 393 1086388270
1582 1526 1086388342
95 1118 1086388377
319 1075 1086388552
421 1436 1086388599
95 1251 1086388910
1611 1612 1086388959
95 1385 1086389346
792 557 1086389358
883 245 1086389620
1393 1613 1086389911
372 1540 1086390166
810 233 1086390427
1118 95 1086390799
546 1005 1086390805
1005 546 1086390968
483 1313 1086391124
1365 95 1086391175
1365 1393 1086391294
1614 1603 1086391578
871 1608 1086392271
710 610 1086392291
283 1556 1086393466
1576 578 1086393993
42 1597 1086394016
1 42 1086394122
507 1313 1086394963
1075 319 1086395065
53 1615 1086395213
768 621 1086395416
768 621 1086395553
42 1 1086395715
1576 823 1086396283
1497 1594 1086396396
41 1497 1086396435
1059 1603 1086396496
1521 42 1086396509
1521 42 1086396597
42 1365 1086396671
1059 548 1086396678
1521 42 1086396788
1521 42 1086397086
1475 1608 1086397264
1521 847 1086397407
1608 1475 1086397478
447 124 1086397793
1539 8 1086398480
1539 8 1086398609
1521 1118 1086398775
12 1118 1086398789
1521 1118 1086398907
12 1577 1086399132
12 1577 1086399657
1539 1068 1086399702
1539 1068 1086399890
1598 337 1086399927
1598 1329 1086399942
1598 322 1086399969
1598 881 1086399988
32 378 1086400011
1598 777 1086400026
1598 1174 1086400045
1539 1068 1086400127
1598 1176 1086400212
1598 1344 1086400260
1598 841 1086400301
1539 1068 1086400334
1598 1165 1086400343
1598 1165 1086400374
1594 1497 1086400376
1598 1006 1086400390
1539 1068 1086400435
1539 8 1086400460
1539 1068 1086400500
1539 1068 1086400564
1539 8 1086400752
32 8 1086401694
1598 893 1086402563
1598 1281 1086402879
1598 539 1086402929
1598 214 1086403003
12 1577 1086403083
357 1603 1086403223
342 1039 1086403380
1539 1039 1086403463
1539 1039 1086404214
1282 1542 1086404234
389 950 1086404448
1065 538 1086405272
53 87 1086405552
1539 1299 1086406418
1539 1299 1086406627
950 389 1086407074
353 298 1086407433
249 44 1086407567
249 801 1086407605
1184 372 1086407739
1539 69 1086407796
1539 69 1086407810
1539 69 1086407824
1539 1184 1086407861
1393 1365 1086408454
751 822 1086408455
1616 1539 1086408965
342 1039 1086409046
1562 1517 1086409144
1539 958 1086409370
1542 1282 1086409717
1539 958 1086409717
822 751 1086409743
1539 958 1086409861
1539 958 1086410228
1539 1188 1086410493
1253 85 1086411120
821 483 1086411296
1565 278 1086411338
1565 1564 1086411419
713 749 1086411841
713 1165 1086411895
713 1528 1086411942
1313 483 1086412195
1313 507 1086412331
600 847 1086413354
1539 899 1086413417
67 1603 1086413889
1255 1332 1086414206
299 95 1086414419
1539 154 1086414474
1520 1036 1086414536
1539 154 1086414621
1539 154 1086414788
1539 576 1086415346
1313 67 1086415404
704 958 1086415765
67 1313 1086416239
870 919 1086416249
546 1255 1086416594
1489 308 1086416653
372 1184 1086416898
1522 1184 1086417080
1522 1565 1086417283
276 852 1086417557
1565 1252 1086417756
303 919 1086417814
303 919 1086417819
1021 322 1086417827
1539 437 1086417985
1576 204 1086418280
1539 1103 1086418589
878 598 1086419096
1588 517 1086419213
1440 1183 1086419490
1440 1419 1086419497
204 1576 1086419567
1252 1565 1086419752
1556 283 1086420348
1565 1472 1086420518
1489 878 1086420614
1472 1565 1086420735
1565 1472 1086420778
1577 1556 1086421002
1565 933 1086421039
1565 933 1086421258
1556 1577 1086421258
1283 1617 1086421309
1565 933 1086421410
933 1565 1086421490
1189 8 1086421575
1598 337 1086421620
1577 1556 1086421677
1472 1565 1086421705
1598 893 1086421723
1565 1472 1086421748
1598 337 1086421816
1539 1618 1086422077
681 109 1086422638
1603 357 1086422673
1603 67 1086422707
245 883 1086422786
792 1036 1086422797
298 353 1086422882
272 632 1086423478
792 1036 1086423609
1565 1379 1086423631
50 1616 1086423978
713 546 1086425059
713 1588 1086425096
199 1582 1086425326
163 1208 1086425579
1616 50 1086426068
1496 762 1086426676
36 189 1086427229
852 276 1086427382
313 801 1086427834
1616 1173 1086428367
555 598 1086429242
145 586 1086429323
752 594 1086430623
1539 1338 1086431724
809 342 1086432219
1539 1131 1086432548
41 1497 1086432584
1539 1131 1086432628
308 1517 1086432696
308 60 1086432735
1517 308 1086433199
1539 437 1086433290
1539 437 1086433333
1539 437 1086433509
338 1244 1086434264
