1255 1673 1090512029
1255 1673 1090512043
1308 9 1090512198
1255 161 1090512436
495 249 1090514520
9 1308 1090515092
175 810 1090516108
27 582 1090517009
191 429 1090518864
1265 9 1090519200
1716 1308 1090519449
1756 1644 1090521095
443 1409 1090521415
9 1265 1090522179
582 1678 1090526375
1763 12 1090526383
1265 9 1090526796
810 175 1090528713
1644 1756 1090529657
1644 1754 1090529787
1308 1716 1090531748
1308 9 1090531806
1127 1350 1090534501
1127 547 1090534851
1285 27 1090537081
652 52 1090537094
12 1763 1090539330
144 1758 1090544277
1359 1343 1090545238
547 1127 1090546044
1754 1644 1090548770
12 1313 1090552703
12 143 1090553077
12 8 1090553148
1343 9 1090553780
1343 1359 1090553879
1343 12 1090553897
1343 3 1090553935
1343 12 1090554014
1312 12 1090554111
12 1312 1090554991
1713 1312 1090555077
12 1343 1090555087
1758 144 1090555303
1312 12 1090555981
12 1312 1090556258
617 431 1090557976
1678 711 1090558129
1678 711 1090558137
431 617 1090558813
1667 1280 1090558862
1748 468 1090559357
1748 970 1090559366
9 1343 1090561754
1343 12 1090561763
9 1308 1090561792
1343 9 1090562163
799 1748 1090562721
1281 1762 1090563686
19 1181 1090564591
19 8 1090564636
8 19 1090566552
429 191 1090566682
429 242 1090566806
1741 475 1090568183
1280 1667 1090569262
674 1280 1090571168
194 9 1090572336
1678 328 1090573984
1391 1741 1090576291
242 429 1090584958
27 1285 1090594197
3 1 1090594452
