277 352 1083432266
432 379 1083432425
545 513 1083436225
321 84 1083439152
321 550 1083439167
321 203 1083439213
321 68 1083439228
321 119 1083439241
321 242 1083439381
321 491 1083439428
321 365 1083439468
44 74 1083440277
536 191 1083440470
289 536 1083440487
536 532 1083440495
536 289 1083440519
532 536 1083440550
536 532 1083440576
537 74 1083440599
532 536 1083440634
536 532 1083440669
398 308 1083440743
532 536 1083441008
537 536 1083441061
447 325 1083441244
536 532 1083441260
212 289 1083441334
415 329 1083442114
389 482 1083442168
389 456 1083442181
451 32 1083442728
76 399 1083443047
76 258 1083443177
542 97 1083443548
41 76 1083443727
285 536 1083443953
536 285 1083444368
193 502 1083444405
509 389 1083444694
509 536 1083444774
41 542 1083444952
375 372 1083445235
536 509 1083445285
536 289 1083445342
474 32 1083445432
19 451 1083445463
509 536 1083445918
41 375 1083445998
509 536 1083446055
291 393 1083446300
551 224 1083446778
482 389 1083446900
551 306 1083446972
551 545 1083447127
551 377 1083447210
36 73 1083447521
36 119 1083447561
19 538 1083447726
36 119 1083447807
36 119 1083447955
103 502 1083447974
103 538 1083448076
36 119 1083448186
36 119 1083448295
103 466 1083448343
552 236 1083448551
9 76 1083448599
103 358 1083448819
289 536 1083448828
103 168 1083448844
103 365 1083448932
321 119 1083449050
321 68 1083449064
51 553 1083449488
103 553 1083449526
103 554 1083449627
103 62 1083449747
447 119 1083449794
465 398 1083449794
103 465 1083449824
204 456 1083450159
204 432 1083450322
103 549 1083450419
447 119 1083450472
97 542 1083451213
423 294 1083451347
423 454 1083451372
103 62 1083451389
447 119 1083451750
9 543 1083451905
9 543 1083451919
103 62 1083451960
509 97 1083451967
97 509 1083451978
321 68 1083452274
509 454 1083452601
509 302 1083452614
321 68 1083452649
555 509 1083452694
509 302 1083453372
509 302 1083453659
51 528 1083453676
119 302 1083453829
51 215 1083453956
302 119 1083453972
204 540 1083454086
456 294 1083454210
103 168 1083454441
119 302 1083454507
509 302 1083454545
456 175 1083454629
540 308 1083454703
456 553 1083454890
379 74 1083454918
379 482 1083454941
103 61 1083455040
308 540 1083455070
236 509 1083455097
62 554 1083455221
103 500 1083455264
509 236 1083455279
509 272 1083455334
540 308 1083455341
103 128 1083455413
62 285 1083455414
302 119 1083455526
61 325 1083455562
509 302 1083455592
119 302 1083455606
61 68 1083455619
103 556 1083455661
61 542 1083455671
509 302 1083455739
398 509 1083455755
204 456 1083455784
509 236 1083455840
509 302 1083455893
509 236 1083455925
509 236 1083455928
302 509 1083455999
204 482 1083456025
509 236 1083456035
325 549 1083456075
509 302 1083456076
509 302 1083456124
204 482 1083456188
204 62 1083456302
532 364 1083456319
204 482 1083456384
204 62 1083456433
308 540 1083456451
549 325 1083456476
325 549 1083456628
204 482 1083456661
204 482 1083456864
204 482 1083457188
258 76 1083457605
204 482 1083457713
321 365 1083457925
204 482 1083457927
557 527 1083458314
97 289 1083458343
549 325 1083458444
535 513 1083458571
74 379 1083458895
557 302 1083459644
302 557 1083459703
557 302 1083459848
302 557 1083459980
557 302 1083460056
103 365 1083460063
27 414 1083460146
193 355 1083460169
302 557 1083460306
379 74 1083460326
103 365 1083460384
103 393 1083460422
393 291 1083460426
103 393 1083460529
294 456 1083460561
62 554 1083460594
557 302 1083460605
481 479 1083460692
302 557 1083460804
557 302 1083461146
302 557 1083461439
355 193 1083461531
260 241 1083461719
557 302 1083461849
214 302 1083461921
103 365 1083461978
393 54 1083462046
103 393 1083462069
302 557 1083462178
302 214 1083462252
95 393 1083462271
302 558 1083462593
128 236 1083462614
36 73 1083462696
103 128 1083462754
68 61 1083462863
557 302 1083462935
302 557 1083463343
1 477 1083463532
302 138 1083463579
36 73 1083463585
36 73 1083463617
36 3 1083463661
302 74 1083463665
557 302 1083463808
204 482 1083463852
103 128 1083463925
316 355 1083464015
325 549 1083464132
389 509 1083464195
325 542 1083464280
389 559 1083464293
1 302 1083464411
325 548 1083464436
325 560 1083464523
465 398 1083464587
302 557 1083464589
560 325 1083464604
447 119 1083464667
36 3 1083464730
355 316 1083464935
1 302 1083465027
193 355 1083465171
316 355 1083465246
302 557 1083465345
557 302 1083465440
553 456 1083465628
553 51 1083465645
557 302 1083466030
355 316 1083466160
302 557 1083466181
242 236 1083466188
316 355 1083466341
19 233 1083466729
19 65 1083466785
527 32 1083466841
527 74 1083467053
316 355 1083467070
527 554 1083467155
316 355 1083467173
554 527 1083467185
252 6 1083467378
41 460 1083467467
204 242 1083467854
144 398 1083468412
74 302 1083468794
74 527 1083468880
527 74 1083468965
209 527 1083468987
41 527 1083469004
527 209 1083469010
542 325 1083469553
542 548 1083469599
41 527 1083470198
540 308 1083470415
41 527 1083470532
97 325 1083471013
252 97 1083471099
97 252 1083471117
474 32 1083471341
97 252 1083471487
97 252 1083471618
481 252 1083472003
389 482 1083472258
302 74 1083472301
252 481 1083472385
103 175 1083472586
103 513 1083472626
103 128 1083472734
266 97 1083473083
41 561 1083473086
474 74 1083473454
214 302 1083473549
481 252 1083473549
97 266 1083473671
325 97 1083473715
97 325 1083473800
252 481 1083473866
283 144 1083473924
193 389 1083474009
389 193 1083474085
525 211 1083474100
525 214 1083474203
525 93 1083474235
481 252 1083474344
481 252 1083474367
51 561 1083474448
193 389 1083474689
252 481 1083474706
549 325 1083475124
549 325 1083475355
367 393 1083475614
283 375 1083476099
283 515 1083476132
51 39 1083476359
286 549 1083477411
549 286 1083477611
103 175 1083477622
103 525 1083477733
214 525 1083477873
103 128 1083477910
325 549 1083478244
214 500 1083478487
325 553 1083478550
456 553 1083478583
204 456 1083478652
456 527 1083478672
555 562 1083479434
465 456 1083479624
400 144 1083479667
297 263 1083479677
465 456 1083479853
456 252 1083479968
465 456 1083479981
252 456 1083480127
465 456 1083480160
456 252 1083480243
252 456 1083480423
465 456 1083480477
456 252 1083480527
252 456 1083480591
357 134 1083480662
456 252 1083480699
465 456 1083480707
252 456 1083480845
465 456 1083481005
400 428 1083481139
103 168 1083481156
103 134 1083481215
456 27 1083481321
465 398 1083481328
465 456 1083481518
456 538 1083481542
400 429 1083481546
389 193 1083481555
389 252 1083481599
357 134 1083481606
465 398 1083481651
398 456 1083481652
465 456 1083481706
357 538 1083481807
398 456 1083481891
465 398 1083482045
389 252 1083482130
465 456 1083482221
465 398 1083482502
389 252 1083482824
389 252 1083482838
481 252 1083482872
252 481 1083482921
389 252 1083482968
38 148 1083482999
38 177 1083483027
38 177 1083483049
398 394 1083483088
465 398 1083483171
563 239 1083483236
447 119 1083483291
38 168 1083483294
38 393 1083483336
38 233 1083483414
103 168 1083483667
465 398 1083483805
214 437 1083483873
398 175 1083484047
214 564 1083484199
465 456 1083484323
260 283 1083484338
525 214 1083484356
494 325 1083484659
494 389 1083484721
400 286 1083484772
51 465 1083484784
539 396 1083485048
483 127 1083485286
561 51 1083485321
465 456 1083485430
41 353 1083485431
523 565 1083485740
561 51 1083485762
447 119 1083485882
447 119 1083485988
456 144 1083486154
119 168 1083486164
465 456 1083486245
465 398 1083486322
561 51 1083486551
465 398 1083486618
465 456 1083486772
176 270 1083486867
41 566 1083486878
41 460 1083487069
465 398 1083487097
41 270 1083487102
400 396 1083487171
561 51 1083487193
567 260 1083487440
168 119 1083487551
567 460 1083487578
103 168 1083487612
568 370 1083487627
297 481 1083487781
277 252 1083487823
41 389 1083487826
465 398 1083488047
454 181 1083488266
277 252 1083488434
41 389 1083488557
252 389 1083488646
103 168 1083488676
62 454 1083488788
313 127 1083488966
19 566 1083488977
19 566 1083488995
19 566 1083489045
539 454 1083489074
62 454 1083489147
539 454 1083489277
539 536 1083489346
465 398 1083489498
41 481 1083489543
9 527 1083489627
9 177 1083489641
539 454 1083489646
9 177 1083489657
9 389 1083489672
465 398 1083489719
9 569 1083489736
9 566 1083489743
370 568 1083489792
389 252 1083489803
398 465 1083489830
220 308 1083489865
220 308 1083489871
539 454 1083490003
517 481 1083490110
41 389 1083490130
538 438 1083490145
536 532 1083490184
517 438 1083490223
517 540 1083490311
532 536 1083490347
536 532 1083490367
75 97 1083490402
532 536 1083490487
83 536 1083490508
277 567 1083490574
236 128 1083490588
252 389 1083490672
83 386 1083490696
75 475 1083490715
538 570 1083490743
83 536 1083490746
128 236 1083490982
422 536 1083491053
193 389 1083491078
236 128 1083491570
193 368 1083491727
119 538 1083491872
308 220 1083491914
128 236 1083491944
363 454 1083491981
363 454 1083491991
363 454 1083491994
495 540 1083492009
204 482 1083492190
404 6 1083492248
193 368 1083492266
422 536 1083492921
336 368 1083493016
540 495 1083493030
236 128 1083493247
336 368 1083493254
48 538 1083493297
48 538 1083493327
538 540 1083493340
540 538 1083493349
538 48 1083493354
538 540 1083493361
540 538 1083493386
48 538 1083493431
538 540 1083493431
538 48 1083493456
454 363 1083493467
540 538 1083493492
355 316 1083493510
321 365 1083493520
538 540 1083493530
540 538 1083493547
48 538 1083493555
289 97 1083493566
355 316 1083493569
321 454 1083493596
538 48 1083493603
355 316 1083493637
538 540 1083493657
540 538 1083493707
538 289 1083493712
538 540 1083493733
289 538 1083493755
538 48 1083493769
48 371 1083493779
538 289 1083493791
540 538 1083493795
336 368 1083493829
321 454 1083493835
538 540 1083493849
538 48 1083493867
289 538 1083493870
48 538 1083493898
540 538 1083493926
321 538 1083493929
538 289 1083493947
321 454 1083493964
538 48 1083493977
128 236 1083493996
289 538 1083494057
48 538 1083494088
538 289 1083494101
538 48 1083494121
321 538 1083494128
289 538 1083494136
48 538 1083494144
321 454 1083494148
538 289 1083494152
321 270 1083494188
48 538 1083494210
321 454 1083494225
538 48 1083494248
538 48 1083494309
336 368 1083494361
289 538 1083494376
48 538 1083494438
308 352 1083494457
48 538 1083494500
308 454 1083494538
355 193 1083494617
538 48 1083494662
454 308 1083494663
336 294 1083494783
308 454 1083494820
538 48 1083494835
38 128 1083494848
308 540 1083494872
38 270 1083494933
204 336 1083494943
454 308 1083494998
204 336 1083495127
144 283 1083495173
48 538 1083495178
48 538 1083495211
538 48 1083495251
538 48 1083495276
48 538 1083495311
538 48 1083495357
48 538 1083495360
538 48 1083495423
144 456 1083495549
48 538 1083495679
74 459 1083495694
9 127 1083495705
193 355 1083495743
538 48 1083495746
193 355 1083495777
48 538 1083495819
538 48 1083495910
73 393 1083495928
144 48 1083495939
308 336 1083496000
48 538 1083496048
144 48 1083496068
73 454 1083496106
144 48 1083496272
336 308 1083496388
308 336 1083496492
144 48 1083496582
392 228 1083496703
73 343 1083496703
48 144 1083496704
144 48 1083496771
73 452 1083496793
392 127 1083496985
336 536 1083497010
103 144 1083497031
308 97 1083497064
97 308 1083497091
392 538 1083497149
38 128 1083497163
38 378 1083497778
103 378 1083497865
355 316 1083498038
103 396 1083498144
571 128 1083498171
282 456 1083498279
571 128 1083498305
103 270 1083498429
571 128 1083498515
571 128 1083498559
400 454 1083498583
571 128 1083498808
571 260 1083499034
571 128 1083499189
571 128 1083499214
128 571 1083499445
571 128 1083499501
128 571 1083500105
440 460 1083500123
172 392 1083500282
128 571 1083500364
571 128 1083500375
571 128 1083500401
571 128 1083500428
571 128 1083500777
128 571 1083501049
128 571 1083501062
546 454 1083501456
405 456 1083501592
189 144 1083501779
481 348 1083502394
546 454 1083502528
546 572 1083502686
481 252 1083502746
252 481 1083503106
62 60 1083503931
6 566 1083504370
