1756 1403 1091200689
1312 1313 1091200717
1756 1312 1091202243
1312 1756 1091202321
1756 474 1091202494
1756 1312 1091202588
1468 1554 1091206292
1686 27 1091206869
561 431 1091208527
394 1190 1091209757
431 561 1091209823
9 8 1091210545
44 36 1091211528
27 1686 1091211914
36 44 1091211969
1313 19 1091212050
1313 9 1091212170
1313 1312 1091212621
19 1313 1091212971
309 1467 1091213513
1395 1772 1091214456
105 42 1091215934
1190 1285 1091218221
12 1387 1091221111
12 27 1091221136
12 1644 1091221166
12 1343 1091221278
12 1313 1091221316
12 1312 1091221377
1312 12 1091221731
1313 12 1091221791
1127 1771 1091221793
1313 19 1091221868
739 969 1091223878
12 1313 1091224071
12 1312 1091224119
1772 1395 1091224653
9 1313 1091225661
1052 697 1091226308
1052 697 1091226325
1338 341 1091230773
1052 1338 1091230791
1338 9 1091230954
1338 1052 1091231001
1052 1338 1091231145
1338 1052 1091231261
1338 1052 1091231407
1052 1338 1091231458
1052 1338 1091231490
1338 1052 1091231573
1052 1338 1091231713
1285 1190 1091231927
1338 1052 1091232015
19 1313 1091232735
1624 1285 1091233123
1190 1285 1091233817
1338 341 1091234568
1624 1052 1091236482
308 1118 1091236677
1748 172 1091237187
1748 1362 1091237234
1313 19 1091237498
1313 9 1091237625
1118 308 1091237748
1313 1624 1091237882
1624 1313 1091238055
1181 19 1091243088
516 1445 1091246273
516 1445 1091246279
516 1445 1091246285
1313 1624 1091246641
557 105 1091247917
19 1181 1091248483
19 1313 1091248551
398 27 1091249449
1545 809 1091251112
342 843 1091251828
172 1748 1091252673
1313 19 1091253567
1771 1127 1091253683
1775 67 1091256923
1775 852 1091256932
105 557 1091256944
1713 1775 1091256961
1775 1713 1091257142
674 1338 1091257572
431 483 1091258070
19 1313 1091258591
431 1585 1091259047
431 1771 1091260119
431 727 1091260609
1238 1052 1091261109
1713 1775 1091261936
843 342 1091264667
