44 60 1082741603
44 105 1082741645
63 95 1082742068
44 32 1082744110
114 105 1082745481
34 109 1082745659
36 105 1082745815
36 109 1082745893
36 147 1082746385
44 32 1082746993
19 120 1082747959
9 136 1082749051
9 148 1082749071
9 149 1082749129
9 150 1082749176
9 151 1082749262
9 152 1082749354
9 153 1082749374
9 58 1082749391
9 58 1082749400
9 135 1082749423
9 22 1082749444
9 8 1082749542
9 154 1082749637
9 121 1082749757
1 135 1082750393
3 155 1082750637
36 109 1082750770
3 155 1082750830
30 132 1082751284
3 58 1082751801
68 56 1082753565
36 156 1082756670
131 30 1082757534
101 51 1082758516
101 34 1082758745
9 8 1082758968
36 73 1082760011
96 95 1082760681
9 76 1082761826
9 8 1082762055
9 157 1082762898
19 158 1082763520
9 58 1082763674
9 32 1082764006
44 129 1082768258
105 135 1082768279
105 129 1082768355
44 129 1082768523
44 129 1082768576
44 129 1082768616
51 101 1082768729
1 159 1082768765
44 74 1082770262
44 129 1082770436
160 72 1082772499
129 8 1082773348
36 147 1082773642
36 109 1082773711
36 105 1082773798
36 129 1082773829
9 8 1082773864
34 101 1082777620
161 162 1082778734
163 72 1082780126
32 164 1082781105
58 8 1082781852
32 58 1082782023
41 76 1082782364
41 120 1082782436
41 132 1082782472
41 165 1082782510
41 166 1082782545
41 157 1082782564
41 167 1082782610
41 168 1082782632
41 169 1082782648
41 134 1082782678
56 68 1082782768
41 56 1082782793
56 154 1082782821
56 170 1082782896
56 171 1082782914
56 172 1082782926
103 101 1082783260
51 157 1082783365
32 130 1082783508
8 58 1082784142
8 164 1082784235
103 63 1082784982
103 173 1082785151
67 154 1082785541
32 26 1082786041
96 163 1082787361
9 58 1082787836
41 56 1082787880
9 20 1082788102
9 165 1082788143
9 61 1082788304
103 109 1082789132
32 155 1082789253
32 109 1082789317
32 174 1082789394
175 50 1082789421
103 85 1082789902
124 109 1082789993
164 8 1082790172
103 63 1082790636
38 128 1082790887
103 63 1082790910
103 63 1082790969
19 109 1082791017
103 63 1082791077
103 63 1082791153
161 164 1082791166
161 164 1082791168
38 109 1082791216
41 63 1082791248
103 63 1082791336
176 63 1082791356
41 63 1082791358
176 63 1082791450
41 63 1082791473
161 63 1082791505
103 63 1082791511
41 63 1082791516
176 63 1082791562
41 63 1082791565
161 63 1082791575
103 63 1082791590
32 164 1082791592
176 63 1082791613
41 63 1082791645
176 63 1082791703
41 63 1082791710
161 63 1082791719
103 63 1082791745
41 177 1082791770
41 177 1082791774
164 178 1082791796
164 177 1082791813
32 175 1082791825
32 177 1082791841
176 63 1082791866
164 179 1082791868
41 63 1082791906
32 179 1082791920
41 63 1082791939
41 63 1082792036
41 63 1082792059
41 63 1082792143
161 63 1082792170
96 164 1082792284
41 63 1082792398
41 177 1082792455
41 177 1082792495
41 63 1082792526
41 177 1082792551
41 63 1082792614
161 63 1082792625
32 177 1082792629
41 177 1082792639
32 177 1082792720
41 177 1082792724
41 63 1082792756
41 180 1082792771
32 177 1082792854
41 63 1082792871
161 63 1082792886
41 177 1082792890
41 180 1082792912
177 32 1082793033
41 63 1082793068
41 177 1082793085
180 177 1082793094
180 177 1082793101
180 181 1082793170
41 177 1082793174
180 182 1082793224
41 180 1082793307
41 90 1082793327
41 63 1082793357
32 177 1082793383
41 180 1082793490
41 63 1082793513
41 177 1082793526
177 180 1082793558
177 180 1082793622
177 32 1082793670
41 180 1082793700
41 177 1082793755
41 180 1082793760
32 177 1082793781
41 63 1082793787
183 184 1082793881
41 63 1082794070
177 32 1082794114
32 177 1082794174
41 177 1082794221
177 32 1082794244
175 32 1082794283
32 177 1082794299
32 175 1082794329
41 168 1082794400
175 32 1082794526
41 168 1082794637
41 177 1082794645
177 32 1082794657
63 174 1082794679
174 63 1082794697
63 174 1082794707
174 63 1082794736
41 168 1082794747
41 177 1082794771
32 175 1082794790
63 174 1082794802
174 63 1082794833
41 168 1082794838
9 32 1082794860
41 177 1082794873
63 174 1082794876
32 177 1082794883
175 32 1082794917
32 175 1082795011
41 168 1082795045
41 177 1082795074
41 168 1082795084
41 168 1082795092
63 155 1082795137
174 63 1082795149
41 177 1082795168
177 32 1082795176
41 168 1082795183
175 32 1082795194
63 174 1082795208
174 63 1082795272
63 174 1082795293
41 168 1082795341
41 177 1082795363
41 177 1082795396
32 175 1082795417
41 177 1082795418
175 32 1082795610
175 32 1082795631
32 175 1082795710
41 177 1082795788
41 168 1082795801
174 63 1082795805
63 174 1082795864
41 168 1082795899
41 168 1082796000
41 177 1082796028
41 168 1082796053
41 177 1082796076
174 63 1082796103
63 174 1082796121
41 168 1082796413
41 177 1082796466
41 177 1082796748
41 177 1082796780
41 177 1082797126
9 32 1082797139
41 177 1082797141
41 185 1082797151
41 168 1082797165
185 147 1082797326
185 32 1082797493
41 185 1082797560
41 177 1082797577
32 185 1082797717
186 185 1082797726
140 185 1082797734
155 32 1082797735
32 155 1082797758
185 186 1082797791
155 63 1082797849
41 177 1082797958
103 177 1082798009
187 186 1082798153
185 97 1082798242
103 97 1082798277
187 186 1082798295
41 185 1082798385
41 185 1082798407
41 186 1082798448
41 185 1082798456
41 186 1082798529
185 63 1082798706
41 168 1082798741
187 186 1082798811
63 155 1082798883
63 185 1082798922
103 58 1082799018
103 63 1082799073
187 186 1082799132
103 188 1082799336
189 175 1082799344
189 175 1082799395
140 185 1082799492
187 186 1082799495
185 109 1082799513
140 185 1082799813
189 8 1082800356
102 97 1082800359
140 185 1082800502
41 86 1082800641
41 188 1082800924
101 100 1082801641
101 190 1082802260
191 175 1082802278
101 190 1082802281
101 190 1082802311
101 190 1082802380
101 190 1082802402
103 192 1082802453
101 190 1082802514
101 190 1082802555
101 190 1082802568
101 190 1082802619
101 190 1082802644
101 190 1082802655
101 190 1082802667
101 190 1082802673
193 149 1082802716
101 100 1082802726
193 190 1082802768
191 78 1082802803
101 190 1082802819
101 190 1082802827
190 109 1082802893
101 190 1082802914
193 190 1082802940
109 124 1082803230
103 109 1082803230
103 190 1082803315
103 109 1082803503
103 109 1082803592
41 192 1082804389
194 149 1082805529
194 195 1082805994
176 20 1082807759
176 61 1082807764
176 149 1082807780
176 120 1082807785
176 132 1082807790
176 86 1082807799
176 97 1082807823
176 72 1082807847
176 58 1082807851
176 8 1082807856
176 196 1082808059
176 197 1082808067
176 198 1082808071
176 199 1082808080
176 200 1082808084
176 190 1082808088
176 192 1082808093
176 201 1082808097
176 188 1082808101
176 202 1082808108
176 185 1082808113
176 203 1082808118
176 180 1082808131
176 181 1082808140
176 177 1082808145
176 184 1082808153
176 175 1082808160
176 166 1082808912
204 205 1082813713
204 104 1082813753
204 184 1082814036
189 144 1082814588
