1756 1346 1092409124
1756 286 1092409498
1756 1644 1092409612
27 398 1092412158
1792 221 1092413112
1297 1771 1092417114
1543 483 1092417886
652 27 1092421741
652 105 1092421872
1346 1756 1092422422
1786 1308 1092423287
1543 893 1092423937
1543 335 1092424155
1543 256 1092424258
1543 588 1092424279
1543 1214 1092424359
1543 1029 1092424444
1543 1376 1092424524
1543 375 1092424597
1543 595 1092424764
1543 1255 1092424801
1543 561 1092425170
1543 874 1092425298
1543 840 1092425489
105 652 1092425544
105 1724 1092425569
105 398 1092425588
1543 657 1092425605
105 1756 1092425661
1543 600 1092425755
132 1491 1092425918
1543 190 1092426030
105 713 1092426159
105 1543 1092426257
1543 1260 1092426410
1543 697 1092426792
1543 105 1092426953
1543 1046 1092427118
1543 852 1092427439
1756 1346 1092427959
1543 523 1092428202
1543 1385 1092428300
1543 302 1092428684
1543 443 1092428789
1543 1675 1092428959
1543 553 1092429991
1543 943 1092430104
312 132 1092430367
312 1 1092430383
3 1793 1092431613
1 3 1092431667
1 3 1092431683
1 3 1092431699
1 312 1092431787
132 312 1092432317
1543 318 1092438113
768 1280 1092442437
1434 1344 1092442457
483 1543 1092444142
398 105 1092447537
398 27 1092447625
398 27 1092447712
286 1756 1092448296
1255 1543 1092449545
494 1436 1092450734
583 821 1092454753
697 1543 1092458033
1756 286 1092462348
1647 714 1092462444
1756 1436 1092464867
1491 132 1092465432
1285 1792 1092471175
1310 1792 1092472244
249 1489 1092477435
101 193 1092480880
342 588 1092493644
342 588 1092493648
342 588 1092493650
342 588 1092493652
342 588 1092493653
