1312 431 1091458726
1644 12 1091459444
27 1686 1091465558
27 398 1091465602
27 1472 1091465618
27 1009 1091465974
561 431 1091466136
27 271 1091466609
431 1312 1091467039
431 561 1091467380
1161 257 1091469063
1314 1346 1091469790
1312 431 1091470104
431 1312 1091472068
1716 1775 1091472949
67 1775 1091474284
198 809 1091474543
9 1313 1091476631
431 1190 1091479888
1190 431 1091480006
431 1190 1091480439
1190 431 1091480614
431 1190 1091480673
809 198 1091483647
1775 1716 1091484937
1775 67 1091484983
12 1644 1091485397
12 1312 1091485420
12 1343 1091485445
42 1255 1091485699
95 561 1091486612
95 175 1091487178
95 44 1091487254
768 1280 1091489137
1255 431 1091489229
431 1255 1091489781
51 1775 1091491010
233 1676 1091493156
233 193 1091493281
1312 12 1091493635
1312 431 1091493646
1775 51 1091494617
1313 9 1091494650
1313 1034 1091494923
1285 1021 1091495241
95 868 1091497821
105 1312 1091500427
431 1312 1091501796
674 1724 1091503972
193 233 1091506199
44 1406 1091506700
1406 44 1091506817
175 95 1091507698
1313 1312 1091508760
1624 1686 1091508895
296 1565 1091508907
1565 296 1091510165
51 1775 1091510425
1343 12 1091510874
766 1513 1091511568
44 95 1091511789
1624 1781 1091511944
516 1724 1091513876
674 70 1091514416
19 1313 1091515336
620 1487 1091516093
1562 1565 1091516325
1034 1313 1091516667
1280 768 1091518389
1775 51 1091519417
1332 1342 1091519885
105 474 1091523667
474 105 1091524633
105 474 1091524897
639 105 1091525045
105 639 1091525123
639 105 1091525254
105 639 1091525347
639 105 1091525435
1440 1782 1091527608
483 431 1091528467
3 687 1091532342
3 2 1091532342
3 234 1091532342
3 928 1091532342
3 754 1091532342
3 1461 1091532342
105 639 1091535145
1675 32 1091537114
