214 525 1083511758
536 336 1083517881
456 396 1083523145
9 144 1083523714
551 224 1083523831
551 83 1083524377
204 571 1083524842
363 454 1083525277
83 536 1083525642
475 75 1083526561
289 319 1083526596
27 456 1083526962
316 355 1083527026
316 355 1083527374
27 414 1083527496
316 355 1083527698
355 316 1083528221
355 316 1083528307
317 308 1083528589
355 316 1083528763
316 355 1083529061
316 355 1083529253
355 193 1083529279
355 316 1083529312
355 316 1083529349
316 355 1083529398
316 355 1083529600
321 454 1083529933
308 549 1083529973
289 449 1083530030
321 449 1083530058
316 308 1083530317
355 316 1083530794
316 102 1083530810
355 316 1083530861
355 102 1083530899
316 355 1083530991
355 316 1083531084
316 355 1083531120
540 308 1083531482
540 571 1083531566
449 289 1083531782
456 449 1083531819
551 319 1083531847
321 449 1083531861
449 456 1083531869
456 449 1083531931
551 456 1083532153
365 540 1083532334
551 456 1083532339
540 365 1083532452
551 147 1083532577
365 540 1083532777
551 456 1083532781
540 365 1083532925
199 536 1083533056
365 540 1083533232
277 73 1083533301
277 172 1083533341
540 365 1083533494
277 73 1083533603
193 355 1083533643
365 540 1083533836
540 365 1083534025
365 540 1083534400
289 449 1083534480
8 32 1083534723
32 8 1083535130
525 214 1083535206
8 32 1083535220
517 252 1083535437
266 97 1083535534
289 365 1083535578
365 289 1083536237
283 144 1083536279
289 365 1083536284
70 573 1083537220
9 97 1083537372
41 567 1083537584
325 559 1083537700
41 567 1083537805
204 567 1083538132
308 316 1083538433
389 252 1083538484
389 193 1083538560
32 8 1083538654
32 8 1083538844
233 193 1083538860
233 481 1083538876
204 567 1083538911
574 6 1083539218
41 389 1083539225
212 119 1083539406
456 355 1083539699
266 449 1083539728
236 128 1083540071
6 404 1083540786
302 449 1083540870
6 515 1083540899
6 122 1083541030
297 75 1083541154
128 236 1083541397
38 128 1083541844
38 502 1083541889
212 6 1083541955
38 128 1083542332
38 128 1083542400
212 6 1083542567
212 6 1083542795
62 266 1083542956
127 392 1083543151
127 313 1083543320
102 316 1083543667
228 392 1083544036
69 289 1083544710
69 308 1083544731
398 394 1083545933
306 438 1083546174
422 536 1083546279
263 297 1083546502
9 127 1083546628
9 97 1083546715
9 97 1083546829
398 313 1083546949
575 576 1083547003
9 97 1083547039
474 32 1083547509
103 577 1083547525
551 456 1083547526
551 306 1083547540
509 454 1083547587
103 577 1083547643
538 540 1083547644
474 48 1083547669
387 386 1083548082
283 248 1083548607
540 538 1083549223
578 341 1083549303
549 308 1083549427
418 512 1083550327
418 579 1083550692
418 580 1083550855
563 538 1083551381
249 302 1083551461
60 62 1083551868
212 372 1083551901
62 60 1083551932
212 303 1083551934
212 263 1083551988
212 305 1083552027
581 582 1083552591
321 402 1083553410
551 456 1083553537
551 497 1083553553
41 460 1083553617
363 475 1083553675
363 475 1083553683
63 127 1083553690
422 449 1083554235
282 456 1083554947
282 456 1083555241
549 495 1083555546
553 456 1083555620
553 325 1083555700
302 456 1083555710
214 583 1083556219
583 214 1083556334
481 371 1083556498
456 553 1083556499
456 302 1083556536
214 583 1083556612
252 389 1083556795
214 512 1083556828
214 512 1083556837
214 584 1083556863
583 214 1083557019
214 583 1083557139
475 363 1083557159
474 32 1083557172
475 363 1083557196
475 363 1083557210
583 214 1083557216
214 583 1083557375
214 583 1083557391
583 214 1083557450
583 214 1083557466
252 463 1083557548
495 549 1083557582
214 583 1083557598
495 540 1083557658
495 498 1083557689
495 424 1083557708
204 481 1083557825
583 214 1083557910
282 456 1083557996
214 583 1083558098
355 316 1083558205
583 214 1083558272
355 193 1083558502
583 214 1083558929
495 585 1083558946
372 375 1083559085
372 233 1083559092
583 214 1083559234
372 97 1083559304
583 214 1083559352
193 355 1083559391
363 475 1083559478
145 119 1083559521
372 495 1083559585
193 389 1083559801
372 365 1083559865
475 363 1083560118
12 148 1083560196
372 538 1083560216
1 302 1083561638
586 252 1083562286
249 302 1083562306
103 538 1083562572
252 6 1083562963
440 587 1083563071
440 588 1083563145
6 578 1083563289
586 589 1083563463
440 590 1083563577
475 591 1083563654
591 475 1083563730
586 481 1083563761
145 119 1083563882
19 527 1083563990
38 502 1083564052
38 386 1083564071
38 52 1083564120
38 378 1083564188
396 456 1083564228
38 527 1083564285
422 549 1083564319
297 422 1083564323
396 400 1083564366
38 592 1083564466
422 285 1083564509
285 422 1083564535
38 527 1083564594
38 302 1083564621
272 509 1083564762
34 313 1083564942
38 128 1083565009
38 128 1083565071
27 422 1083565082
103 527 1083565136
586 481 1083565217
586 481 1083565278
422 285 1083565296
586 481 1083565438
586 538 1083565491
586 389 1083565530
193 593 1083565535
27 422 1083565675
463 228 1083565707
321 593 1083565755
143 415 1083565768
586 481 1083565769
463 469 1083565777
539 396 1083565788
51 302 1083565812
302 51 1083565871
34 335 1083565871
463 532 1083565897
463 252 1083565934
34 527 1083565992
83 386 1083566188
297 422 1083566269
297 272 1083566294
317 571 1083566388
193 593 1083566392
74 592 1083566446
204 456 1083566476
583 172 1083566542
204 481 1083566542
204 456 1083566606
204 456 1083566616
204 456 1083566732
283 375 1083566879
357 593 1083566927
204 456 1083567073
266 236 1083567113
83 551 1083567218
204 298 1083567357
297 422 1083567407
308 456 1083567684
252 463 1083567703
308 583 1083567863
583 308 1083567994
283 248 1083568148
372 538 1083568195
9 177 1083568240
9 527 1083568250
389 252 1083568274
308 566 1083568324
389 193 1083568368
62 285 1083568434
12 148 1083568464
454 363 1083568476
509 272 1083568540
12 593 1083568708
447 95 1083568713
12 593 1083568718
571 540 1083568946
586 389 1083569060
27 422 1083569221
12 355 1083569242
509 454 1083569408
552 266 1083569531
12 593 1083569571
62 567 1083569632
555 388 1083569771
9 127 1083569781
555 590 1083569782
19 409 1083570101
308 371 1083570245
212 509 1083570312
321 437 1083570354
212 67 1083570370
212 73 1083570441
41 389 1083570443
297 422 1083570475
19 409 1083570476
212 119 1083570495
532 463 1083570540
538 372 1083570555
19 409 1083570591
300 468 1083570712
266 475 1083570844
475 266 1083570891
19 409 1083570908
212 388 1083570958
447 95 1083570965
19 593 1083570985
44 456 1083571094
19 409 1083571157
325 391 1083571167
325 583 1083571307
193 593 1083571312
41 389 1083571328
321 300 1083571451
193 389 1083571503
321 306 1083571512
321 373 1083571607
266 475 1083571649
212 480 1083571737
594 475 1083571749
321 480 1083571838
212 480 1083571870
389 193 1083571870
520 291 1083571908
469 463 1083571918
520 8 1083571952
41 389 1083571984
212 289 1083572052
212 289 1083572078
475 266 1083572090
212 263 1083572154
594 502 1083572184
266 475 1083572188
594 502 1083572210
19 409 1083572319
19 593 1083572340
131 548 1083572342
212 263 1083572698
583 325 1083572798
363 454 1083572918
368 594 1083573004
289 437 1083573034
520 8 1083573054
19 593 1083573063
289 306 1083573250
294 51 1083573272
289 97 1083573311
289 371 1083573438
303 212 1083573593
282 462 1083573604
371 308 1083573669
95 371 1083573724
193 389 1083573747
297 422 1083573780
282 462 1083573790
97 289 1083573805
593 19 1083573835
569 336 1083573858
289 97 1083573897
19 593 1083573908
27 422 1083573913
19 593 1083573930
204 303 1083574052
274 32 1083574104
583 325 1083574173
297 422 1083574181
274 462 1083574231
73 212 1083574259
41 389 1083574288
389 193 1083574358
19 593 1083574365
282 462 1083574403
583 325 1083574416
62 343 1083574428
463 252 1083574437
41 389 1083574441
297 422 1083574454
463 532 1083574503
220 283 1083574529
309 391 1083574543
463 469 1083574546
341 578 1083574554
41 389 1083574583
161 162 1083574645
9 569 1083574692
454 363 1083574726
282 462 1083574734
41 389 1083574746
212 305 1083574879
567 595 1083574922
41 389 1083574943
494 389 1083574974
62 463 1083575003
282 462 1083575014
62 567 1083575021
595 567 1083575072
97 289 1083575085
193 389 1083575105
41 389 1083575121
343 62 1083575148
212 303 1083575174
325 583 1083575189
594 368 1083575203
289 97 1083575209
343 73 1083575235
41 502 1083575254
463 62 1083575283
343 6 1083575304
62 463 1083575329
389 193 1083575355
343 62 1083575356
583 325 1083575370
19 593 1083575397
463 62 1083575419
41 502 1083575425
504 289 1083575433
162 161 1083575433
51 502 1083575438
289 504 1083575500
41 389 1083575516
371 289 1083575522
583 325 1083575522
368 594 1083575526
469 463 1083575540
62 463 1083575565
41 596 1083575582
371 95 1083575583
41 502 1083575596
593 19 1083575612
594 368 1083575637
41 389 1083575654
95 371 1083575661
12 389 1083575683
504 289 1083575714
289 371 1083575718
41 502 1083575719
289 504 1083575733
41 389 1083575734
368 594 1083575740
193 389 1083575741
12 175 1083575769
103 306 1083575789
289 97 1083575795
12 389 1083575801
372 389 1083575824
41 502 1083575829
517 289 1083575859
97 289 1083575864
372 538 1083575878
372 97 1083575903
41 389 1083575903
504 289 1083575906
372 97 1083575912
12 480 1083575922
41 502 1083575955
12 300 1083575968
103 462 1083575998
41 90 1083575999
12 402 1083576012
289 97 1083576019
12 389 1083576026
289 517 1083576046
41 389 1083576050
103 402 1083576074
289 504 1083576094
41 502 1083576095
41 389 1083576110
594 368 1083576117
104 97 1083576134
41 389 1083576170
41 389 1083576244
542 97 1083576246
289 569 1083576264
36 400 1083576302
97 104 1083576313
97 542 1083576327
12 569 1083576332
19 593 1083576348
36 73 1083576355
41 90 1083576359
569 289 1083576368
19 593 1083576370
368 594 1083576372
41 389 1083576381
12 389 1083576400
542 97 1083576409
212 597 1083576411
12 389 1083576417
12 142 1083576459
596 542 1083576462
12 569 1083576486
12 389 1083576511
41 502 1083576523
12 569 1083576526
97 542 1083576533
41 389 1083576550
19 598 1083576588
542 97 1083576593
12 343 1083576626
97 542 1083576648
567 595 1083576651
12 569 1083576656
542 596 1083576667
36 598 1083576694
594 368 1083576705
103 569 1083576715
542 97 1083576721
176 515 1083576738
41 502 1083576765
372 437 1083576775
41 389 1083576791
542 142 1083576792
97 542 1083576804
12 569 1083576812
567 502 1083576848
368 594 1083576851
103 489 1083576855
12 569 1083576858
41 389 1083576876
41 90 1083576886
9 569 1083576887
542 97 1083576890
97 542 1083576932
463 469 1083576932
41 389 1083576937
193 389 1083576951
289 463 1083576975
372 437 1083576986
569 103 1083576990
596 542 1083577006
103 391 1083577020
41 502 1083577025
542 389 1083577041
36 511 1083577065
463 289 1083577085
542 97 1083577124
502 567 1083577144
289 463 1083577163
12 569 1083577171
41 90 1083577185
97 542 1083577186
41 389 1083577209
41 502 1083577227
542 97 1083577230
9 569 1083577248
389 193 1083577263
514 513 1083577270
372 437 1083577293
103 598 1083577300
372 489 1083577304
569 103 1083577315
289 389 1083577318
97 542 1083577320
542 97 1083577385
12 569 1083577392
90 594 1083577399
423 437 1083577408
389 542 1083577413
599 289 1083577414
97 542 1083577420
542 598 1083577435
389 289 1083577442
9 569 1083577479
289 389 1083577481
598 542 1083577485
41 389 1083577502
542 389 1083577509
389 289 1083577532
542 97 1083577534
542 598 1083577542
372 391 1083577557
542 598 1083577565
41 598 1083577573
97 542 1083577597
598 542 1083577607
289 391 1083577610
41 389 1083577612
12 569 1083577623
372 508 1083577641
389 542 1083577664
542 97 1083577702
542 598 1083577726
289 598 1083577727
9 569 1083577768
97 542 1083577773
12 569 1083577773
41 389 1083577774
289 600 1083577793
542 389 1083577794
598 542 1083577809
567 502 1083577810
542 97 1083577819
409 103 1083577875
599 289 1083577884
97 542 1083577890
567 542 1083577900
128 236 1083577905
389 542 1083577915
409 542 1083577921
542 97 1083577924
372 437 1083577936
596 57 1083577937
19 409 1083577942
41 389 1083577945
567 548 1083577961
542 567 1083577967
97 542 1083577997
41 389 1083578001
542 389 1083578014
567 542 1083578033
482 437 1083578046
542 97 1083578050
41 389 1083578050
567 542 1083578061
372 489 1083578071
19 409 1083578071
542 97 1083578071
542 97 1083578077
542 97 1083578081
599 289 1083578097
542 567 1083578103
542 567 1083578117
97 542 1083578137
389 542 1083578144
489 372 1083578156
325 97 1083578164
12 569 1083578170
596 289 1083578189
41 389 1083578212
409 542 1083578213
599 289 1083578217
97 325 1083578224
542 97 1083578237
19 409 1083578249
599 289 1083578281
289 596 1083578292
12 569 1083578304
567 325 1083578305
542 389 1083578308
569 372 1083578355
41 389 1083578375
97 542 1083578380
599 289 1083578385
103 409 1083578395
423 598 1083578413
389 542 1083578416
599 289 1083578445
325 567 1083578469
542 97 1083578481
324 128 1083578496
41 389 1083578509
514 454 1083578535
97 542 1083578536
372 437 1083578538
368 371 1083578538
128 324 1083578559
372 489 1083578568
368 52 1083578583
325 97 1083578599
12 569 1083578623
542 389 1083578643
368 482 1083578647
97 325 1083578648
567 325 1083578648
542 97 1083578662
325 567 1083578707
409 542 1083578708
409 103 1083578727
19 409 1083578732
389 542 1083578737
368 454 1083578749
97 542 1083578773
289 454 1083578776
172 502 1083578792
283 144 1083578810
19 409 1083578851
57 596 1083578861
542 389 1083578879
325 97 1083578888
102 98 1083578893
41 389 1083578895
12 569 1083578896
437 372 1083578906
289 149 1083578915
569 372 1083578919
368 300 1083578944
389 542 1083578946
12 569 1083578981
97 325 1083578988
19 409 1083578998
9 569 1083579007
599 289 1083579022
447 368 1083579056
19 601 1083579063
212 368 1083579078
372 598 1083579106
599 289 1083579114
317 368 1083579116
368 538 1083579125
596 57 1083579126
542 97 1083579141
325 97 1083579147
372 514 1083579149
149 289 1083579175
19 601 1083579176
542 389 1083579178
97 542 1083579203
9 569 1083579217
97 325 1083579222
482 368 1083579239
9 601 1083579252
502 172 1083579258
447 368 1083579267
9 569 1083579268
389 542 1083579278
12 569 1083579282
289 149 1083579294
368 482 1083579310
9 601 1083579315
19 409 1083579317
212 368 1083579335
567 602 1083579346
9 569 1083579368
19 601 1083579374
542 97 1083579394
542 389 1083579413
12 569 1083579430
482 368 1083579450
372 437 1083579452
317 368 1083579457
277 263 1083579465
97 542 1083579471
602 567 1083579480
389 542 1083579498
567 602 1083579501
149 289 1083579507
9 601 1083579507
542 389 1083579539
9 569 1083579544
325 97 1083579545
371 368 1083579549
599 289 1083579550
19 409 1083579553
9 527 1083579557
368 482 1083579557
19 601 1083579588
437 372 1083579594
324 128 1083579600
97 325 1083579607
596 119 1083579617
289 149 1083579622
212 368 1083579625
12 569 1083579646
306 285 1083579656
324 329 1083579671
41 389 1083579697
36 601 1083579707
542 97 1083579726
514 437 1083579774
368 371 1083579776
149 289 1083579785
9 569 1083579802
98 102 1083579803
9 527 1083579815
289 149 1083579830
102 98 1083579836
542 97 1083579837
9 601 1083579854
12 569 1083579868
97 542 1083579868
9 389 1083579875
398 144 1083579915
325 437 1083579942
212 368 1083579944
586 409 1083579949
19 409 1083579955
586 389 1083579992
9 569 1083579997
12 569 1083579999
306 239 1083580004
149 289 1083580007
144 142 1083580018
9 601 1083580064
437 325 1083580067
542 97 1083580083
212 368 1083580085
9 502 1083580090
372 437 1083580107
599 289 1083580113
97 542 1083580113
263 527 1083580140
9 601 1083580149
289 149 1083580168
9 514 1083580179
371 306 1083580190
9 569 1083580203
212 368 1083580213
368 404 1083580228
12 569 1083580247
9 482 1083580250
527 263 1083580257
9 569 1083580264
542 97 1083580276
36 601 1083580277
567 598 1083580281
283 445 1083580294
12 527 1083580299
212 368 1083580302
368 514 1083580303
97 542 1083580309
9 598 1083580317
542 97 1083580344
9 409 1083580346
263 527 1083580367
9 514 1083580373
368 388 1083580374
12 569 1083580376
189 144 1083580386
514 368 1083580388
212 368 1083580393
36 400 1083580398
9 569 1083580402
527 263 1083580409
9 601 1083580410
9 514 1083580421
97 542 1083580427
372 437 1083580435
368 514 1083580442
514 388 1083580462
514 368 1083580488
9 569 1083580527
12 569 1083580527
36 601 1083580550
9 601 1083580555
368 514 1083580572
532 463 1083580577
212 368 1083580580
567 538 1083580593
567 538 1083580614
567 538 1083580618
36 601 1083580623
12 527 1083580637
9 409 1083580641
599 289 1083580651
542 97 1083580660
445 283 1083580678
9 514 1083580684
212 368 1083580686
12 569 1083580708
372 103 1083580735
97 542 1083580741
176 603 1083580769
372 445 1083580786
283 445 1083580792
372 103 1083580826
514 368 1083580850
12 569 1083580861
19 480 1083580868
12 527 1083580890
9 569 1083580893
9 514 1083580904
598 567 1083580941
9 409 1083580965
598 289 1083580972
176 603 1083581001
12 569 1083581005
372 527 1083581023
368 514 1083581024
289 598 1083581061
9 598 1083581063
12 569 1083581078
599 289 1083581083
598 542 1083581085
9 569 1083581096
372 445 1083581108
598 289 1083581113
12 569 1083581161
212 368 1083581168
598 103 1083581176
9 598 1083581178
176 603 1083581188
520 220 1083581211
9 569 1083581269
12 569 1083581286
9 598 1083581354
212 368 1083581361
561 51 1083581381
12 480 1083581384
212 368 1083581405
12 391 1083581410
599 289 1083581418
423 598 1083581419
12 569 1083581511
9 569 1083581513
289 598 1083581547
144 561 1083581562
9 598 1083581564
9 569 1083581607
6 48 1083581643
12 569 1083581643
9 569 1083581651
555 590 1083581668
372 437 1083581688
538 567 1083581733
368 401 1083581759
9 598 1083581803
368 162 1083581807
368 604 1083581817
9 409 1083581818
69 119 1083581843
103 598 1083581853
555 590 1083581860
69 368 1083581862
9 569 1083581876
605 272 1083581889
599 289 1083581891
9 569 1083581893
12 569 1083581894
598 103 1083581934
69 308 1083581956
423 598 1083581963
555 590 1083581974
9 598 1083581975
9 409 1083582007
423 598 1083582042
9 569 1083582050
103 598 1083582062
423 598 1083582064
12 569 1083582064
9 409 1083582067
599 289 1083582071
555 590 1083582088
454 514 1083582170
454 368 1083582207
12 175 1083582241
423 598 1083582252
9 601 1083582257
9 601 1083582271
48 6 1083582278
598 103 1083582279
454 289 1083582307
41 389 1083582321
555 365 1083582371
289 454 1083582378
41 598 1083582427
555 463 1083582502
103 598 1083582526
12 569 1083582539
454 289 1083582552
599 289 1083582606
41 598 1083582618
289 454 1083582624
9 598 1083582662
605 263 1083582664
9 601 1083582671
599 289 1083582689
555 393 1083582694
9 569 1083582714
103 561 1083582720
598 103 1083582738
103 601 1083582783
561 103 1083582873
103 598 1083582903
605 263 1083582929
599 289 1083582996
9 409 1083583010
598 103 1083583088
540 495 1083583090
561 103 1083583133
41 603 1083583133
355 193 1083583168
350 576 1083583185
605 263 1083583243
368 454 1083583309
6 540 1083583318
41 561 1083583324
388 514 1083583325
355 316 1083583333
569 174 1083583348
103 598 1083583392
594 90 1083583453
350 592 1083583479
350 592 1083583494
495 540 1083583519
605 263 1083583520
599 289 1083583622
599 289 1083583662
62 567 1083583727
561 103 1083583737
297 422 1083583742
605 263 1083583744
495 181 1083583766
569 174 1083583782
350 480 1083583823
41 598 1083583824
605 263 1083583867
569 606 1083583871
305 212 1083583880
569 174 1083583970
41 598 1083583982
561 103 1083584021
236 128 1083584048
569 174 1083584107
252 463 1083584119
605 263 1083584130
422 391 1083584154
103 561 1083584158
72 596 1083584178
297 422 1083584198
561 103 1083584201
542 598 1083584258
561 103 1083584262
561 103 1083584324
41 598 1083584366
409 147 1083584371
605 263 1083584393
598 542 1083584559
605 263 1083584573
542 97 1083584579
147 236 1083584621
409 147 1083584627
242 573 1083584629
561 99 1083584727
569 174 1083584803
573 242 1083584837
409 147 1083584890
561 99 1083584924
454 368 1083585098
605 308 1083585187
540 6 1083585243
176 598 1083585256
174 260 1083585266
540 495 1083585275
569 174 1083585293
6 540 1083585308
325 607 1083585385
540 6 1083585470
495 540 1083585502
540 495 1083585544
62 607 1083585673
460 608 1083585699
608 460 1083585746
62 422 1083585747
555 517 1083585769
62 454 1083585823
321 495 1083585926
321 454 1083585970
605 337 1083585985
62 454 1083586023
392 172 1083586031
560 607 1083586085
62 454 1083586123
321 454 1083586234
609 391 1083586327
321 598 1083586354
321 454 1083586400
392 228 1083586409
321 392 1083586420
62 50 1083586437
321 454 1083586458
609 386 1083586487
609 607 1083586604
321 607 1083586608
392 127 1083586621
62 454 1083586639
321 392 1083586640
610 325 1083586641
321 454 1083586666
62 422 1083586667
609 607 1083586687
321 607 1083586709
454 62 1083586728
607 325 1083586819
321 280 1083586845
609 607 1083586911
321 392 1083587119
321 392 1083587420
325 607 1083587457
321 392 1083587586
321 609 1083587616
607 325 1083587667
321 609 1083587695
321 392 1083587714
6 540 1083587869
609 607 1083587887
325 607 1083588042
607 609 1083588161
607 325 1083588192
321 392 1083588343
555 607 1083588483
242 573 1083588645
242 607 1083588675
321 392 1083588863
176 607 1083590468
427 426 1083590724
427 88 1083591267
329 324 1083591691
611 72 1083593712
