713 41 1084033454
713 586 1084033538
638 642 1084037653
638 884 1084037669
704 605 1084038792
874 254 1084039653
712 189 1084039691
712 492 1084039797
734 400 1084039889
536 882 1084040273
708 492 1084040320
536 250 1084040349
708 770 1084040381
823 242 1084040406
823 869 1084040430
708 473 1084040464
41 495 1084040510
41 901 1084041055
700 400 1084041845
297 242 1084042675
297 834 1084042855
176 297 1084043080
678 297 1084043456
297 678 1084043542
583 400 1084043716
194 913 1084043775
523 724 1084044616
799 400 1084044620
249 861 1084044719
168 400 1084044846
168 834 1084044890
431 323 1084044997
598 252 1084045132
598 830 1084045154
598 342 1084045232
598 469 1084045263
598 687 1084045294
598 68 1084045380
598 194 1084045433
484 770 1084045489
484 400 1084045567
400 734 1084045683
70 400 1084045694
19 525 1084045753
400 799 1084045920
400 168 1084045967
303 835 1084046077
400 70 1084046201
884 913 1084046399
194 173 1084046440
363 713 1084046990
468 830 1084048350
199 598 1084048439
260 9 1084048449
770 708 1084048525
173 400 1084048651
468 914 1084048704
400 173 1084049084
173 749 1084049091
242 297 1084049630
297 242 1084049762
68 598 1084050241
809 884 1084050692
283 766 1084050773
283 32 1084050834
504 400 1084050839
32 283 1084050900
809 884 1084051021
852 400 1084051138
283 260 1084051286
283 32 1084051304
603 814 1084051326
603 814 1084051358
283 823 1084051389
220 400 1084051394
800 766 1084051554
915 874 1084051614
278 27 1084051960
212 352 1084052032
242 297 1084052169
400 220 1084052217
915 224 1084052284
400 852 1084052328
586 598 1084052357
400 504 1084052428
309 212 1084052545
297 242 1084052737
19 862 1084052739
27 278 1084052745
513 834 1084052854
686 873 1084053211
852 400 1084053215
873 711 1084053284
194 234 1084053501
492 835 1084053540
504 400 1084053573
492 835 1084053615
194 687 1084053619
194 847 1084053650
9 569 1084053653
194 296 1084053666
569 9 1084053704
194 422 1084053710
194 99 1084053726
194 823 1084053768
194 400 1084053802
194 199 1084053829
834 513 1084053836
194 283 1084053898
834 862 1084053954
834 168 1084054012
609 598 1084054069
715 784 1084054080
884 194 1084054139
183 41 1084054149
509 364 1084054200
509 513 1084054254
509 707 1084054415
183 620 1084054477
711 400 1084054736
711 873 1084054830
768 704 1084054903
768 801 1084055121
799 400 1084055335
183 916 1084055341
768 34 1084055419
437 625 1084055539
768 214 1084055548
206 194 1084055563
282 34 1084055715
482 555 1084055763
482 901 1084055846
621 194 1084055922
841 704 1084056133
525 865 1084056151
282 9 1084056159
599 41 1084056175
599 400 1084056208
679 841 1084056270
768 72 1084056359
679 221 1084056380
768 586 1084056525
212 309 1084056668
704 768 1084056689
768 593 1084056719
242 297 1084056802
212 303 1084056884
768 704 1084056930
67 601 1084057111
212 639 1084057153
67 917 1084057168
474 679 1084057277
704 768 1084057284
835 492 1084057539
679 474 1084057567
686 873 1084057651
621 598 1084057861
621 598 1084057885
297 242 1084057945
841 679 1084058059
724 523 1084058124
474 679 1084058157
679 474 1084058179
679 841 1084058200
474 679 1084058314
679 474 1084058351
474 679 1084058478
626 737 1084058534
586 768 1084058569
679 474 1084058578
474 679 1084058631
194 183 1084058640
212 480 1084058647
183 242 1084058654
679 474 1084058722
103 831 1084058742
194 183 1084058748
474 679 1084058808
454 181 1084058858
679 474 1084058930
103 874 1084059009
474 679 1084059035
103 765 1084059242
242 325 1084059316
915 626 1084059342
687 194 1084059368
242 297 1084059460
183 916 1084059499
72 768 1084059512
183 644 1084059532
325 242 1084059542
834 874 1084059625
103 72 1084059677
199 858 1084059774
242 325 1084059815
297 242 1084059838
103 841 1084060030
389 41 1084060063
389 640 1084060093
841 103 1084060127
389 640 1084060168
389 242 1084060216
103 841 1084060239
389 194 1084060250
876 212 1084060277
389 830 1084060308
325 242 1084060362
72 103 1084060427
103 72 1084060492
765 362 1084060569
874 103 1084060608
242 325 1084060654
768 72 1084060744
72 103 1084060758
103 72 1084060800
103 874 1084060984
396 770 1084061153
72 768 1084061218
396 254 1084061235
72 103 1084061250
396 400 1084061308
276 903 1084061355
189 712 1084061443
103 72 1084061619
72 103 1084062094
103 72 1084062245
103 686 1084062280
51 525 1084062296
189 712 1084062297
242 389 1084062360
194 325 1084062374
768 72 1084062417
103 72 1084062511
72 103 1084062518
513 509 1084062528
72 768 1084062596
214 768 1084062648
918 708 1084062667
72 103 1084062682
74 598 1084062691
103 72 1084062743
74 874 1084062743
72 103 1084062952
768 72 1084062958
74 513 1084062984
103 72 1084063019
375 194 1084063124
525 51 1084063157
375 296 1084063308
474 346 1084063311
189 712 1084063335
474 719 1084063734
484 770 1084063885
484 400 1084063951
422 194 1084064173
72 768 1084064333
555 482 1084064334
72 103 1084064406
621 819 1084064857
768 621 1084064970
786 785 1084065045
189 712 1084065502
823 400 1084065596
768 586 1084065795
823 548 1084066069
194 296 1084066070
309 823 1084066116
704 919 1084066341
51 525 1084066385
309 913 1084066391
309 848 1084066482
357 379 1084066591
517 400 1084066842
517 570 1084066895
517 438 1084066980
342 598 1084067088
296 375 1084067240
174 260 1084067301
296 781 1084067317
174 260 1084067354
809 242 1084067532
103 379 1084067678
679 474 1084067793
920 103 1084067873
32 375 1084068026
220 103 1084068137
830 389 1084068153
920 103 1084068169
830 468 1084068177
338 454 1084068242
830 598 1084068252
525 51 1084068313
920 103 1084068448
103 495 1084068888
495 400 1084068943
920 103 1084068964
535 440 1084068984
495 41 1084068995
495 103 1084069040
103 920 1084069056
454 338 1084069067
103 495 1084069114
920 103 1084069186
103 920 1084069230
882 921 1084069297
882 921 1084069308
882 226 1084069338
194 498 1084069349
103 734 1084069449
131 734 1084069573
830 454 1084069681
882 532 1084069814
882 922 1084069968
865 525 1084069974
721 400 1084069986
721 923 1084070226
454 830 1084070324
525 865 1084070488
686 103 1084070785
830 454 1084070806
852 704 1084070833
882 388 1084070962
454 830 1084070999
768 819 1084071108
819 400 1084071109
617 73 1084071152
704 605 1084071218
431 538 1084071346
679 923 1084071355
781 296 1084071365
679 768 1084071468
431 617 1084071526
194 97 1084071607
921 882 1084071607
204 198 1084071845
768 679 1084071871
431 617 1084072163
768 874 1084072205
249 711 1084072341
712 753 1084072820
768 483 1084072926
431 617 1084073393
327 774 1084073411
830 454 1084073587
639 400 1084073608
639 401 1084073752
639 212 1084073809
838 853 1084074260
719 838 1084074411
838 719 1084074656
454 830 1084074802
830 454 1084074899
921 536 1084074949
924 719 1084074985
536 921 1084075025
921 536 1084075154
454 830 1084075197
536 921 1084075228
921 536 1084075322
536 921 1084075504
826 925 1084075532
921 536 1084075604
830 454 1084075654
536 921 1084075662
921 536 1084075746
536 921 1084075785
586 768 1084075800
826 925 1084075835
921 536 1084075916
454 830 1084076029
44 719 1084076104
621 719 1084076156
536 921 1084076179
44 189 1084076249
921 536 1084076303
536 921 1084076488
768 924 1084076732
288 620 1084077307
719 621 1084077377
214 101 1084077721
859 400 1084077778
859 325 1084077800
859 214 1084077867
859 681 1084077924
859 214 1084077983
859 681 1084078006
708 770 1084078027
859 214 1084078214
834 708 1084078272
834 712 1084078288
834 712 1084078344
73 617 1084078679
660 595 1084078702
431 393 1084078754
272 605 1084078866
34 768 1084079079
128 629 1084079382
128 629 1084079454
296 781 1084079604
338 454 1084079625
681 626 1084079763
51 525 1084079968
492 835 1084080145
525 51 1084080201
51 525 1084080254
525 51 1084080278
51 525 1084080343
525 51 1084080384
51 525 1084080397
191 371 1084080427
51 525 1084080454
525 51 1084080462
525 51 1084080502
525 51 1084080519
525 51 1084080550
51 525 1084080560
525 51 1084080584
525 51 1084080612
51 525 1084080639
525 51 1084080678
834 393 1084080691
770 396 1084080700
770 484 1084080721
770 708 1084080733
51 525 1084080738
191 874 1084080782
51 525 1084080794
51 525 1084080841
913 309 1084080949
51 525 1084080973
913 884 1084080978
913 194 1084081001
913 191 1084081062
913 51 1084081101
525 51 1084081134
32 926 1084081148
525 51 1084081166
325 194 1084081168
525 51 1084081189
145 719 1084081192
51 525 1084081214
525 51 1084081218
913 88 1084081219
536 927 1084081226
525 51 1084081228
51 525 1084081235
525 51 1084081252
194 913 1084081281
913 814 1084081282
51 525 1084081288
194 325 1084081303
191 913 1084081316
913 194 1084081323
525 51 1084081327
325 194 1084081329
51 913 1084081338
51 525 1084081367
913 191 1084081406
194 913 1084081425
525 51 1084081428
913 51 1084081430
163 249 1084081452
913 194 1084081458
191 913 1084081490
525 51 1084081508
51 525 1084081526
853 838 1084081532
525 51 1084081571
51 525 1084081620
51 913 1084081645
913 191 1084081646
525 51 1084081649
913 51 1084081665
51 525 1084081711
525 51 1084081724
913 339 1084081793
51 913 1084081795
69 687 1084081850
913 51 1084081883
51 525 1084081897
525 51 1084081944
51 913 1084081948
913 795 1084081988
913 51 1084082010
51 525 1084082022
525 51 1084082031
525 51 1084082063
734 131 1084082091
51 913 1084082149
734 103 1084082160
913 99 1084082177
51 525 1084082213
913 51 1084082232
525 51 1084082244
51 525 1084082255
525 51 1084082299
103 734 1084082302
859 325 1084082310
191 913 1084082329
51 525 1084082361
51 525 1084082395
51 525 1084082445
525 51 1084082485
913 41 1084082510
51 525 1084082527
913 191 1084082576
913 242 1084082636
734 103 1084082672
51 913 1084082679
548 823 1084082711
913 719 1084082719
103 734 1084082741
913 51 1084082743
51 913 1084082770
719 913 1084082779
797 342 1084082783
734 103 1084082825
103 734 1084082911
44 214 1084082934
51 525 1084082956
913 51 1084082981
814 925 1084083028
913 719 1084083040
814 913 1084083080
734 103 1084083120
913 814 1084083138
103 734 1084083199
191 913 1084083203
454 338 1084083231
734 103 1084083244
44 834 1084083262
913 191 1084083271
103 734 1084083305
97 194 1084083346
734 103 1084083358
51 913 1084083369
103 734 1084083404
719 913 1084083433
191 913 1084083469
926 32 1084083505
814 913 1084083710
913 51 1084083733
913 719 1084083764
913 191 1084083800
913 814 1084083825
734 103 1084083832
792 903 1084083936
792 679 1084084060
103 734 1084084067
926 325 1084084118
734 103 1084084128
925 814 1084084152
538 431 1084084363
339 913 1084084524
325 926 1084084865
926 325 1084085127
151 907 1084085225
928 482 1084085237
568 765 1084085246
738 654 1084085440
400 852 1084085464
830 454 1084085570
928 482 1084085628
814 913 1084085734
928 41 1084085744
74 561 1084085812
621 719 1084085987
561 74 1084086144
308 583 1084086190
928 794 1084086249
928 482 1084086256
308 929 1084086298
768 924 1084086300
654 738 1084086458
768 34 1084086614
308 930 1084086619
194 463 1084086642
276 924 1084086670
308 931 1084086834
431 538 1084086906
928 194 1084086915
308 863 1084086928
308 185 1084087030
194 296 1084087041
194 621 1084087276
289 183 1084087305
194 884 1084087331
454 830 1084087367
254 874 1084087410
103 932 1084087529
74 379 1084087609
621 194 1084087611
74 561 1084087690
194 621 1084087692
719 621 1084087966
830 454 1084088014
620 654 1084088023
620 473 1084088043
620 288 1084088095
561 74 1084088100
924 185 1084088220
924 830 1084088320
781 296 1084088451
768 924 1084088593
454 830 1084088663
797 913 1084088688
559 97 1084088874
768 924 1084088898
933 903 1084088999
97 559 1084089001
97 400 1084089013
97 770 1084089022
97 847 1084089038
97 687 1084089049
103 930 1084089070
103 686 1084089131
259 598 1084089220
733 454 1084089488
733 454 1084089582
928 194 1084089627
676 400 1084089628
733 454 1084089698
51 913 1084089815
625 437 1084089841
797 454 1084089847
934 97 1084089919
51 919 1084089979
673 400 1084090014
733 454 1084090050
454 797 1084090085
252 935 1084090127
483 768 1084090133
454 733 1084090139
935 252 1084090225
252 935 1084090248
388 882 1084090257
252 935 1084090265
700 400 1084090370
288 620 1084090385
928 732 1084090474
191 738 1084090477
768 483 1084091140
191 928 1084091400
325 926 1084091447
378 644 1084091454
422 386 1084091454
378 396 1084091535
131 686 1084091647
621 719 1084091693
621 194 1084091718
439 212 1084091810
422 768 1084091818
103 378 1084091854
439 131 1084091880
103 783 1084091904
97 934 1084091963
422 835 1084091990
97 191 1084091991
131 439 1084092091
36 834 1084092111
679 768 1084092225
768 422 1084092252
393 431 1084092330
557 926 1084092337
439 131 1084092357
393 834 1084092412
679 393 1084092414
834 393 1084092430
393 834 1084092444
834 393 1084092456
834 393 1084092489
36 834 1084092491
393 679 1084092518
783 103 1084092553
393 834 1084092566
97 191 1084092636
777 843 1084092646
131 439 1084092650
621 819 1084092650
834 393 1084092670
393 834 1084092726
768 679 1084092810
834 393 1084092834
439 131 1084092846
393 834 1084092864
830 924 1084092865
830 454 1084092877
928 191 1084092960
834 393 1084092964
719 621 1084092964
454 830 1084093015
830 454 1084093055
851 679 1084093069
679 393 1084093073
851 852 1084093084
851 679 1084093103
393 679 1084093135
792 679 1084093218
679 393 1084093229
454 830 1084093285
431 393 1084093292
393 679 1084093306
546 583 1084093307
792 339 1084093346
131 439 1084093355
393 431 1084093362
830 454 1084093384
191 928 1084093413
546 598 1084093498
41 389 1084093509
41 913 1084093549
679 393 1084093554
41 928 1084093585
393 679 1084093598
470 621 1084093644
679 393 1084093661
431 393 1084093677
928 41 1084093714
393 679 1084093732
41 928 1084093734
393 431 1084093768
555 514 1084093772
679 393 1084093776
928 191 1084093783
853 597 1084093787
928 41 1084093809
393 679 1084093866
431 393 1084093915
679 393 1084093959
393 679 1084094030
679 393 1084094090
687 936 1084094107
191 928 1084094133
237 711 1084094148
679 903 1084094157
687 376 1084094173
393 679 1084094262
87 393 1084094305
679 393 1084094311
308 254 1084094345
393 87 1084094365
388 408 1084094374
388 408 1084094398
393 679 1084094417
308 237 1084094426
679 393 1084094457
87 393 1084094466
393 679 1084094551
679 393 1084094572
393 679 1084094615
719 802 1084094621
679 393 1084094657
393 679 1084094691
583 308 1084094697
679 393 1084094715
393 679 1084094768
679 393 1084094806
309 937 1084094846
393 679 1084094856
802 719 1084094914
60 605 1084094985
638 744 1084095191
41 928 1084095238
339 792 1084095281
679 393 1084095533
768 819 1084095645
454 830 1084095685
621 719 1084095703
621 834 1084095723
768 819 1084095755
557 583 1084095769
621 470 1084095780
325 924 1084095858
615 765 1084095894
924 830 1084095927
325 783 1084096034
768 819 1084096098
741 711 1084096178
95 938 1084096193
237 308 1084096229
835 492 1084096296
679 404 1084096305
725 928 1084096316
719 621 1084096338
934 128 1084096372
874 254 1084096396
719 802 1084096400
719 802 1084096401
679 404 1084096410
794 598 1084096416
621 719 1084096429
719 621 1084096509
934 437 1084096521
934 460 1084096559
783 325 1084096620
783 103 1084096639
638 939 1084096706
802 719 1084096754
325 783 1084096789
598 794 1084096837
719 802 1084096854
621 719 1084096890
938 95 1084097065
719 621 1084097066
915 393 1084097074
928 191 1084097127
725 928 1084097265
783 325 1084097337
172 598 1084097389
325 783 1084097436
874 191 1084097675
874 74 1084097697
303 212 1084097720
325 874 1084097848
824 774 1084097961
824 774 1084097989
774 824 1084098061
325 760 1084098070
774 824 1084098074
802 719 1084098097
308 638 1084098107
760 325 1084098111
824 774 1084098134
128 934 1084098145
325 760 1084098177
760 325 1084098210
774 824 1084098220
638 308 1084098220
719 802 1084098231
325 760 1084098268
760 325 1084098293
74 940 1084098296
802 719 1084098299
824 774 1084098305
719 802 1084098438
774 824 1084098444
938 325 1084098591
325 938 1084098695
370 278 1084098787
874 325 1084098812
787 720 1084098837
599 41 1084098888
325 874 1084098889
679 174 1084098917
936 687 1084098980
732 928 1084099016
375 32 1084099048
928 732 1084099067
638 758 1084099164
675 462 1084099167
638 355 1084099344
308 561 1084099565
145 719 1084099571
638 940 1084099707
308 431 1084099743
638 51 1084099751
802 719 1084099844
638 940 1084099860
638 940 1084099939
934 128 1084100020
638 940 1084100103
638 724 1084100142
941 816 1084100178
941 816 1084100205
941 816 1084100209
431 308 1084100246
495 103 1084100263
51 638 1084100324
941 926 1084100464
940 638 1084100584
583 557 1084100608
942 651 1084100817
942 646 1084100880
942 943 1084100930
942 650 1084100968
934 437 1084101071
325 941 1084101101
408 254 1084101165
944 128 1084101303
408 388 1084101399
557 583 1084101411
73 74 1084102074
283 194 1084102080
283 445 1084102153
704 924 1084102250
770 386 1084102261
873 224 1084102266
445 283 1084102311
770 686 1084102338
283 445 1084102403
408 388 1084102404
770 928 1084102419
847 97 1084102426
770 928 1084102448
770 513 1084102469
445 283 1084102554
283 445 1084102605
445 283 1084102684
283 445 1084102881
388 408 1084102975
283 297 1084103053
557 513 1084103090
445 283 1084103102
557 445 1084103333
945 625 1084103676
404 679 1084104106
172 638 1084104329
738 191 1084104358
404 679 1084104399
625 945 1084104879
345 518 1084104973
345 518 1084105009
345 346 1084105061
783 325 1084105330
345 691 1084105366
345 691 1084105379
345 691 1084105383
345 946 1084105485
345 947 1084105659
345 95 1084105790
242 913 1084105977
103 386 1084106376
103 345 1084106431
103 948 1084106478
901 482 1084109169
901 41 1084109264
884 194 1084109998
884 913 1084110157
189 712 1084110442
67 683 1084111473
801 768 1084112100
801 768 1084112151
