1756 503 1094485898
1786 1280 1094491078
809 308 1094493561
1644 398 1094495558
1644 456 1094495945
456 1644 1094496061
431 1587 1094496063
456 1644 1094496087
1644 456 1094496325
1644 456 1094496381
398 1644 1094497265
1783 1231 1094497275
357 1403 1094498728
1644 398 1094501836
1231 1783 1094502928
249 1026 1094503252
398 1644 1094506485
398 1644 1094506644
1783 1231 1094508918
1190 394 1094509393
1624 398 1094509982
1315 1724 1094511177
398 1624 1094514090
1013 398 1094514432
1403 357 1094516415
32 1127 1094517231
1783 697 1094519076
204 1783 1094519466
423 447 1094525422
429 1167 1094525505
9 1644 1094525663
1026 249 1094528030
1253 1168 1094528462
1167 429 1094532103
503 1756 1094532971
415 1343 1094534980
456 1132 1094535117
456 1132 1094535147
1624 456 1094535178
357 1403 1094535457
456 1132 1094536132
1168 1253 1094536335
105 1127 1094536639
1624 105 1094537220
198 1565 1094539565
970 1641 1094540266
1280 1786 1094540945
105 1624 1094541982
67 1809 1094542055
1562 1517 1094542095
1517 1562 1094542191
1231 1783 1094542965
289 1807 1094543451
970 1565 1094544491
557 302 1094560911
617 1713 1094568754
