1127 1227 1095261164
1167 809 1095264500
1237 843 1095266583
398 1836 1095266592
1237 398 1095266725
843 1237 1095268145
843 1406 1095268165
843 1237 1095268196
1781 469 1095269144
1781 1756 1095269199
1781 398 1095269220
652 27 1095271379
1543 1282 1095273566
812 523 1095276178
1434 1312 1095276268
1308 9 1095276364
1434 1535 1095276400
1624 1756 1095276575
1624 1168 1095280191
1168 1624 1095280370
1624 1168 1095280676
1619 143 1095281269
1624 1168 1095281327
1168 1624 1095281712
1624 1168 1095281829
1624 1052 1095281841
1624 805 1095281906
1624 1168 1095281975
1168 1624 1095282157
1168 1624 1095282237
1624 1168 1095282277
1624 1168 1095282303
1756 1624 1095282443
1168 1624 1095282472
1624 1756 1095282488
1624 1168 1095282579
1756 1781 1095282599
1756 1624 1095282639
1168 1624 1095282709
1624 1168 1095282778
1624 1756 1095282790
1756 503 1095282985
1756 1624 1095283047
1312 1434 1095290431
1312 1434 1095290475
509 1026 1095291321
1839 681 1095291851
1839 95 1095291960
1839 1397 1095292423
509 1839 1095292435
1839 509 1095292545
681 1839 1095293007
509 1839 1095293895
509 316 1095294722
1624 1626 1095296536
983 1079 1095298452
1624 1168 1095298786
1168 1624 1095298812
1624 1168 1095298845
1168 1624 1095298900
1624 1168 1095298924
1168 1624 1095299119
1624 1168 1095299686
1168 1624 1095299808
1168 1624 1095300048
1624 1168 1095300147
1624 95 1095300575
1168 1624 1095300708
1624 1168 1095301532
1624 1052 1095301543
1168 1624 1095301649
1624 1168 1095302041
1624 474 1095302071
474 1624 1095302262
1168 1624 1095302282
1624 1168 1095302419
474 105 1095302457
1168 1624 1095302727
1624 474 1095302984
1624 1168 1095303031
1168 1624 1095303230
809 1167 1095303852
1624 1168 1095303887
105 474 1095304422
1168 1624 1095304423
1624 1168 1095304940
1168 1624 1095305117
398 1781 1095305209
398 1237 1095305265
1168 1624 1095305317
1811 1624 1095305687
1624 1168 1095305700
1624 1811 1095305827
1624 1168 1095305839
1624 812 1095306078
9 1644 1095307589
9 1839 1095307633
1488 847 1095309007
1601 1402 1095309947
1811 525 1095310636
1601 1338 1095311246
1601 1279 1095311660
525 1811 1095312062
1644 9 1095312073
1601 114 1095312086
1601 318 1095313139
1781 398 1095313988
1781 1756 1095314026
12 1831 1095314197
398 1781 1095314222
12 1624 1095314231
9 1644 1095314270
12 1644 1095314285
9 1308 1095314291
12 974 1095314339
1601 1781 1095314657
1601 1505 1095315521
1781 1601 1095315694
1781 398 1095315720
1601 1781 1095316069
398 1781 1095316101
1601 1675 1095316498
1434 1312 1095316520
1601 553 1095316648
1836 1839 1095317832
469 1217 1095319858
469 1781 1095319919
469 503 1095319964
469 525 1095320070
341 475 1095320315
1720 429 1095321676
1565 652 1095322023
1644 9 1095322203
1644 12 1095322222
1624 12 1095323969
1406 1649 1095324514
970 1641 1095325706
