1624 1408 1088610087
456 1624 1088611255
456 204 1088611598
456 495 1088611691
1624 456 1088612141
1489 249 1088613247
1489 249 1088613282
1339 1489 1088614097
1489 1339 1088614158
1314 1346 1088615292
997 415 1088615926
997 142 1088616044
1346 1314 1088621754
1644 878 1088623327
615 652 1088623774
1130 1713 1088623916
537 1332 1088625228
329 1510 1088626155
1285 27 1088627417
176 969 1088628682
27 1285 1088629504
768 1280 1088629894
63 1713 1088630120
63 249 1088630209
1543 1546 1088630299
324 329 1088630710
105 1727 1088631066
162 132 1088631626
1342 1343 1088632021
249 1489 1088632936
249 1489 1088632966
878 1255 1088633069
626 95 1088633703
626 644 1088633835
970 1255 1088634164
429 191 1088635293
429 160 1088635386
710 1562 1088635390
710 727 1088635455
1255 878 1088636538
1255 970 1088636582
1713 1130 1088637592
1667 1181 1088638712
1713 708 1088638833
1079 27 1088639205
644 626 1088639344
1113 1343 1088639644
1127 713 1088639765
1343 1113 1088639773
1113 1343 1088639871
1343 1113 1088640035
176 898 1088640192
176 523 1088640210
1158 1072 1088640363
1225 1393 1088640970
1343 1342 1088641492
27 1079 1088641533
970 1255 1088641752
1113 1343 1088641827
1181 1667 1088642803
193 1647 1088643879
1562 710 1088644160
1317 652 1088644382
1713 44 1088644502
1255 970 1088644506
525 557 1088644656
1713 525 1088644853
525 44 1088644897
970 1255 1088645660
191 429 1088645945
1727 105 1088647612
483 189 1088648134
9 282 1088648206
9 1622 1088648277
9 1343 1088648314
9 1731 1088648330
9 788 1088648429
9 1313 1088648488
1362 1406 1088650375
711 642 1088650752
1079 27 1088652022
1343 9 1088652121
741 495 1088653170
1667 1181 1088654749
429 191 1088654869
1231 1667 1088655084
1731 9 1088656106
642 711 1088656345
19 1130 1088656587
1732 1556 1088657529
245 1283 1088657542
969 176 1088657840
95 561 1088658430
249 1280 1088659248
1280 768 1088659248
1280 249 1088659335
249 1280 1088659575
1280 249 1088659647
1343 1113 1088659706
249 1280 1088659784
176 969 1088659808
176 1585 1088659857
249 1585 1088659981
1647 193 1088660020
1585 176 1088660061
249 1343 1088660071
1647 172 1088660131
1585 249 1088660139
176 1585 1088660162
249 1585 1088660203
1585 176 1088660210
249 1021 1088660259
176 1585 1088660262
1585 176 1088660355
1585 1582 1088660442
176 1585 1088660564
27 1079 1088660578
1113 1343 1088661015
249 1395 1088661019
1113 1395 1088661082
1395 249 1088661129
1395 1113 1088661201
1113 1395 1088661315
249 1395 1088661335
1395 1113 1088661420
1395 249 1088661519
249 1395 1088661667
1395 249 1088661810
249 1395 1088661837
1282 1647 1088661874
1113 1395 1088661885
249 1353 1088661907
1282 1647 1088661963
249 1644 1088662118
1644 249 1088662211
525 1713 1088662390
249 1644 1088662410
1282 848 1088662599
1036 792 1088662798
1644 249 1088662918
249 1644 1088663155
1190 393 1088663416
1644 249 1088663421
249 1644 1088663731
1644 249 1088664049
249 1644 1088664147
249 783 1088664270
1255 970 1088664362
95 447 1088664573
1079 27 1088664592
1644 249 1088664710
249 1644 1088664740
95 626 1088664882
1644 249 1088665143
1181 1667 1088665168
1556 1732 1088665672
1568 644 1088666262
1493 1656 1088666269
144 1500 1088666321
1493 1713 1088666348
1493 1113 1088666416
249 1644 1088666449
1644 249 1088666678
249 1644 1088666809
652 1317 1088666911
1644 249 1088666951
298 323 1088667030
1018 1644 1088667815
27 1079 1088667982
1644 1018 1088668270
257 42 1088668832
1408 1624 1088669388
249 1644 1088669503
249 1644 1088670027
1079 27 1088671037
27 1079 1088671253
1436 582 1088672200
193 1647 1088672280
990 1113 1088672302
191 429 1088672448
1072 1158 1088672738
1072 878 1088672803
1079 27 1088672974
783 249 1088675376
