536 1713 1096988740
697 645 1096994958
868 1876 1096995137
1624 9 1096995212
1836 1362 1097000179
1836 1724 1097001575
1836 536 1097001770
1724 1836 1097005868
536 1836 1097008447
809 1167 1097009667
1168 1624 1097010227
1168 1624 1097010351
1852 697 1097012919
1836 1724 1097013996
1836 536 1097014121
1362 1836 1097014726
1836 1362 1097016225
342 1362 1097017733
1158 1072 1097019201
42 323 1097020441
697 1852 1097020549
768 1280 1097021946
1713 536 1097024850
1713 987 1097025262
1543 1879 1097025798
1724 1836 1097028506
1876 868 1097030064
1866 868 1097032325
868 1876 1097033303
868 1866 1097033388
1866 868 1097033422
868 1866 1097033527
1866 868 1097033572
868 1866 1097033810
1866 868 1097034187
1866 868 1097034690
1876 1880 1097035210
1876 868 1097035636
193 393 1097036316
1866 44 1097036505
44 1866 1097036537
1866 44 1097036559
1866 44 1097036686
44 1866 1097036899
1866 44 1097037002
44 1866 1097037097
1866 44 1097037219
1876 983 1097037251
1876 1565 1097037267
44 1866 1097037398
1866 44 1097037433
1601 1338 1097037668
1624 1168 1097037728
1624 1168 1097037745
1836 1362 1097041345
536 1713 1097041988
536 1836 1097042023
868 1876 1097042228
393 193 1097042889
447 1866 1097044141
1866 447 1097044435
1836 536 1097044502
447 1866 1097044538
1866 447 1097044589
1852 697 1097044709
447 1866 1097044767
1866 447 1097044832
447 1866 1097044962
1866 447 1097045100
447 1866 1097045334
1866 447 1097045375
447 1866 1097045561
1866 447 1097045648
447 1866 1097045692
1866 447 1097045729
447 1866 1097045874
1866 447 1097046021
447 1866 1097046198
1866 447 1097046765
447 1866 1097046976
1866 447 1097047061
447 1866 1097047178
1866 447 1097047382
447 1866 1097047462
1866 447 1097047666
447 1866 1097047740
1866 447 1097047869
447 1866 1097047943
1866 447 1097048031
447 1866 1097048202
1866 447 1097048372
447 1866 1097048461
1866 447 1097048520
447 1866 1097048635
1866 447 1097048692
447 1866 1097048818
1866 447 1097049026
447 1866 1097049107
1866 447 1097049225
1 312 1097052202
