536 1836 1097079494
469 1181 1097088923
652 1565 1097098736
1181 469 1097102846
342 561 1097106478
1565 652 1097108784
1836 536 1097109161
1546 1875 1097109322
1876 868 1097110410
312 1 1097115686
868 1876 1097117867
1282 1773 1097121825
1866 1644 1097123323
1878 1362 1097126809
1362 1836 1097126859
1773 1282 1097126896
1362 1878 1097126960
1878 1362 1097127089
224 1644 1097128790
1881 1750 1097130956
1676 1881 1097131475
1881 1676 1097131528
536 1836 1097131592
1713 536 1097132095
1881 1052 1097132374
983 1079 1097132507
1079 983 1097132511
1881 1642 1097132521
1079 983 1097132579
983 1079 1097132596
1642 1881 1097132619
983 1079 1097132623
1079 983 1097132709
1079 1881 1097132773
1079 983 1097132902
983 1079 1097133043
1881 1079 1097133072
1079 1881 1097133406
1079 983 1097133467
1881 1079 1097133687
1750 1881 1097133715
1881 1750 1097133813
1079 1881 1097133815
983 1079 1097133844
1750 1881 1097133867
1079 983 1097133936
1881 1079 1097133951
1881 1750 1097133984
1079 1881 1097134009
983 1079 1097134017
1881 1079 1097134079
1079 983 1097134112
1079 1881 1097134175
983 1079 1097134188
1881 1079 1097134201
1750 1881 1097134217
1079 983 1097134252
1079 1881 1097134270
983 1079 1097134339
1079 983 1097134458
983 1079 1097134529
1750 1881 1097134554
1079 983 1097134615
1881 1750 1097134639
983 1079 1097134754
1079 983 1097134893
983 1079 1097135135
1079 983 1097135257
1741 463 1097135426
983 1079 1097135484
1079 983 1097135627
983 1079 1097135659
1079 983 1097135697
1741 1792 1097135816
1741 475 1097136215
1741 773 1097136367
1741 1847 1097136635
1280 768 1097140561
536 1713 1097142118
302 557 1097154705
1 312 1097156062
