713 105 1092669803
713 1167 1092669910
713 1756 1092669971
713 1059 1092670710
1750 393 1092671035
1167 713 1092674974
431 1724 1092675520
884 713 1092676044
561 1543 1092676894
342 561 1092677455
561 95 1092678132
561 342 1092678338
561 1310 1092679057
561 727 1092679135
1127 818 1092680287
67 1675 1092681817
105 713 1092681878
105 398 1092682040
1436 494 1092682254
997 1127 1092683212
997 12 1092683241
67 1781 1092686241
398 105 1092688993
1246 1750 1092689408
1543 483 1092690254
105 398 1092690265
1543 697 1092690587
1543 318 1092690772
27 652 1092690831
1543 443 1092691036
1543 852 1092691682
1543 561 1092692121
1543 1395 1092692263
1543 1553 1092692380
1342 1081 1092692813
697 1543 1092692897
1543 1282 1092692924
1543 697 1092693009
1543 952 1092693324
1543 974 1092693415
1543 735 1092693623
1543 39 1092693705
1698 605 1092693803
283 277 1092693924
1543 1565 1092693934
1543 697 1092694508
1543 798 1092694658
1543 835 1092694984
1741 784 1092695143
1543 617 1092695216
1741 840 1092695248
1059 713 1092695367
1741 277 1092695452
1741 1029 1092695576
1741 1029 1092695582
1741 391 1092695769
1741 975 1092695807
1741 59 1092695902
1741 626 1092696155
1741 523 1092696426
1059 713 1092696535
1750 1799 1092697098
1799 8 1092697105
969 1416 1092697166
1543 1788 1092697247
1799 1750 1092697295
494 1436 1092698165
342 561 1092699337
1792 1285 1092700176
1344 1434 1092700322
1344 1786 1092700386
1792 1310 1092700410
1792 620 1092700747
768 1280 1092700864
1792 341 1092701033
44 1800 1092701398
1724 431 1092704638
1724 105 1092704684
95 1788 1092705188
95 1789 1092705341
561 1543 1092706631
431 1724 1092706788
561 342 1092706854
1416 969 1092708511
105 1724 1092709113
652 27 1092710080
1436 494 1092710852
727 561 1092713803
969 1756 1092716099
342 561 1092716144
1724 105 1092718530
1724 431 1092718571
140 557 1092719671
557 140 1092720427
818 1127 1092720599
818 1542 1092720637
818 32 1092720663
818 847 1092720735
140 557 1092720782
483 1543 1092721109
557 140 1092721469
140 557 1092722166
140 1281 1092723010
1281 140 1092723072
140 1281 1092723403
140 1781 1092723955
144 1472 1092723959
140 557 1092724051
1281 140 1092724180
557 140 1092724529
140 557 1092724625
140 1281 1092724787
557 140 1092724892
1543 561 1092725292
105 1724 1092725786
341 1792 1092726611
1543 483 1092726652
1796 67 1092726861
1543 1255 1092726883
67 1796 1092727181
1281 140 1092727243
67 657 1092727804
657 67 1092728139
67 657 1092728231
1796 67 1092728311
657 67 1092728436
67 657 1092728576
67 1796 1092729261
1231 1750 1092729854
1786 1546 1092730088
318 1543 1092730307
1280 768 1092730605
8 1799 1092730803
221 1792 1092731761
847 818 1092731849
821 583 1092733717
755 697 1092734167
105 27 1092734876
105 72 1092734991
105 995 1092736396
105 353 1092736989
483 1543 1092741805
1675 105 1092743092
1675 847 1092743166
1675 1543 1092743257
1675 67 1092750287
1 312 1092750326
1675 32 1092750446
1756 1485 1092754235
1756 1436 1092754293
1756 105 1092754350
