1167 32 1096473784
1167 809 1096473882
1167 1540 1096473923
1167 429 1096473948
1181 9 1096481431
1181 492 1096481462
1713 561 1096483168
1624 234 1096484960
1624 234 1096485028
1543 536 1096492418
1750 561 1096498773
1075 1624 1096499388
785 1724 1096501364
1724 1836 1096501402
1724 785 1096501423
1624 1075 1096503602
697 1866 1096508882
652 69 1096511256
1332 1565 1096516278
1332 1796 1096516896
1781 9 1096518229
621 830 1096520528
1308 9 1096520784
1565 1332 1096520872
785 1724 1096521109
1836 1724 1096521538
1713 1565 1096522114
808 697 1096522398
1565 1713 1096522428
1346 1713 1096526965
9 1781 1096530284
9 1308 1096530652
1773 673 1096531007
1866 1402 1096533268
1866 1768 1096533433
1713 1346 1096553110
673 1773 1096555658
