1756 713 1090422291
1756 1644 1090422443
1756 1375 1090422823
518 1346 1090424067
768 1280 1090426492
1467 9 1090427435
1121 142 1090428810
12 1255 1090434378
12 1312 1090434456
12 1313 1090434527
12 1387 1090434558
1346 1678 1090436901
312 1 1090437113
1493 1113 1090439115
1280 768 1090439371
1281 1762 1090442258
431 1497 1090445868
308 1762 1090448883
1127 1665 1090450978
1127 997 1090451100
1568 1585 1090451204
175 810 1090453967
509 1026 1090454286
1644 1756 1090455603
823 242 1090456132
249 44 1090456158
810 175 1090456368
44 249 1090456373
249 44 1090456405
44 249 1090456593
175 810 1090458740
9 1467 1090462924
9 1343 1090463250
9 1731 1090463261
9 1255 1090463362
9 1655 1090463374
9 1308 1090463430
1762 308 1090464096
1762 1281 1090464225
1281 1762 1090465519
810 175 1090466945
175 810 1090468954
67 1346 1090469727
67 1239 1090469790
308 1762 1090469858
1343 9 1090470741
1343 3 1090470972
1343 12 1090471016
1343 12 1090471080
9 1343 1090472139
9 1387 1090473037
9 1265 1090473069
9 1763 1090473328
9 1763 1090473360
9 1763 1090473371
9 1763 1090473382
9 1763 1090473387
9 724 1090473400
561 431 1090473559
561 95 1090473696
561 727 1090473824
12 143 1090473884
12 1343 1090473968
12 9 1090474052
9 12 1090474079
9 12 1090474095
143 12 1090474109
429 191 1090474351
12 143 1090474672
12 1763 1090474710
1763 12 1090474917
12 1763 1090475084
12 1313 1090475145
1313 12 1090475176
12 1313 1090475296
1313 12 1090475724
1395 1113 1090476155
1395 1746 1090476315
12 1313 1090476827
1313 12 1090476920
12 1313 1090476942
1313 12 1090476974
12 1313 1090477029
1313 12 1090477052
12 1313 1090477089
1313 12 1090477332
12 1313 1090477390
1313 12 1090477528
1313 12 1090477553
12 1313 1090478005
12 547 1090478268
1313 12 1090478288
1647 621 1090478548
12 1313 1090478557
1255 9 1090478717
12 1313 1090478759
1313 12 1090478899
1009 27 1090478958
161 1255 1090479847
483 1408 1090480179
1762 308 1090480316
1762 1281 1090480417
810 175 1090480522
843 1237 1090481333
1346 1314 1090481586
810 175 1090481860
9 1255 1090482136
1493 1113 1090482703
9 847 1090483035
27 1009 1090483123
144 1758 1090483347
431 561 1090484967
615 1764 1090485255
1673 161 1090485517
1758 144 1090485787
143 12 1090486183
67 1034 1090487180
1158 1072 1090487200
1158 1497 1090487278
72 1765 1090491383
1253 1157 1090491466
1678 779 1090492195
582 27 1090492355
3 1343 1090494541
242 823 1090497029
255 1 1090500259
1 255 1090500377
1281 1762 1090507029
1762 1281 1090507770
