456 1132 1094917430
809 1167 1094925474
1359 1343 1094925667
620 27 1094930666
1713 617 1094930748
393 1585 1094931008
1836 1291 1094934169
1836 1321 1094934648
1836 1393 1094934901
1836 375 1094935334
1836 143 1094935627
1836 697 1094936278
1836 398 1094936677
1836 1340 1094936787
1836 699 1094937183
398 1836 1094937310
398 1836 1094937424
1629 1756 1094937482
1836 398 1094938294
398 1836 1094938743
1836 398 1094938932
95 1403 1094939083
398 1836 1094939097
1836 398 1094939248
398 1836 1094939366
95 1808 1094939566
95 1624 1094939598
1624 95 1094939634
95 1624 1094939655
1624 95 1094939682
95 1624 1094939724
1836 398 1094940363
1836 1249 1094941466
95 561 1094941603
95 1452 1094942257
681 1837 1094944482
557 1624 1094946246
145 810 1094947736
1332 1737 1094947849
557 561 1094948105
1281 1762 1094948434
1332 1312 1094948475
1624 557 1094951295
1312 1434 1094954087
1312 1332 1094954160
503 1756 1094957011
699 1836 1094960683
398 1836 1094960924
1758 1644 1094962565
1758 1644 1094962710
1758 1644 1094963018
260 1406 1094964836
67 1675 1094970146
617 1713 1094970407
770 639 1094970422
770 617 1094970467
617 770 1094970762
1167 809 1094976199
1750 561 1094979134
1675 67 1094982450
1132 847 1095000710
