174 335 1083256343
317 308 1083258752
386 399 1083259315
308 373 1083260122
36 428 1083260287
308 311 1083260296
36 413 1083260442
342 8 1083260812
342 63 1083261008
41 407 1083261574
398 6 1083262843
398 405 1083263129
289 392 1083263184
398 335 1083263287
429 242 1083263509
297 234 1083263529
32 429 1083264055
424 144 1083264059
321 392 1083264157
429 32 1083264199
32 429 1083264229
321 392 1083264232
321 392 1083264374
289 392 1083264483
321 392 1083264648
321 371 1083264726
321 392 1083264794
430 164 1083264928
430 58 1083264952
289 392 1083265011
321 392 1083265018
424 260 1083265342
321 392 1083265417
431 371 1083265441
289 392 1083265462
431 32 1083265544
424 175 1083265562
405 263 1083265644
431 88 1083265666
432 8 1083265696
289 392 1083265709
27 414 1083265785
398 405 1083265788
321 392 1083265804
429 309 1083265843
431 407 1083265935
431 407 1083265955
431 365 1083265986
431 32 1083266020
321 392 1083266201
289 392 1083266342
321 392 1083266402
289 392 1083266820
242 429 1083266892
424 315 1083266924
289 392 1083267043
289 392 1083267225
51 429 1083267231
321 392 1083267425
32 8 1083268141
263 405 1083268418
310 405 1083268576
431 407 1083268678
263 72 1083268939
63 430 1083268973
144 283 1083269981
398 8 1083270106
395 8 1083270976
398 8 1083271294
41 300 1083271359
378 425 1083271477
189 8 1083272862
388 212 1083273072
405 263 1083273354
342 194 1083273615
281 263 1083273670
56 345 1083273995
56 154 1083274023
56 340 1083274034
263 405 1083274366
263 405 1083274538
212 388 1083275223
334 358 1083276026
409 413 1083276092
409 191 1083276105
409 50 1083276120
433 434 1083276127
189 358 1083276247
405 263 1083276762
350 335 1083276810
350 376 1083276883
103 392 1083277021
435 308 1083277575
435 281 1083277603
372 409 1083277641
372 392 1083277680
350 436 1083277785
103 392 1083277821
434 433 1083277830
372 212 1083277910
372 429 1083278001
32 430 1083278108
72 263 1083278121
372 236 1083278229
263 405 1083278365
323 413 1083278424
372 429 1083278539
429 32 1083278540
429 242 1083278663
174 335 1083278872
372 429 1083279401
405 263 1083279509
372 407 1083279749
44 432 1083279789
242 429 1083280088
398 405 1083280205
62 266 1083280380
350 376 1083280400
62 266 1083280574
62 266 1083280862
62 266 1083281063
398 405 1083281321
145 281 1083281596
389 62 1083281792
389 68 1083281866
389 62 1083282259
340 56 1083282480
391 263 1083284481
391 349 1083284547
391 234 1083284623
27 414 1083284879
228 392 1083285399
357 407 1083285534
286 416 1083285834
392 228 1083285960
431 407 1083286295
74 437 1083286671
321 52 1083286676
400 323 1083286808
68 389 1083286816
345 56 1083286901
395 175 1083286970
204 432 1083287228
204 298 1083287250
145 281 1083287405
30 392 1083287781
400 429 1083287821
400 365 1083288050
30 392 1083288081
236 407 1083288140
228 392 1083288399
30 392 1083288437
400 392 1083288461
400 52 1083288584
400 52 1083288593
236 260 1083288609
236 191 1083288635
306 438 1083288783
387 386 1083288982
392 228 1083289317
392 30 1083289360
317 308 1083289361
317 281 1083289388
323 276 1083289393
323 395 1083289554
400 392 1083289697
400 365 1083289768
400 323 1083289825
400 188 1083290164
400 188 1083290174
400 157 1083290211
439 440 1083290337
407 236 1083290424
400 365 1083290620
396 425 1083290707
400 52 1083290768
398 405 1083290879
398 6 1083290915
52 201 1083290933
400 144 1083290989
400 314 1083291046
400 82 1083291153
32 429 1083291237
400 428 1083291308
400 428 1083291317
400 396 1083291491
191 236 1083291951
289 391 1083292063
124 396 1083292085
236 191 1083292146
400 323 1083292222
400 392 1083292410
441 442 1083292464
441 442 1083292473
441 442 1083292479
191 236 1083292560
145 281 1083292655
51 314 1083292740
400 441 1083292976
228 392 1083293041
316 355 1083293157
400 443 1083293194
400 444 1083293215
400 445 1083293313
400 445 1083293319
400 445 1083293327
400 445 1083293334
400 446 1083293365
396 124 1083293399
447 325 1083293460
124 396 1083293579
260 448 1083293695
260 283 1083293733
379 74 1083293851
407 396 1083293855
396 407 1083293880
407 396 1083293907
260 236 1083293908
124 396 1083293987
396 407 1083294056
234 391 1083294085
289 449 1083294124
396 124 1083294137
447 6 1083294155
69 450 1083294158
321 392 1083294176
124 396 1083294188
124 396 1083294219
447 6 1083294245
29 443 1083294290
124 396 1083294391
424 175 1083294431
447 6 1083294446
429 209 1083294488
429 372 1083294641
451 32 1083294661
451 67 1083294725
321 437 1083294761
429 32 1083294866
124 452 1083294870
297 372 1083294946
124 396 1083294976
297 272 1083294977
297 234 1083295015
400 396 1083295120
308 281 1083295131
281 308 1083295195
32 429 1083295254
308 281 1083295271
357 407 1083295290
308 281 1083295291
281 308 1083295318
396 124 1083295323
211 212 1083295337
357 429 1083295339
400 429 1083295361
281 308 1083295379
429 32 1083295558
124 396 1083295567
357 8 1083295682
308 281 1083295690
409 413 1083295732
400 396 1083295739
32 429 1083295758
409 6 1083295791
396 124 1083295815
400 429 1083295892
124 396 1083296018
357 65 1083296277
400 396 1083296296
400 396 1083296438
132 149 1083296557
425 378 1083296694
453 32 1083296804
302 393 1083296911
425 52 1083297062
289 65 1083297262
372 392 1083297415
372 429 1083297546
357 454 1083297847
392 228 1083297898
27 414 1083297932
323 455 1083297990
297 372 1083298139
310 405 1083298209
323 98 1083298291
323 98 1083298347
317 316 1083298378
456 457 1083298558
368 441 1083298874
323 458 1083298944
389 454 1083298982
74 379 1083299052
378 425 1083299196
323 88 1083299479
41 389 1083299659
88 323 1083299824
74 459 1083299898
176 445 1083299971
323 88 1083300012
323 88 1083300115
274 6 1083300189
41 437 1083300240
41 389 1083300288
323 88 1083300336
372 392 1083300341
323 281 1083300380
372 392 1083300438
44 296 1083300539
388 212 1083300603
140 201 1083300616
140 201 1083300644
274 74 1083300645
389 68 1083300769
44 74 1083300794
41 389 1083300797
323 88 1083300869
44 296 1083300902
274 416 1083300935
88 323 1083300944
323 88 1083300975
172 460 1083301076
274 6 1083301090
389 236 1083301131
274 6 1083301163
88 323 1083301192
372 461 1083301278
236 191 1083301289
460 172 1083301325
372 461 1083301329
44 74 1083301350
274 462 1083301388
44 296 1083301390
302 372 1083301408
281 323 1083301452
297 372 1083301509
274 6 1083301541
1 211 1083301618
62 389 1083301811
176 463 1083301862
303 194 1083302027
236 407 1083302080
176 463 1083302094
44 74 1083302387
236 389 1083302444
41 463 1083302546
44 74 1083302880
172 460 1083303087
19 443 1083303115
19 446 1083303192
44 74 1083303493
212 372 1083303878
289 65 1083303906
460 172 1083303935
297 372 1083303940
350 376 1083303968
103 464 1083303968
103 464 1083304156
297 172 1083304182
297 372 1083304262
447 6 1083304285
447 172 1083304390
41 463 1083304438
103 464 1083304457
465 456 1083304513
176 463 1083304600
41 463 1083304647
447 456 1083304662
466 392 1083304667
398 74 1083304671
398 74 1083304699
41 463 1083304744
389 236 1083304776
389 68 1083304793
176 463 1083304806
398 74 1083304815
396 425 1083304945
398 74 1083304971
389 467 1083305067
44 74 1083305133
398 74 1083305358
286 468 1083305492
398 134 1083305713
398 396 1083305780
378 396 1083305797
398 463 1083305835
164 430 1083305837
134 398 1083305926
398 164 1083305935
398 463 1083305961
398 134 1083305995
236 389 1083306082
44 74 1083306087
396 378 1083306434
389 236 1083306457
263 409 1083306477
409 263 1083306505
469 463 1083306644
140 470 1083306677
263 409 1083306726
19 134 1083306727
424 175 1083306764
409 263 1083306788
463 469 1083306794
398 463 1083306810
378 396 1083306877
398 463 1083306911
321 392 1083307008
469 463 1083307015
396 378 1083307041
398 365 1083307044
398 471 1083307114
321 460 1083307320
398 468 1083307498
463 469 1083307616
41 437 1083307725
469 463 1083307908
38 288 1083308148
38 365 1083308166
38 288 1083308300
38 437 1083308358
469 463 1083308512
38 288 1083308576
38 288 1083308579
38 288 1083308580
38 288 1083308615
378 396 1083308624
396 378 1083308667
9 391 1083308770
38 437 1083308809
472 263 1083308869
38 288 1083308905
41 437 1083308939
41 473 1083308943
9 282 1083309112
38 288 1083309115
38 288 1083309252
357 409 1083309284
263 472 1083309314
357 437 1083309325
472 263 1083309363
38 288 1083309393
38 288 1083309399
396 378 1083309421
38 288 1083309554
357 409 1083309568
103 464 1083309582
67 32 1083309592
409 349 1083309603
357 405 1083309630
38 288 1083309673
103 134 1083309690
407 236 1083309725
357 409 1083309763
19 409 1083309822
38 409 1083309829
67 396 1083309866
212 472 1083309930
357 409 1083309948
67 378 1083310002
212 472 1083310014
103 464 1083310096
357 409 1083310115
474 32 1083310132
474 456 1083310150
474 74 1083310305
357 409 1083310311
429 32 1083310326
357 464 1083310383
429 372 1083310483
475 368 1083310529
357 409 1083310555
263 332 1083310587
424 343 1083310597
424 405 1083310677
41 407 1083310709
357 409 1083310816
357 476 1083310870
317 309 1083310959
357 409 1083310976
477 1 1083311178
357 409 1083311184
67 396 1083311200
357 460 1083311250
212 472 1083311281
321 460 1083311302
357 409 1083311312
19 409 1083311318
19 409 1083311337
38 409 1083311345
357 168 1083311364
357 409 1083311403
19 409 1083311423
263 460 1083311452
19 409 1083311485
357 409 1083311606
19 478 1083311619
38 478 1083311647
19 409 1083311662
38 464 1083311738
19 409 1083311791
38 405 1083311793
357 409 1083311809
19 409 1083311818
263 472 1083311833
6 472 1083311923
19 409 1083311949
357 409 1083311952
19 409 1083311973
19 409 1083311994
263 479 1083312129
398 405 1083312133
321 460 1083312164
19 409 1083312240
321 460 1083312365
19 409 1083312429
357 409 1083312506
475 368 1083312526
19 409 1083312543
480 212 1083312554
321 460 1083312561
212 480 1083312570
479 263 1083312583
212 480 1083312587
67 396 1083312600
373 308 1083312628
212 481 1083312632
212 481 1083312663
357 409 1083312764
212 481 1083312772
475 368 1083312776
368 460 1083312838
398 365 1083312840
357 409 1083312846
321 263 1083312877
321 482 1083312930
460 368 1083312936
321 212 1083312978
357 409 1083312979
483 368 1083312999
368 460 1083313011
372 429 1083313081
212 481 1083313083
19 409 1083313144
359 460 1083313148
460 359 1083313184
398 175 1083313196
6 481 1083313268
359 460 1083313325
481 6 1083313329
483 368 1083313370
277 482 1083313392
392 466 1083313408
277 481 1083313410
6 481 1083313420
392 466 1083313436
212 481 1083313499
277 481 1083313502
481 6 1083313502
6 481 1083313547
481 6 1083313581
282 34 1083313586
19 481 1083313590
321 460 1083313591
277 482 1083313598
6 481 1083313612
466 392 1083313628
277 481 1083313645
274 6 1083313678
321 392 1083313711
392 466 1083313720
372 460 1083313729
19 109 1083313737
274 481 1083313760
321 454 1083313785
321 392 1083313806
483 368 1083313808
372 466 1083313836
460 359 1083313860
368 483 1083313868
423 343 1083313877
481 6 1083313911
423 454 1083313916
277 482 1083313920
484 372 1083313924
321 392 1083313937
321 88 1083313961
310 405 1083313967
274 481 1083313981
321 376 1083313988
483 368 1083313996
481 6 1083314001
357 466 1083314003
274 481 1083314004
398 254 1083314012
321 343 1083314013
277 481 1083314029
274 376 1083314030
321 392 1083314042
274 481 1083314057
321 460 1083314100
357 120 1083314105
460 372 1083314114
484 372 1083314115
398 72 1083314115
277 482 1083314151
321 352 1083314154
236 407 1083314176
277 481 1083314225
321 460 1083314229
372 460 1083314254
321 472 1083314264
321 191 1083314306
368 483 1083314311
423 464 1083314313
131 368 1083314333
321 278 1083314364
321 392 1083314390
460 372 1083314408
228 314 1083314424
321 460 1083314455
321 392 1083314502
321 405 1083314545
372 460 1083314553
357 480 1083314596
321 392 1083314626
282 214 1083314692
372 482 1083314706
277 352 1083314742
131 368 1083314781
321 392 1083314788
309 352 1083314790
289 392 1083314803
321 481 1083314852
236 389 1083314864
485 175 1083314867
321 392 1083314890
398 480 1083314895
321 8 1083314910
131 368 1083314919
289 392 1083314968
321 288 1083314977
372 482 1083315040
372 482 1083315049
372 482 1083315060
407 236 1083315068
321 392 1083315076
321 460 1083315097
172 486 1083315125
321 288 1083315134
460 372 1083315150
483 368 1083315165
193 63 1083315178
321 481 1083315196
321 288 1083315238
67 396 1083315249
321 392 1083315326
321 313 1083315520
463 469 1083315541
321 309 1083315557
321 392 1083315587
321 75 1083315692
321 368 1083315742
321 120 1083315791
423 392 1083315804
479 481 1083315817
321 487 1083315828
321 175 1083315860
481 479 1083315869
321 75 1083315908
321 464 1083315948
479 481 1083315949
308 435 1083315982
423 392 1083316013
172 488 1083316091
321 349 1083316174
297 75 1083316217
321 309 1083316241
372 460 1083316330
479 358 1083316365
484 372 1083316390
321 479 1083316416
439 440 1083316429
321 450 1083316438
368 483 1083316444
317 281 1083316476
321 313 1083316506
321 368 1083316522
484 372 1083316555
321 489 1083316624
321 368 1083316636
321 72 1083316686
140 308 1083316707
483 368 1083316711
321 236 1083316714
317 429 1083316716
321 358 1083316732
321 487 1083316750
172 460 1083316802
321 476 1083316803
483 479 1083316808
321 72 1083316841
368 483 1083316862
321 368 1083316863
321 376 1083316914
479 8 1083316917
321 487 1083316924
321 368 1083316931
475 481 1083316936
51 489 1083316980
321 368 1083316994
321 72 1083317016
277 172 1083317020
483 479 1083317022
409 8 1083317029
483 368 1083317062
484 372 1083317065
51 149 1083317087
19 409 1083317111
389 68 1083317125
19 109 1083317127
321 480 1083317129
317 479 1083317154
321 376 1083317156
19 409 1083317200
321 376 1083317240
424 175 1083317248
389 236 1083317252
389 62 1083317301
19 302 1083317358
321 236 1083317370
321 325 1083317424
376 6 1083317428
350 376 1083317449
51 476 1083317456
321 490 1083317535
321 491 1083317550
321 372 1083317569
321 344 1083317585
321 365 1083317606
321 402 1083317641
51 466 1083317646
321 228 1083317696
321 172 1083317734
402 281 1083317748
321 174 1083317749
19 302 1083317776
263 344 1083317863
236 389 1083317956
9 282 1083317996
51 120 1083318019
483 368 1083318048
236 407 1083318077
492 389 1083318166
493 128 1083318184
494 63 1083318196
492 343 1083318209
494 389 1083318226
128 493 1083318229
9 466 1083318240
447 51 1083318247
447 51 1083318306
9 472 1083318377
9 463 1083318409
389 236 1083318425
9 465 1083318493
424 495 1083318551
308 263 1083318600
140 308 1083318601
9 389 1083318668
494 389 1083318750
263 308 1083318781
494 389 1083318785
9 460 1083318800
494 463 1083318830
236 191 1083318885
494 389 1083318946
447 372 1083318947
494 389 1083319066
228 463 1083319086
400 429 1083319129
494 445 1083319168
400 365 1083319273
209 437 1083319352
494 429 1083319403
400 392 1083319430
9 389 1083319431
400 61 1083319520
9 389 1083319564
236 389 1083319638
19 302 1083319664
209 429 1083319677
9 8 1083319774
9 177 1083319837
400 396 1083319909
400 472 1083320000
389 236 1083320013
400 454 1083320043
400 454 1083320047
263 454 1083320169
400 343 1083320170
472 263 1083320191
483 368 1083320217
19 409 1083320298
19 409 1083320315
409 302 1083320328
19 409 1083320411
9 389 1083320444
400 389 1083320493
483 368 1083320594
368 236 1083320640
263 389 1083320729
44 19 1083320758
466 372 1083320807
368 468 1083320832
483 368 1083320838
336 333 1083320843
263 297 1083320847
468 300 1083320854
400 392 1083320892
475 468 1083320896
475 468 1083320914
466 51 1083320941
483 368 1083320958
475 496 1083320966
484 372 1083321000
479 278 1083321034
372 466 1083321071
483 368 1083321084
405 263 1083321107
405 263 1083321108
466 372 1083321208
297 263 1083321308
484 372 1083321318
103 480 1083321319
475 496 1083321335
400 392 1083321354
483 368 1083321361
497 405 1083321375
263 405 1083321389
372 466 1083321414
297 263 1083321424
405 497 1083321502
497 405 1083321549
103 454 1083321551
263 297 1083321570
236 368 1083321618
297 263 1083321630
405 263 1083321647
405 497 1083321664
321 365 1083321667
389 263 1083321677
321 405 1083321682
103 437 1083321686
498 495 1083321711
497 405 1083321778
405 497 1083321822
263 297 1083321836
321 405 1083321865
368 236 1083321901
321 437 1083321938
297 263 1083321941
497 405 1083321987
484 372 1083322000
212 372 1083322006
400 392 1083322031
236 389 1083322034
263 297 1083322088
297 263 1083322153
236 368 1083322167
355 316 1083322178
355 102 1083322219
368 236 1083322282
389 236 1083322381
497 302 1083322392
263 297 1083322506
344 263 1083322650
297 263 1083322745
263 344 1083322840
483 368 1083322845
103 437 1083322884
498 97 1083322898
321 392 1083323008
194 499 1083323039
194 303 1083323116
194 184 1083323168
53 481 1083323222
496 475 1083323241
475 496 1083323301
194 344 1083323308
63 193 1083323367
496 454 1083323406
62 368 1083323418
496 475 1083323429
194 60 1083323442
6 376 1083323486
41 437 1083323488
194 182 1083323501
297 289 1083323507
194 368 1083323519
475 496 1083323519
1 477 1083323554
321 500 1083323590
194 209 1083323602
297 289 1083323702
62 454 1083323712
321 491 1083323716
194 62 1083323779
501 236 1083323785
263 297 1083323817
62 481 1083323831
321 502 1083323848
501 236 1083323927
62 349 1083324003
321 502 1083324033
501 236 1083324034
297 263 1083324048
501 236 1083324094
321 502 1083324156
62 236 1083324174
501 236 1083324233
297 263 1083324234
309 502 1083324264
6 343 1083324282
321 502 1083324298
502 309 1083324319
332 263 1083324379
194 223 1083324380
321 392 1083324394
321 502 1083324413
309 502 1083324443
379 74 1083324474
321 392 1083324489
321 392 1083324513
6 84 1083324527
502 309 1083324546
379 289 1083324587
62 465 1083324605
62 236 1083324634
263 297 1083324651
501 236 1083324661
263 297 1083324691
309 502 1083324730
62 502 1083324731
263 503 1083324795
502 309 1083324796
221 368 1083324803
297 263 1083324846
502 62 1083324849
379 289 1083324869
321 392 1083324873
503 263 1083324969
321 480 1083324988
379 74 1083325025
194 62 1083325027
379 289 1083325041
321 392 1083325072
62 502 1083325116
392 502 1083325151
379 289 1083325166
502 62 1083325194
194 62 1083325241
334 62 1083325245
502 392 1083325251
297 263 1083325292
181 454 1083325323
392 502 1083325331
62 502 1083325332
321 392 1083325359
502 392 1083325405
194 62 1083325426
321 495 1083325439
62 236 1083325441
502 62 1083325464
392 502 1083325478
62 502 1083325489
502 392 1083325495
502 392 1083325517
334 62 1083325518
502 62 1083325547
194 62 1083325557
62 502 1083325585
263 297 1083325596
321 437 1083325658
334 437 1083325662
194 62 1083325710
321 504 1083325775
181 495 1083325935
181 294 1083326040
194 62 1083326439
220 505 1083326466
194 62 1083326558
220 88 1083326757
103 437 1083326906
128 325 1083327170
128 62 1083327231
128 62 1083327755
128 62 1083328184
62 128 1083328922
501 236 1083329343
501 236 1083329363
501 236 1083329391
501 236 1083329403
501 236 1083329436
501 236 1083329623
60 296 1083333640
