302 557 1093359699
27 1285 1093360100
586 396 1093360154
713 1059 1093360406
3 1807 1093361216
1 36 1093361302
1543 1618 1093368609
503 1756 1093370505
400 710 1093372639
1756 503 1093372806
503 1756 1093373031
1562 503 1093373274
1756 503 1093373401
810 175 1093374985
727 561 1093377948
105 1624 1093379230
1624 105 1093379508
1686 697 1093380986
1686 27 1093382357
27 1686 1093382602
1624 1810 1093383123
1373 105 1093385255
503 1756 1093387821
503 1562 1093387861
1756 503 1093388108
1289 639 1093392955
768 1280 1093396651
503 1756 1093397451
1280 768 1093397752
1756 503 1093397875
1717 1026 1093397934
583 1542 1093397987
1792 1644 1093399648
105 1373 1093400495
105 1624 1093400512
674 569 1093403121
1493 1474 1093404697
1285 1600 1093405163
1332 1545 1093405937
1603 1127 1093406368
431 983 1093406991
342 1603 1093407378
260 1783 1093407532
1132 1686 1093407760
357 525 1093407907
1756 245 1093408275
502 1397 1093409291
856 1398 1093409358
1343 415 1093409762
1343 415 1093409792
1582 1543 1093411431
415 1343 1093411631
1582 1585 1093412172
19 1624 1093413587
1730 105 1093414510
105 1730 1093414651
1783 1730 1093414939
1730 1783 1093414955
1783 1730 1093415001
1730 1783 1093415080
1783 1730 1093415125
1730 1783 1093415161
1783 1730 1093415435
605 1698 1093416005
1783 221 1093416370
1756 1485 1093416795
1543 1582 1093417229
710 400 1093419598
710 245 1093419642
503 1756 1093419690
1562 503 1093420171
1793 1474 1093425718
42 1280 1093434859
1713 3 1093435996
180 3 1093436115
67 180 1093436530
180 67 1093436570
3 1713 1093436605
67 180 1093436614
180 3 1093436634
3 180 1093436651
1713 3 1093436653
180 67 1093436674
67 180 1093436765
180 67 1093436824
67 180 1093436922
180 67 1093437027
67 180 1093437226
180 67 1093437385
180 67 1093437517
67 180 1093437547
105 1132 1093438107
3 180 1093440195
