193 943 1085934583
1393 1424 1085936103
1507 638 1085938895
398 405 1085939102
1507 638 1085939700
1268 1269 1085940177
1062 1349 1085940248
1356 1421 1085940636
1321 1224 1085940794
1356 135 1085941041
1268 1142 1085941094
536 1317 1085941229
536 884 1085941254
1224 1321 1085941394
701 1413 1085941423
864 482 1085941570
864 1189 1085941632
864 990 1085941732
1415 142 1085943509
1 477 1085943867
1 477 1085943891
337 1415 1085944861
1415 142 1085944869
1415 974 1085944900
1217 242 1085944953
1281 1356 1085945299
337 1415 1085945347
42 1415 1085945489
681 52 1085946260
609 1497 1085946512
609 1497 1085946525
609 1478 1085946570
536 884 1085947454
1136 357 1085947549
679 516 1085948212
725 1127 1085949209
52 681 1085949209
1449 817 1085949429
725 1127 1085949465
103 358 1085949623
1402 422 1085949785
1332 964 1085949842
725 52 1085949921
1490 787 1085950207
376 481 1085950258
817 943 1085951390
1189 1417 1085951665
1508 1021 1085951766
1508 52 1085951845
1508 1319 1085952296
1508 1319 1085952348
52 1508 1085952352
1508 52 1085952719
509 52 1085953083
1508 1470 1085953319
509 337 1085953813
389 1472 1085954127
52 1508 1085954291
509 52 1085954752
1508 52 1085954783
509 893 1085954820
964 1332 1085954991
42 995 1085955044
42 1509 1085955498
725 52 1085955531
725 1127 1085955566
1236 706 1085955616
1280 272 1085955740
509 840 1085955800
509 316 1085955825
509 364 1085955947
272 306 1085955960
509 1026 1085956035
337 509 1085956174
509 337 1085956274
509 337 1085956282
704 1329 1085956300
337 509 1085956389
569 1313 1085956439
509 337 1085956454
711 1356 1085956527
103 1329 1085956651
52 509 1085956654
1329 1271 1085956674
52 1508 1085956707
1329 477 1085956707
103 58 1085956747
711 1373 1085956803
1280 272 1085957149
1423 341 1085957291
644 773 1085957314
569 1313 1085957725
810 233 1085957901
362 928 1085958009
362 1421 1085958018
249 1509 1085958064
1217 242 1085958562
1281 540 1085958676
893 509 1085958692
1217 322 1085958810
569 1510 1085959394
342 1417 1085959591
103 358 1085959757
306 272 1085959891
103 358 1085960098
306 1449 1085960168
713 1367 1085960397
713 1441 1085960449
1280 272 1085960520
103 1217 1085960569
713 271 1085960578
713 1381 1085960700
713 1373 1085960719
713 1052 1085960750
1489 1449 1085961090
713 842 1085961098
713 1283 1085961118
713 1311 1085961137
713 666 1085961201
823 1032 1085961289
713 1189 1085961305
713 714 1085961441
1260 557 1085961455
713 781 1085961524
713 716 1085961558
713 87 1085961579
1302 338 1085961581
713 462 1085961695
713 994 1085961753
823 1032 1085961759
713 1186 1085961845
713 779 1085961873
713 884 1085961984
713 1165 1085962025
1489 1449 1085962034
191 1021 1085962048
1058 1142 1085962167
713 998 1085962244
713 1042 1085962303
713 749 1085962358
1508 52 1085962381
1101 1417 1085962427
1406 319 1085962453
103 1510 1085962702
357 1417 1085962864
823 1032 1085963236
103 58 1085963378
823 1032 1085963424
103 893 1085963425
1393 283 1085963471
792 824 1085963575
1036 557 1085963772
823 1032 1085963799
128 847 1085963917
823 1032 1085963965
52 1508 1085963987
1508 52 1085964127
128 1510 1085964176
823 1032 1085964178
823 1032 1085964432
823 1032 1085964657
1509 224 1085964933
823 1032 1085965079
823 959 1085965167
823 1032 1085965364
823 1032 1085965517
792 1036 1085965547
1332 964 1085965593
1509 1401 1085965661
823 1032 1085965800
823 1032 1085965952
1036 792 1085966183
1113 1509 1085966227
1401 1509 1085966258
569 1510 1085966293
1509 470 1085966312
128 1510 1085966321
1509 1401 1085966428
470 1509 1085966556
1509 470 1085966707
1113 1509 1085966730
9 1510 1085966790
823 1032 1085966863
823 285 1085967058
823 1032 1085967179
1401 1509 1085967244
1401 794 1085967261
823 1032 1085967493
823 1032 1085967753
69 1508 1085967800
823 1032 1085967885
823 1032 1085968070
1509 1401 1085968166
128 1262 1085968217
366 346 1085968243
823 1032 1085968285
366 12 1085968287
366 1349 1085968368
606 1510 1085968563
606 1503 1085968654
1510 606 1085968683
823 1032 1085968727
606 1510 1085968760
1510 606 1085968972
1349 366 1085969028
342 1497 1085969126
606 1510 1085969162
569 606 1085969201
346 366 1085969383
326 688 1085969404
792 1036 1085969465
1510 606 1085969574
536 884 1085970163
1508 52 1085970242
823 1032 1085970360
823 1032 1085970494
1281 1414 1085970668
823 1032 1085970739
1185 1403 1085970774
966 52 1085970997
823 1032 1085971244
823 1032 1085971266
823 1032 1085971402
823 1032 1085971471
1507 212 1085971619
1509 1511 1085971703
701 326 1085971855
823 1032 1085971878
823 1032 1085971972
42 1512 1085971990
701 654 1085972043
823 1032 1085972078
1158 437 1085972207
823 1032 1085972290
536 884 1085972324
823 1032 1085972425
42 1062 1085972541
1185 1329 1085972655
569 1510 1085972690
823 1032 1085972778
823 1032 1085972991
823 1032 1085973132
326 701 1085973233
823 1032 1085973474
1031 575 1085973509
557 1036 1085973709
9 366 1085973730
823 1032 1085973762
964 1332 1085973971
823 1032 1085973980
9 1510 1085974048
823 1032 1085974142
569 1510 1085974392
810 233 1085974534
569 1510 1085974737
536 884 1085975316
569 1510 1085975519
595 1037 1085975607
595 567 1085975631
52 966 1085975857
1509 1356 1085976112
204 1356 1085976890
204 1227 1085976908
1509 890 1085977110
1509 890 1085977118
1509 957 1085977186
454 1043 1085977253
389 830 1085978120
389 950 1085978201
950 389 1085978334
1036 557 1085978457
1036 792 1085978517
1509 309 1085978753
704 1217 1085978803
687 1051 1085979737
536 884 1085980447
325 326 1085980484
713 1441 1085980584
326 325 1085980824
713 884 1085980832
713 781 1085980932
713 462 1085981082
128 1124 1085981206
1260 557 1085981290
1280 1403 1085981475
713 1441 1085981636
966 52 1085982151
966 852 1085982334
933 783 1085982502
323 966 1085982712
831 934 1085982904
1248 367 1085982979
1375 199 1085982983
85 322 1085983179
42 1062 1085983257
606 1510 1085983332
1375 1472 1085983334
1182 1113 1085983402
615 422 1085983432
569 606 1085983487
569 615 1085983593
1346 1329 1085983640
19 1505 1085983686
1509 1179 1085983720
1472 1375 1085983751
1393 1180 1085983948
1280 1403 1085983983
1510 606 1085983998
606 1510 1085984063
852 966 1085984612
569 606 1085984665
1510 606 1085984714
912 899 1085984743
1260 725 1085984920
1158 924 1085985237
912 1513 1085985298
1406 1224 1085985475
1280 725 1085985528
128 606 1085985649
1280 725 1085985736
128 1510 1085985746
1260 725 1085985753
697 1349 1085985878
1280 725 1085985979
128 1513 1085985999
1406 928 1085986011
1260 725 1085986047
1400 714 1085986110
783 933 1085986144
1037 595 1085986151
128 1513 1085986186
758 1449 1085986205
1260 725 1085986240
1280 725 1085986270
1280 1037 1085986372
1280 725 1085986392
128 1513 1085986416
782 701 1085986430
1260 725 1085986487
1487 132 1085986566
128 1513 1085986630
547 1169 1085986902
1513 716 1085986913
128 1510 1085987172
1375 1472 1085987355
204 298 1085987676
1285 1021 1085987983
1489 209 1085988040
1489 1449 1085988110
1489 1021 1085988197
314 1185 1085988509
701 326 1085988510
314 1449 1085988533
1406 314 1085988536
314 333 1085988593
1406 314 1085988638
557 1260 1085988854
128 204 1085988861
681 758 1085989498
758 681 1085989621
912 314 1085989704
422 615 1085989776
173 749 1085989907
912 375 1085990101
1406 173 1085990220
405 1507 1085990285
1406 173 1085990732
276 1260 1085991059
42 1507 1085991069
368 1236 1085991085
852 276 1085991238
1375 1472 1085991310
1514 847 1085991351
276 852 1085991360
1185 1403 1085991401
615 422 1085991467
852 276 1085991621
276 852 1085991714
852 276 1085991990
321 1260 1085992056
912 893 1085992213
1280 725 1085992528
163 1485 1085992537
1281 725 1085993333
1281 1499 1085993398
841 90 1085993912
42 852 1085994015
422 615 1085994233
90 841 1085994267
42 852 1085994437
852 1356 1085995148
42 852 1085995151
42 1215 1085995414
317 319 1085995470
1332 964 1085996038
1375 1472 1085996279
1375 1472 1085996570
1402 1252 1085996841
893 912 1085996866
1375 199 1085997243
50 1487 1085997540
52 966 1085997805
878 1417 1085998357
1100 1215 1085998585
792 1036 1085998836
792 824 1085998853
1215 1100 1085999181
1100 1215 1085999316
1075 708 1085999319
1249 1218 1085999331
1287 1244 1085999476
1215 1100 1085999490
1100 1215 1085999542
377 1507 1085999717
1215 1100 1086000070
963 841 1086004409
346 1419 1086004940
963 841 1086005153
1381 783 1086005662
1425 1132 1086006878
964 1332 1086011393
