1575 142 1089045529
249 502 1089046200
249 1344 1089046884
1509 1680 1089047732
249 809 1089047838
809 1713 1089047915
809 249 1089047933
249 809 1089047976
809 249 1089048044
249 809 1089048120
809 249 1089048216
249 809 1089048244
249 1244 1089049147
1244 249 1089049178
249 561 1089049872
561 249 1089050412
163 986 1089050516
249 561 1089050520
249 394 1089050564
9 1338 1089050930
249 1231 1089051407
708 281 1089052799
474 249 1089052815
482 1647 1089052861
249 474 1089053108
249 708 1089053213
474 249 1089053636
249 474 1089054058
415 997 1089054133
95 1387 1089054737
214 697 1089055077
1540 1379 1089055313
1344 249 1089055316
249 474 1089055330
249 1302 1089055862
67 1338 1089056063
249 1739 1089056450
409 1713 1089056668
1713 409 1089056748
220 430 1089057431
474 249 1089057594
474 1158 1089057652
1181 620 1089058236
160 429 1089058755
160 1181 1089058779
1021 1069 1089059256
1732 259 1089059501
1346 719 1089060059
249 61 1089060271
1540 48 1089060400
1540 47 1089060452
342 523 1089062091
1472 1346 1089062379
249 97 1089062698
27 430 1089063123
394 249 1089063410
249 394 1089064018
1713 809 1089064914
308 1346 1089065468
27 620 1089069083
1158 474 1089070713
312 194 1089072547
1713 525 1089072868
525 1713 1089072912
1343 9 1089072970
1713 525 1089072992
525 1713 1089073188
525 1713 1089073208
1713 525 1089073208
525 1713 1089073232
1713 525 1089073253
1713 525 1089073267
1190 394 1089073960
1190 393 1089074065
1190 1111 1089074218
697 214 1089074340
67 697 1089074407
48 1540 1089074928
1240 809 1089075728
474 1158 1089076406
389 249 1089076662
1739 249 1089076665
249 1739 1089076827
1548 1713 1089077682
1740 504 1089077703
249 1136 1089077750
1647 1713 1089078604
1647 482 1089078637
1181 249 1089080742
1387 95 1089081021
1387 1713 1089081047
1713 1548 1089081581
1713 1647 1089081641
1346 1472 1089082054
1713 1346 1089082225
1408 1624 1089082228
1026 1713 1089083243
1026 1716 1089083261
1346 1713 1089083431
1713 1346 1089083555
1713 1026 1089083607
214 697 1089084581
1295 431 1089085925
1713 599 1089086139
768 1280 1089086304
249 678 1089086809
1713 1733 1089086878
482 1647 1089088298
52 1698 1089088582
249 865 1089088944
249 52 1089089208
474 32 1089090201
474 1713 1089090218
249 44 1089090933
249 1142 1089090965
1142 249 1089091045
249 1142 1089091119
1231 1738 1089091342
1231 984 1089091389
1231 249 1089091425
1255 1342 1089091443
1142 540 1089091590
1142 249 1089091643
1285 1190 1089091754
249 1142 1089091770
249 1280 1089091902
1285 1644 1089091975
1285 1387 1089092098
1280 768 1089092152
1280 249 1089092164
1644 1285 1089092347
1285 27 1089092410
1644 620 1089092555
557 708 1089092608
1142 249 1089092682
1285 1644 1089092685
249 1142 1089092710
1644 1285 1089093255
557 843 1089093394
1738 1231 1089093437
1727 143 1089093580
843 557 1089093748
557 1280 1089093887
843 1237 1089093960
1644 1285 1089094031
557 843 1089094102
1285 1644 1089094133
1285 1644 1089094186
494 389 1089094632
1285 437 1089094722
708 557 1089094830
1285 708 1089094832
1282 1647 1089094920
708 1285 1089094927
1285 708 1089094987
557 1644 1089095214
557 708 1089095388
494 389 1089095762
32 474 1089096381
9 1343 1089096556
984 1231 1089097485
1472 1346 1089097639
843 557 1089097766
249 42 1089098146
377 95 1089098231
1026 1713 1089098292
193 233 1089098805
193 1434 1089098914
193 393 1089098937
557 843 1089099277
249 518 1089100604
1713 1652 1089101070
1158 474 1089101178
598 652 1089102138
843 557 1089102578
1673 249 1089102629
1346 1472 1089102915
1713 1280 1089104275
95 1387 1089104277
1713 1585 1089104296
1280 1713 1089104443
1585 1713 1089104449
1713 1585 1089104593
1585 1568 1089104607
1585 1713 1089104747
1713 1585 1089104850
1713 462 1089104975
1585 1713 1089105040
1713 1585 1089105113
1713 1665 1089105499
95 447 1089105902
726 97 1089106967
189 483 1089107190
1717 1739 1089109634
540 1142 1089110697
95 626 1089111681
163 1026 1089111862
95 561 1089111980
95 1161 1089112200
95 960 1089112293
95 1673 1089112365
719 1346 1089112566
95 719 1089113357
