708 281 1087226212
1440 687 1087226367
544 797 1087229457
193 1343 1087229787
966 52 1087229868
281 1281 1087229952
509 1255 1087230859
509 1603 1087230993
249 447 1087231866
249 1426 1087231939
1675 201 1087232936
447 1667 1087233556
447 249 1087233874
1548 1598 1087233877
1 281 1087233960
1 36 1087233977
1 36 1087234051
1 36 1087234077
797 544 1087234168
1 36 1087234465
1 36 1087234587
1667 447 1087234738
1426 249 1087234938
1426 1699 1087235132
239 1328 1087235204
1623 711 1087235284
1426 1066 1087235451
1629 1619 1087236061
1 36 1087236751
1356 1509 1087238306
710 1270 1087238371
1281 281 1087238391
1356 135 1087238413
950 42 1087238635
431 617 1087238898
281 1281 1087238951
281 708 1087239357
494 389 1087239708
708 281 1087240032
249 447 1087240057
249 1629 1087240110
199 544 1087240148
1629 249 1087240350
249 1629 1087240461
1629 249 1087240520
1493 1113 1087240592
249 1629 1087240710
1629 249 1087240801
447 249 1087240802
249 1629 1087240871
249 447 1087240887
447 249 1087241097
1629 249 1087241113
679 1487 1087241227
1387 12 1087241387
1387 1313 1087241419
711 1623 1087241805
503 605 1087242006
1270 710 1087242485
1365 1285 1087242491
277 687 1087242544
27 1285 1087242554
768 1280 1087242734
1365 810 1087242881
12 1387 1087243051
27 620 1087243175
1488 518 1087243207
1644 474 1087244167
1431 1676 1087244336
1113 990 1087244796
1647 878 1087244875
990 1113 1087244913
1647 193 1087245020
1647 621 1087245036
1647 1608 1087245054
1647 9 1087245122
1113 990 1087245195
1694 1335 1087245198
1694 1359 1087245223
1647 1516 1087245230
1694 1255 1087245236
1647 32 1087245263
389 494 1087245281
193 1647 1087245368
249 447 1087245549
1647 193 1087245585
1647 1113 1087245619
1657 1647 1087245816
990 1113 1087245842
1657 1346 1087245868
1540 193 1087245869
544 797 1087245872
1647 1440 1087245920
593 1619 1087245930
249 1647 1087245930
1647 1657 1087245954
1540 810 1087245971
1647 249 1087246009
193 1647 1087246020
1540 810 1087246039
1647 193 1087246067
193 1540 1087246170
593 1283 1087246216
1540 193 1087246348
1313 1387 1087246693
249 1647 1087246740
1440 1647 1087246820
1565 1657 1087246992
1113 1647 1087247907
1647 249 1087248242
1647 1113 1087248333
1647 193 1087248945
1113 1647 1087248993
1540 1373 1087248999
249 1647 1087249552
447 249 1087249605
1657 1565 1087249741
281 708 1087249933
193 1647 1087250322
1255 234 1087250502
1255 400 1087250521
1255 509 1087250542
1285 27 1087250889
1285 1365 1087250974
249 447 1087251741
249 447 1087251804
1647 1113 1087252015
1647 249 1087252029
1647 193 1087252045
447 249 1087252079
367 1540 1087252196
1313 1403 1087252227
617 431 1087252409
1434 1669 1087252667
1434 174 1087252683
1434 174 1087252716
249 1647 1087253570
249 447 1087253601
713 1326 1087253748
713 462 1087253760
447 249 1087253963
52 1285 1087254001
52 966 1087254017
454 1668 1087254113
249 447 1087254170
1328 239 1087254283
504 1339 1087254423
621 1647 1087254431
447 249 1087254459
1598 400 1087254664
1598 52 1087254697
249 447 1087254762
1598 357 1087254846
708 281 1087255283
447 249 1087255305
1619 1629 1087255333
1619 249 1087255381
249 447 1087255389
249 1619 1087255405
1619 249 1087255440
1619 249 1087255490
800 1413 1087255523
249 1619 1087255538
249 1619 1087255556
447 249 1087255571
249 447 1087255677
710 1270 1087255740
447 249 1087255983
281 708 1087255991
249 447 1087256115
447 249 1087256341
249 447 1087256472
686 1676 1087256522
447 249 1087256736
1619 802 1087256860
1619 802 1087256867
249 447 1087256898
249 1359 1087256957
447 249 1087257159
249 1118 1087257211
249 447 1087257298
27 1285 1087257585
393 1686 1087257862
1468 1235 1087258007
1468 1554 1087258043
1113 1468 1087258223
1113 815 1087258286
1468 1113 1087258708
36 3 1087259051
36 1 1087259109
768 1444 1087259904
1113 1468 1087260098
1280 768 1087260306
708 281 1087260320
174 1434 1087260798
32 1647 1087260868
1403 1313 1087261934
281 708 1087262148
615 598 1087262178
357 1598 1087262263
1285 52 1087262315
1285 52 1087262474
281 252 1087262495
1285 27 1087262863
9 1647 1087263255
463 469 1087264768
463 482 1087264825
463 361 1087264884
606 128 1087265100
482 463 1087265115
357 1624 1087265138
1540 1168 1087265146
357 809 1087265282
809 357 1087265382
357 809 1087265446
357 1616 1087265484
809 357 1087265518
1623 711 1087265527
357 809 1087265665
357 1248 1087265727
1616 812 1087265871
357 53 1087265897
357 1244 1087265949
1616 1173 1087265993
357 1217 1087265995
1616 1601 1087266186
1686 393 1087266287
1168 1540 1087266459
1281 281 1087266601
1173 1616 1087266860
1624 357 1087267157
105 1648 1087267370
281 1281 1087267391
357 1624 1087267425
1039 1227 1087268226
1039 1598 1087268347
1118 249 1087268504
128 606 1087268662
1616 1173 1087269000
1616 768 1087270151
1173 1616 1087270258
1601 1616 1087270347
1601 1616 1087270387
1608 1647 1087270481
1700 1362 1087270626
1700 768 1087270693
768 1616 1087270733
768 1700 1087270751
1700 768 1087270772
768 1700 1087270812
1700 768 1087270898
53 357 1087271268
307 317 1087271521
361 389 1087273037
361 463 1087273110
973 1697 1087274072
357 1701 1087278529
209 1701 1087280078
1185 607 1087281637
300 1702 1087286160
341 1056 1087286283
341 1056 1087286290
341 1056 1087286295
546 1348 1087286369
1183 1703 1087299552
