3 185 1082832584
3 32 1082833362
199 58 1082833487
63 185 1082833784
63 199 1082833945
63 184 1082833992
199 101 1082834275
194 199 1082835672
194 206 1082835766
194 207 1082835825
204 123 1082836027
121 191 1082836177
175 191 1082836204
204 129 1082836225
63 199 1082836274
101 184 1082836277
101 208 1082836380
63 46 1082836457
63 199 1082837518
101 88 1082838056
191 121 1082838759
191 175 1082838772
103 177 1082838861
199 20 1082838963
184 101 1082839022
103 132 1082839070
199 209 1082839321
101 184 1082839444
36 105 1082839806
103 210 1082839859
36 209 1082839951
184 101 1082840457
209 199 1082840582
199 209 1082840800
199 210 1082840963
101 184 1082841297
184 101 1082842693
176 101 1082844137
68 101 1082844540
32 198 1082845340
211 101 1082846758
212 209 1082846766
211 213 1082847002
211 93 1082847025
211 85 1082847072
189 199 1082847398
214 215 1082848269
103 109 1082848309
103 215 1082848352
103 82 1082848373
44 214 1082848393
103 215 1082848569
63 199 1082848571
63 199 1082848608
103 215 1082848718
103 215 1082848743
103 168 1082848828
214 109 1082848843
215 67 1082848903
103 215 1082848932
214 215 1082848939
41 215 1082848944
41 216 1082848965
103 127 1082849042
215 62 1082849207
214 109 1082849305
176 217 1082849417
176 216 1082849439
176 218 1082849598
103 109 1082849766
219 124 1082850049
19 109 1082850176
63 127 1082850584
88 101 1082850713
103 168 1082850895
103 56 1082851082
63 127 1082851193
103 56 1082851231
214 56 1082851233
214 56 1082851282
63 127 1082851434
51 215 1082851605
19 175 1082851882
19 109 1082851910
44 214 1082851949
215 51 1082852027
44 214 1082852211
19 215 1082852340
19 215 1082852382
103 175 1082852800
44 214 1082852820
19 215 1082853180
103 175 1082853216
214 175 1082853229
51 215 1082853328
19 215 1082853352
214 215 1082853407
215 51 1082853455
19 215 1082853560
96 95 1082853756
96 32 1082853843
19 215 1082853844
96 164 1082853870
103 215 1082853897
103 215 1082854064
19 215 1082854150
144 185 1082854319
103 168 1082854425
220 214 1082854426
220 32 1082854527
19 215 1082854539
144 32 1082854637
103 175 1082854853
103 175 1082854944
175 214 1082854961
103 175 1082855027
103 175 1082855142
103 175 1082855336
176 221 1082855702
103 98 1082856217
3 32 1082856808
222 120 1082856866
41 222 1082856892
41 222 1082857416
41 223 1082857909
214 175 1082858085
41 97 1082858249
41 134 1082858396
51 215 1082858465
36 222 1082858527
36 221 1082858589
212 66 1082858779
96 224 1082859059
175 214 1082859471
214 175 1082859521
225 223 1082859852
36 221 1082859885
36 214 1082859925
176 223 1082859948
176 226 1082859961
221 161 1082859979
36 221 1082859994
44 226 1082860239
221 161 1082860379
36 221 1082860500
221 161 1082860754
56 214 1082860934
221 161 1082860940
221 161 1082861121
221 161 1082861421
161 221 1082861739
36 221 1082861880
36 214 1082861948
221 161 1082862258
204 221 1082862650
227 26 1082862781
211 228 1082863494
214 101 1082864167
229 230 1082864976
220 214 1082865111
96 231 1082865360
96 232 1082865421
103 221 1082865495
103 20 1082865816
103 86 1082865878
220 214 1082866000
220 214 1082866248
103 66 1082866401
212 66 1082866818
124 109 1082866991
103 185 1082867307
212 6 1082867532
103 185 1082867662
103 8 1082867874
63 202 1082867948
63 185 1082867986
103 93 1082868321
63 185 1082868333
9 233 1082870312
103 233 1082870381
9 97 1082870627
9 190 1082870736
166 234 1082872216
69 34 1082872324
69 34 1082872358
235 191 1082872392
69 185 1082872623
41 166 1082873861
41 32 1082873924
3 32 1082874683
3 132 1082874803
1 30 1082875165
41 32 1082875654
41 173 1082875666
103 166 1082876439
63 127 1082877117
63 199 1082877436
103 166 1082877744
63 92 1082878073
97 228 1082878605
97 228 1082878605
103 58 1082880535
191 136 1082881208
32 58 1082881660
131 30 1082882503
191 236 1082882528
32 237 1082882709
9 235 1082882811
101 34 1082882856
237 32 1082882877
97 191 1082882893
48 81 1082882962
48 81 1082882967
175 214 1082883270
176 233 1082883506
9 101 1082883520
48 52 1082883809
48 52 1082883813
48 175 1082883835
52 48 1082883884
48 52 1082883971
9 177 1082884190
97 191 1082884232
9 175 1082884244
52 48 1082884244
175 48 1082884333
96 48 1082884479
41 32 1082884511
9 175 1082884570
41 174 1082884650
9 175 1082884947
48 175 1082885487
12 175 1082885499
48 52 1082885579
175 48 1082885637
48 175 1082885661
12 175 1082885665
12 168 1082885702
12 175 1082885727
52 48 1082885760
175 48 1082885764
48 52 1082885813
12 81 1082885824
12 175 1082885851
48 175 1082885872
175 48 1082885995
12 175 1082886030
48 175 1082886052
12 175 1082886054
52 48 1082886083
48 52 1082886157
12 175 1082886172
175 48 1082886236
52 48 1082886253
12 175 1082886316
48 52 1082886336
12 175 1082886351
48 175 1082886368
12 175 1082886421
175 48 1082886450
52 48 1082886469
12 175 1082886544
12 175 1082886587
12 175 1082886610
220 214 1082886643
12 175 1082886675
88 220 1082886688
48 175 1082886740
48 52 1082886758
12 175 1082886835
175 48 1082886857
52 48 1082886858
9 175 1082886907
48 175 1082886952
12 175 1082886971
12 175 1082887049
175 48 1082887056
12 175 1082887127
9 175 1082887137
48 175 1082887211
12 175 1082887212
48 52 1082887232
9 175 1082887269
175 48 1082887307
9 209 1082887307
12 175 1082887319
48 175 1082887418
103 66 1082887443
103 52 1082887532
12 175 1082887549
103 66 1082887567
175 48 1082887579
52 48 1082887603
103 66 1082887671
12 175 1082887678
12 175 1082887699
48 52 1082887827
48 175 1082887873
175 48 1082887958
48 175 1082888015
48 175 1082888041
9 175 1082888043
9 209 1082888052
175 48 1082888140
175 48 1082888220
220 48 1082888339
9 175 1082888339
48 175 1082888392
144 185 1082888413
175 48 1082888524
220 48 1082888536
48 175 1082888645
144 222 1082888725
220 48 1082888735
175 48 1082888740
220 48 1082888751
220 48 1082888917
48 175 1082888920
220 48 1082888953
175 48 1082889054
48 175 1082889075
220 48 1082889113
175 48 1082889140
144 195 1082889149
48 175 1082889180
191 237 1082889202
220 48 1082889235
175 48 1082889359
220 48 1082889416
48 175 1082889474
220 95 1082889542
95 168 1082889561
220 48 1082889610
176 198 1082889621
220 95 1082889643
191 175 1082889644
220 95 1082889677
176 201 1082889744
175 48 1082889746
175 191 1082889784
191 175 1082889800
48 175 1082889822
175 191 1082889856
175 48 1082889864
191 175 1082889893
144 88 1082889910
175 191 1082889911
220 48 1082889912
191 175 1082889944
175 191 1082890000
144 238 1082890036
191 175 1082890042
175 191 1082890098
220 95 1082890105
239 175 1082890119
144 240 1082890169
239 175 1082890229
239 236 1082890272
220 95 1082890344
220 48 1082890453
220 95 1082890494
12 90 1082890594
220 95 1082890705
144 23 1082890722
220 95 1082890779
3 132 1082890791
220 95 1082891353
220 95 1082891427
220 95 1082891687
103 52 1082891732
144 32 1082891807
220 48 1082891832
144 48 1082891974
36 222 1082892015
220 95 1082892045
88 144 1082892059
220 95 1082892126
220 95 1082892318
220 95 1082892518
144 48 1082892909
220 48 1082893190
144 48 1082893197
220 95 1082893204
220 95 1082893221
220 48 1082893246
9 144 1082893416
144 241 1082894381
103 144 1082894822
9 216 1082896466
194 242 1082898211
194 199 1082898283
194 209 1082898359
194 182 1082898422
