431 1346 1088523813
950 353 1088526397
1624 1408 1088528870
525 1543 1088529420
652 27 1088531817
652 1317 1088533719
620 27 1088534177
620 1487 1088534668
242 783 1088534934
620 1568 1088535784
525 652 1088536310
652 525 1088536360
644 312 1088537200
8 32 1088537254
474 249 1088537335
282 1079 1088537430
1647 1688 1088537634
1647 544 1088537667
1339 474 1088537674
474 1339 1088537725
1190 394 1088537778
1339 474 1088537832
1415 1142 1088539030
799 302 1088539051
644 626 1088539453
644 626 1088539458
644 1535 1088539891
644 1253 1088540061
644 1568 1088540095
1190 644 1088540543
652 1629 1088541160
644 1190 1088541184
27 620 1088541588
27 652 1088541828
652 27 1088541906
27 652 1088542179
652 27 1088543135
27 652 1088543980
652 27 1088544034
27 652 1088544062
652 27 1088544346
27 652 1088544520
652 27 1088544642
245 615 1088545014
27 652 1088545054
233 193 1088546813
1339 1491 1088547211
95 447 1088547490
1346 431 1088547646
1238 249 1088547750
95 1238 1088547755
1238 95 1088548085
312 644 1088548123
95 1387 1088548199
1362 342 1088548296
95 1238 1088548333
95 1648 1088548590
1491 1339 1088549146
95 561 1088549427
250 809 1088549562
95 1260 1088549634
8 1238 1088549844
95 713 1088550101
95 1692 1088550384
642 1346 1088551035
1285 1387 1088551854
1285 1387 1088551897
1285 27 1088551983
1339 1491 1088552136
652 27 1088552623
1342 1343 1088552983
249 474 1088554742
249 1238 1088554765
1346 642 1088554977
1042 67 1088556167
443 341 1088556209
1042 32 1088556223
1346 1472 1088556505
394 1190 1088556508
1728 644 1088556679
557 1387 1088557568
557 152 1088557725
95 1255 1088558054
799 1475 1088558111
95 621 1088558214
621 95 1088558289
431 1346 1088558757
1487 620 1088559072
1346 431 1088559090
95 621 1088559218
557 8 1088559220
644 1728 1088559417
557 1346 1088559708
8 557 1088559882
561 95 1088559902
1346 557 1088559932
557 525 1088559981
557 8 1088560216
783 242 1088560276
557 1346 1088560309
1346 557 1088560388
1491 1339 1088560389
557 1346 1088560569
1346 557 1088561259
1346 1314 1088561332
32 8 1088561399
557 1346 1088561588
1346 557 1088561793
32 1042 1088561820
32 8 1088561937
27 1285 1088562822
1406 1362 1088562838
8 32 1088562946
525 557 1088563135
525 557 1088563222
160 429 1088564358
160 1181 1088564422
160 697 1088564557
160 1729 1088564652
1713 1231 1088565139
1231 1713 1088565385
1713 1231 1088565507
1713 1074 1088565589
1657 1730 1088565905
1074 1713 1088565920
1074 516 1088565947
1231 1713 1088566283
1285 27 1088566353
1713 1231 1088566391
1713 1074 1088566488
1713 1585 1088566636
1181 160 1088566905
1181 1713 1088566922
1231 1713 1088566989
856 1176 1088567079
1713 1231 1088567430
809 250 1088567526
1730 1657 1088567807
329 1510 1088568181
1343 1342 1088568805
1688 277 1088569339
142 144 1088569343
144 1500 1088569409
144 142 1088569487
142 144 1088569557
142 1575 1088569810
144 142 1088569846
142 1575 1088569859
142 144 1088569892
615 245 1088569957
1346 308 1088570052
142 144 1088570077
144 142 1088570120
1346 308 1088570269
392 1699 1088570429
142 144 1088570789
142 1121 1088570836
144 142 1088571023
142 144 1088571479
193 233 1088572144
474 249 1088572239
557 525 1088572798
1713 495 1088573037
652 27 1088573194
495 741 1088573360
495 1213 1088573369
495 1713 1088573377
495 1713 1088573420
27 1285 1088573521
1713 495 1088573558
27 652 1088573570
652 615 1088573585
249 474 1088573658
652 27 1088573688
249 1731 1088573702
249 1255 1088573767
27 652 1088573851
249 495 1088573865
969 1401 1088573873
1713 969 1088573899
652 27 1088573906
474 249 1088574148
27 652 1088574169
132 162 1088574228
249 474 1088574312
312 132 1088574357
652 27 1088574500
1079 27 1088574555
1079 27 1088574562
474 249 1088574639
969 1713 1088574905
1713 969 1088575044
1072 1725 1088575280
1713 1072 1088575297
27 1079 1088575324
27 652 1088575384
1079 27 1088575472
652 27 1088575492
27 652 1088575543
27 1079 1088575592
652 27 1088575619
878 1644 1088575680
27 652 1088575781
652 27 1088575824
652 27 1088575911
1079 27 1088576005
27 652 1088576359
1253 644 1088576445
1408 1624 1088576490
27 1079 1088576494
1406 495 1088576533
1079 27 1088576993
652 27 1088577200
249 474 1088577208
1406 1190 1088577224
474 249 1088577403
27 1079 1088577408
525 557 1088577410
249 474 1088577422
1401 969 1088577444
27 652 1088577482
843 1606 1088577578
518 525 1088577658
249 843 1088577675
652 27 1088577695
843 249 1088577904
525 518 1088578565
969 1401 1088578728
557 525 1088578822
557 1346 1088579117
27 652 1088579222
557 1565 1088580198
145 1713 1088580609
1475 799 1088581162
1255 249 1088581168
447 95 1088581481
525 557 1088581904
1713 1493 1088582001
1317 652 1088582362
557 525 1088582485
525 557 1088582748
799 1475 1088582838
557 525 1088583387
1332 537 1088583973
242 823 1088584303
1189 1068 1088584756
1068 1189 1088584827
1510 329 1088585950
132 312 1088585985
1727 1069 1088585999
1727 644 1088587359
1727 638 1088587582
847 809 1088587751
431 1346 1088593036
1 312 1088603993
