547 1246 1094137871
1127 105 1094144189
1127 32 1094144313
561 1310 1094145556
561 431 1094145687
561 1543 1094145930
1042 1624 1094147485
1784 3 1094148335
1624 95 1094149575
1624 1042 1094149618
105 1127 1094149939
32 1127 1094152753
431 561 1094153806
431 1831 1094153888
1831 431 1094154056
431 1831 1094154322
145 810 1094154998
673 32 1094155777
509 1026 1094158981
1784 3 1094160752
1784 3 1094161610
1167 429 1094162543
1167 809 1094162630
810 145 1094163324
1807 41 1094163679
1807 289 1094163814
1807 32 1094163917
1314 1346 1094164536
1624 1626 1094164638
1624 1704 1094165621
1624 12 1094165691
1704 1624 1094165806
1624 1704 1094165878
809 1167 1094168469
1626 1624 1094169058
1026 509 1094169664
1624 1626 1094172857
1783 673 1094174981
1783 1624 1094175021
1624 1783 1094175200
1624 456 1094175245
1246 547 1094178496
32 673 1094182174
32 1807 1094182196
1807 32 1094182559
12 1831 1094184108
617 1543 1094184262
868 12 1094184306
617 1713 1094184367
1050 1049 1094185447
617 431 1094185502
1050 1454 1094185509
1783 1231 1094186211
1485 1756 1094187556
673 32 1094188225
673 1783 1094188263
503 1756 1094189537
1784 3 1094190076
431 617 1094190508
1375 1756 1094190656
1375 1474 1094190670
1375 1474 1094190678
719 1624 1094190911
1756 503 1094191095
12 868 1094192502
1762 1281 1094192776
1217 1344 1094193112
1585 393 1094194223
1285 1000 1094194506
