1756 969 1092754840
1756 713 1092755035
1127 818 1092757982
1127 1796 1092758166
1796 95 1092759805
1796 1127 1092760125
1543 318 1092760238
27 105 1092760273
1543 1675 1092760672
1675 1543 1092761259
1543 483 1092761829
561 727 1092762760
415 997 1092762899
561 342 1092763039
1750 1796 1092763084
1750 561 1092763670
561 1543 1092763772
561 1750 1092764466
342 561 1092764918
431 1724 1092767545
1 312 1092767840
312 1 1092767848
1169 547 1092769493
1434 1344 1092769825
847 1675 1092770712
713 1167 1092770858
1750 561 1092770882
713 1756 1092770924
727 561 1092770967
713 1059 1092771365
105 1756 1092772400
105 1675 1092772448
1167 713 1092780937
1626 312 1092781868
318 1543 1092782173
27 620 1092782714
286 1756 1092783912
995 105 1092785126
105 995 1092786378
1059 713 1092786882
105 1783 1092787750
1792 341 1092789059
1792 221 1092789543
1756 713 1092789888
1783 393 1092789910
1756 286 1092790124
1724 431 1092790478
1724 105 1092790500
561 342 1092790911
1781 140 1092790991
561 727 1092791730
561 1750 1092792176
1713 561 1092792534
561 431 1092792606
1713 561 1092792638
175 95 1092792677
561 1713 1092792816
561 557 1092793097
1713 561 1092793537
557 561 1092794166
818 1127 1092794830
1285 1792 1092795281
105 1724 1092796088
1190 1285 1092796722
1190 1111 1092796780
1792 1285 1092797929
847 1255 1092798127
1255 847 1092798172
431 561 1092799036
1796 221 1092799522
431 1796 1092799661
431 561 1092799839
342 561 1092800448
342 1585 1092800508
1750 561 1092800557
342 843 1092801405
843 342 1092801490
342 843 1092801511
342 843 1092801573
1756 1255 1092802090
1434 847 1092802642
749 1724 1092806139
1724 749 1092806327
1724 105 1092806364
561 1713 1092806696
561 557 1092806823
561 431 1092806886
561 431 1092806983
561 342 1092807047
727 561 1092807433
830 1748 1092807509
561 1750 1092807529
847 1434 1092807541
431 561 1092807572
620 27 1092807898
1750 561 1092807989
27 620 1092808177
557 302 1092808247
557 561 1092808754
1255 1756 1092809856
1756 1255 1092810975
1756 483 1092811776
1542 818 1092814436
1 3 1092815710
1543 1796 1092815722
847 152 1092820090
821 483 1092820589
1675 847 1092821038
847 843 1092823082
843 847 1092823199
1 652 1092825154
483 821 1092831743
483 1756 1092831760
1 3 1092832027
32 1675 1092840141
