561 557 1095174636
398 1624 1095174888
27 652 1095177435
27 620 1095177504
1781 1756 1095179436
398 1781 1095179736
1781 398 1095181110
652 27 1095181204
1756 1781 1095181269
652 1565 1095181331
398 1781 1095183621
1543 975 1095185186
1312 1434 1095185413
1312 1 1095185501
652 1372 1095186070
652 1208 1095186639
1639 1737 1095186806
1474 1375 1095186950
1839 681 1095188173
557 561 1095189524
1624 398 1095191515
810 1624 1095192526
536 1783 1095195516
536 1657 1095195524
140 557 1095196468
809 1167 1095197330
303 1535 1095200206
27 42 1095201159
1167 809 1095201457
697 95 1095201884
95 1839 1095202013
95 697 1095202027
95 561 1095202518
561 557 1095202557
561 95 1095203310
1629 1756 1095204376
1291 1836 1095205460
27 652 1095205642
1291 1836 1095205830
1783 244 1095206687
1756 1629 1095207164
1781 1756 1095208748
1781 398 1095208784
1282 1543 1095209279
503 1756 1095209365
469 1781 1095209517
469 503 1095209570
469 1181 1095210011
469 175 1095210210
1783 1649 1095210862
1565 492 1095211296
1756 1781 1095211860
1756 503 1095212075
1624 810 1095213176
1624 1075 1095213252
398 1624 1095214912
398 1781 1095215002
1118 1737 1095216540
1052 1789 1095218213
1517 697 1095218918
710 1783 1095219915
681 1839 1095221378
697 95 1095221647
697 1517 1095221681
95 1840 1095221734
95 697 1095221764
32 1789 1095223329
697 95 1095223703
429 1700 1095223776
503 1756 1095226440
503 469 1095226519
447 398 1095226826
1836 1291 1095229584
398 447 1095229957
398 1836 1095230021
1158 1072 1095230705
1836 398 1095233917
1434 1312 1095234107
809 1167 1095234636
1756 1624 1095258963
