1500 144 1088352323
1346 1314 1088353764
429 1190 1088355520
429 191 1088355557
809 847 1088357806
95 561 1088357940
95 626 1088357997
95 1118 1088358076
361 1255 1088358124
95 447 1088358454
95 1578 1088358581
1314 1346 1088358895
1543 1715 1088359085
1543 1715 1088359144
1543 1719 1088359359
561 95 1088359435
1543 525 1088359893
1543 502 1088360035
1543 969 1088360169
1408 1720 1088360537
1543 852 1088361249
1190 393 1088361333
1431 431 1088361365
1190 1111 1088361519
1543 1280 1088361815
1543 809 1088362055
1543 1312 1088362264
1543 1565 1088362691
727 710 1088363306
1190 393 1088364771
1313 1285 1088364952
538 361 1088369158
191 429 1088369329
1644 214 1088369470
1644 124 1088369544
312 1 1088369937
847 809 1088369957
393 1190 1088370023
214 1644 1088370224
969 1543 1088370932
620 1644 1088371228
32 1042 1088371869
431 1431 1088372315
1362 799 1088372486
431 1295 1088372593
799 1362 1088372873
1295 431 1088373133
1713 525 1088374413
1713 525 1088374450
1713 561 1088374780
1713 1565 1088374814
1713 1463 1088374926
1463 1713 1088375005
1713 1463 1088375032
1463 1713 1088375153
1713 1463 1088375186
1463 1713 1088375253
1713 1463 1088375291
1463 308 1088375301
342 1362 1088375559
809 1543 1088377244
1118 95 1088377354
1713 809 1088377484
1713 282 1088377544
809 1713 1088377578
1713 809 1088377607
193 393 1088377667
1713 70 1088377848
70 1713 1088377888
282 1713 1088377939
1713 282 1088378028
1 312 1088378534
3 105 1088378565
3 509 1088378565
3 790 1088378565
3 32 1088378565
3 1154 1088378565
3 1373 1088378565
3 800 1088378565
3 504 1088378565
3 234 1088378565
3 1288 1088378565
3 155 1088378565
3 824 1088378565
3 1183 1088378565
3 1208 1088378565
3 611 1088378565
3 778 1088378565
3 641 1088378565
1644 620 1088379331
1644 214 1088379390
1713 277 1088380369
1713 282 1088380459
1713 85 1088380800
1713 1652 1088380829
124 1644 1088381746
447 95 1088382823
634 852 1088382834
1346 1314 1088383143
1713 1346 1088383188
67 1042 1088383265
1346 1713 1088383402
1346 1713 1088383426
1111 1190 1088384033
8 346 1088385224
1393 1225 1088387130
783 242 1088387735
1285 1313 1088388918
525 1713 1088390003
277 1713 1088390278
277 1688 1088390372
639 1713 1088390481
768 1280 1088391112
1565 1543 1088391209
1565 124 1088391235
1565 1713 1088391253
1231 1713 1088391920
1231 1667 1088392717
474 400 1088393611
474 1339 1088393892
474 249 1088394009
242 783 1088394015
783 242 1088394854
1721 61 1088396114
1688 1647 1088396665
346 8 1088397155
214 1644 1088397221
1688 277 1088397257
1522 1618 1088397338
1522 537 1088397357
1255 124 1088397684
214 525 1088398007
525 1543 1088398118
525 214 1088398157
214 525 1088398237
525 214 1088398343
214 525 1088398484
1713 525 1088398824
1713 1346 1088398952
525 214 1088398975
525 1713 1088399027
214 525 1088399209
1713 525 1088399220
525 1713 1088399395
1346 1713 1088399547
1713 1346 1088399562
1346 1713 1088399615
525 214 1088399891
1346 1314 1088399901
1713 1346 1088399981
1713 1346 1088399991
537 1522 1088400949
1644 214 1088401442
1644 124 1088401485
1346 1713 1088401486
561 1713 1088401680
711 642 1088402168
1713 1231 1088402558
1713 561 1088402766
1713 378 1088402852
1713 1346 1088402934
1713 1231 1088402960
1238 249 1088403191
1554 1468 1088403487
1713 1585 1088403927
1585 1713 1088404015
1627 1136 1088404025
1713 1585 1088404062
950 353 1088404099
1713 1554 1088404121
1554 1713 1088404151
1713 1554 1088404190
1554 1713 1088404222
1713 1554 1088404249
1713 652 1088404702
1644 1329 1088405144
1720 1408 1088405690
1346 1713 1088405931
249 474 1088406090
727 822 1088406105
1238 95 1088406105
249 1238 1088406144
642 711 1088406200
1713 1346 1088406200
1346 1713 1088406427
1346 296 1088406505
1713 1346 1088406511
1346 1713 1088406599
1713 1346 1088406695
296 1346 1088406716
1346 1713 1088406765
353 950 1088406841
353 1722 1088406870
1346 296 1088406894
1346 1713 1088406915
1713 1346 1088407018
1346 1688 1088407028
1346 1713 1088407055
1713 1346 1088407100
1158 1072 1088407135
1346 642 1088407209
431 1295 1088407521
431 1346 1088407630
1688 1346 1088407665
1346 431 1088407742
1346 1688 1088407762
1688 1346 1088407843
8 346 1088407930
652 1713 1088408201
1346 1688 1088408266
378 1713 1088408561
1280 1543 1088408568
1688 1346 1088408729
1072 1158 1088408732
1713 1072 1088408818
950 353 1088408822
1072 1713 1088408892
1713 1072 1088408963
1072 1713 1088409005
1713 1072 1088409106
1072 1713 1088409155
1713 1072 1088409188
1280 768 1088409507
249 843 1088409692
249 63 1088409751
249 1136 1088409792
249 1244 1088409855
249 1565 1088409945
652 598 1088410276
482 454 1088410291
263 308 1088411905
809 847 1088412537
1215 1713 1088412706
711 642 1088413730
711 547 1088413767
547 711 1088414074
711 547 1088414435
547 711 1088414561
711 547 1088414853
547 711 1088414928
711 547 1088414948
1675 32 1088422274
214 1644 1088426969
