596 57 1085327757
596 704 1085327848
1302 338 1085328378
950 815 1085328505
353 372 1085328813
1302 198 1085328894
1268 1313 1085328907
1302 704 1085328977
353 1284 1085329207
964 160 1085329386
375 912 1085331631
357 1253 1085332270
1189 375 1085333260
1271 477 1085333728
725 638 1085333801
725 835 1085333915
1246 963 1085333965
350 343 1085334060
1185 375 1085334116
209 242 1085334166
1310 1246 1085334434
1246 1310 1085334594
596 193 1085334871
454 1043 1085334898
198 1302 1085334948
1246 1310 1085335188
1246 1310 1085335692
1190 738 1085335781
1190 738 1085335795
997 142 1085336474
1315 392 1085337329
72 392 1085337755
834 1280 1085338225
1310 802 1085338588
357 525 1085338702
1310 561 1085338754
357 638 1085338944
358 32 1085338945
358 254 1085339051
358 281 1085339127
357 358 1085339129
193 596 1085339510
193 378 1085339538
224 175 1085339575
9 1261 1085339941
9 1279 1085340039
281 358 1085340130
281 1280 1085340162
1127 454 1085340270
143 1037 1085340497
357 525 1085340693
357 525 1085340794
357 525 1085340911
1284 353 1085340915
525 357 1085340956
357 1284 1085341055
357 974 1085341214
1280 834 1085341817
1280 281 1085342053
277 644 1085342111
638 357 1085342374
277 644 1085342702
725 638 1085342833
942 919 1085343112
942 63 1085343157
1246 834 1085343183
1173 654 1085343291
942 63 1085343319
1142 990 1085343326
1173 60 1085343456
654 1173 1085343504
942 1314 1085343602
1287 1253 1085343730
277 644 1085343796
1317 781 1085344013
942 63 1085344451
281 1280 1085344719
454 1127 1085345019
1298 394 1085345368
1113 638 1085345369
638 725 1085345411
277 644 1085345486
105 1181 1085345938
1113 638 1085346105
394 1298 1085346494
834 1280 1085346866
856 1176 1085347213
394 738 1085347288
1126 1302 1085347560
220 1310 1085347564
341 1280 1085347818
1043 454 1085348225
1246 963 1085348229
53 1314 1085348281
509 758 1085348285
1246 834 1085348291
1302 198 1085348357
306 616 1085348538
1280 341 1085348698
249 1324 1085348753
1187 353 1085348788
1187 1183 1085348800
1187 1131 1085348808
1187 1284 1085348819
1280 834 1085348831
114 770 1085348852
375 1189 1085348956
375 1185 1085349027
1280 281 1085349154
254 358 1085349216
990 1142 1085349289
1237 199 1085349393
372 473 1085349397
1237 1227 1085349402
1237 91 1085349462
834 1280 1085349495
372 353 1085349624
1281 1310 1085349763
454 1043 1085349837
1280 834 1085349866
281 1280 1085350572
704 1324 1085350616
1280 281 1085350743
1284 1187 1085350744
357 638 1085350763
1284 793 1085350873
793 1284 1085350912
834 1280 1085350918
1317 72 1085350941
793 1284 1085350952
69 357 1085350966
1280 834 1085350995
1284 793 1085351025
834 1280 1085351133
1280 834 1085351318
834 1280 1085351399
1284 585 1085351431
281 1271 1085351478
1280 834 1085351545
834 1280 1085351656
793 1284 1085351657
1284 793 1085351748
793 1284 1085351798
1280 834 1085351821
1252 1231 1085351939
834 1280 1085351986
1284 793 1085352132
793 1284 1085352214
1325 1326 1085352352
760 212 1085352500
357 638 1085352746
638 1317 1085352883
802 1310 1085353006
249 886 1085353090
1327 282 1085353178
1246 415 1085353194
249 1302 1085353344
394 393 1085353449
1317 638 1085353669
1317 1244 1085353774
249 713 1085353822
394 393 1085353870
67 1296 1085353882
199 1237 1085353916
545 1328 1085353941
1244 1317 1085353964
1328 545 1085353966
1328 545 1085353982
545 1328 1085354052
378 193 1085354385
1328 545 1085354444
1215 949 1085354582
249 817 1085354585
249 454 1085354667
1326 1325 1085354712
249 817 1085354760
585 1284 1085354787
249 605 1085354842
249 547 1085354967
598 652 1085354993
598 62 1085355007
598 84 1085355022
249 1295 1085355037
598 1189 1085355040
598 1303 1085355078
598 878 1085355100
481 1284 1085355493
1043 454 1085355577
1248 919 1085355684
1312 103 1085355693
454 1043 1085355817
1312 103 1085355824
1329 1271 1085355951
50 102 1085355967
481 50 1085356019
1050 495 1085356072
142 997 1085356221
50 481 1085356272
1329 477 1085356333
481 50 1085356741
12 598 1085356742
1246 719 1085357041
1328 277 1085357173
42 1117 1085357217
719 1246 1085357252
1042 1330 1085357266
638 285 1085357298
1246 719 1085357308
1328 495 1085357329
919 1248 1085357367
160 964 1085357432
1331 1168 1085357520
481 50 1085357739
50 481 1085357757
50 481 1085357768
1043 454 1085357798
1246 228 1085357972
454 1043 1085358003
1328 285 1085358019
539 495 1085358026
1043 454 1085358180
1246 228 1085358200
454 1043 1085358253
1118 1103 1085358254
749 474 1085358259
481 50 1085358271
1246 228 1085358337
1246 719 1085358454
50 481 1085358501
481 50 1085358530
933 1214 1085358577
1246 228 1085358688
42 495 1085358784
342 495 1085358834
1231 1252 1085358864
228 194 1085358928
50 1227 1085358937
228 1246 1085358991
1227 50 1085359041
679 1248 1085359105
389 1189 1085359112
1043 454 1085359121
194 228 1085359212
194 1270 1085359234
194 1004 1085359252
44 228 1085359274
44 514 1085359356
964 160 1085359436
199 212 1085359541
1032 598 1085359614
454 1043 1085359630
228 194 1085359655
1043 454 1085359714
454 1043 1085359732
725 638 1085359745
1043 454 1085359757
1231 704 1085359823
50 1227 1085359861
228 498 1085359935
454 1043 1085360106
498 228 1085360109
1227 50 1085360149
498 495 1085360249
1272 1260 1085360284
228 498 1085360360
1214 933 1085360438
1043 454 1085360442
1246 228 1085360507
498 228 1085360530
454 1043 1085360532
194 353 1085360555
1252 1231 1085360557
771 398 1085360565
67 1296 1085360650
398 771 1085360822
1043 454 1085361041
454 1043 1085361091
228 498 1085361102
67 1296 1085361202
700 605 1085361213
687 409 1085361350
114 770 1085361406
700 1253 1085361426
1043 454 1085361451
454 1043 1085361566
103 973 1085361746
67 97 1085361749
1043 454 1085361805
234 1183 1085361980
234 686 1085362035
1312 103 1085362190
249 454 1085362512
704 1231 1085362539
1113 1214 1085362903
1323 1129 1085362972
303 212 1085363085
242 488 1085363117
1272 1246 1085363134
1043 97 1085363373
912 375 1085363460
1312 103 1085363516
704 377 1085363550
704 377 1085363625
454 1043 1085364099
474 749 1085364117
97 1043 1085364455
701 341 1085364794
713 1158 1085364993
713 1158 1085365034
697 782 1085365064
942 919 1085365131
209 242 1085365694
536 423 1085366222
536 1224 1085366239
63 228 1085366249
1213 1026 1085366344
41 502 1085366445
41 1255 1085366455
738 394 1085366461
114 770 1085366573
594 242 1085366589
314 542 1085366660
1316 586 1085366761
314 1296 1085366762
640 1253 1085366775
423 536 1085366969
1235 638 1085367036
423 815 1085367132
1032 1186 1085367159
536 423 1085367183
285 1328 1085367343
701 50 1085367361
50 701 1085367418
193 378 1085367426
586 1316 1085367437
296 194 1085367473
1231 704 1085367496
1186 1032 1085367587
640 712 1085367615
353 1283 1085367636
640 617 1085367702
701 50 1085367722
697 923 1085367727
1032 1186 1085367738
1213 1032 1085367743
1213 1032 1085367846
353 296 1085367882
50 701 1085367895
1213 1032 1085367911
245 1283 1085367959
701 50 1085367995
1043 454 1085368046
353 793 1085368079
1283 353 1085368086
1032 1186 1085368112
1281 701 1085368113
50 701 1085368276
1281 701 1085368349
333 1227 1085368469
425 1103 1085368514
353 1283 1085368517
1290 596 1085368636
1332 1255 1085368697
249 454 1085368743
1332 1255 1085368775
1332 1255 1085368848
770 1217 1085368863
1255 1332 1085368904
770 938 1085368912
1281 1283 1085368951
1332 1255 1085369075
1316 586 1085369115
1190 738 1085369152
834 314 1085369351
296 353 1085369402
1271 1329 1085369497
358 281 1085369542
358 254 1085369564
358 357 1085369596
586 1316 1085369684
514 654 1085369801
766 181 1085369804
514 626 1085369817
454 1043 1085369821
626 514 1085369829
766 372 1085369833
249 454 1085369841
509 272 1085369854
1255 1332 1085369875
1043 454 1085369959
1021 701 1085369991
1021 105 1085370044
1118 598 1085370072
514 626 1085370088
1281 1283 1085370184
1270 194 1085370188
600 1332 1085370266
281 358 1085370267
626 514 1085370286
514 626 1085370316
342 626 1085370469
342 626 1085370553
621 105 1085370680
9 598 1085370731
9 1312 1085370746
621 48 1085370773
483 782 1085370804
483 1189 1085370815
679 50 1085370821
1332 1255 1085370881
249 654 1085370901
754 903 1085370918
754 1332 1085370951
454 1043 1085371004
810 1021 1085371008
1333 1145 1085371045
1026 184 1085371215
1043 454 1085371266
1127 318 1085371275
454 1043 1085371346
193 658 1085371435
1333 1145 1085371438
1127 415 1085371468
495 68 1085371503
103 1334 1085371522
114 770 1085371560
495 1185 1085371563
114 103 1085371568
142 654 1085371610
114 103 1085371626
495 542 1085371627
142 514 1085371806
350 626 1085371823
1043 454 1085371847
454 1043 1085372016
1286 1335 1085372131
1312 103 1085372149
1113 1214 1085372153
174 1260 1085372162
1043 454 1085372218
1113 495 1085372222
1113 1255 1085372283
1312 103 1085372283
1113 1255 1085372397
1334 1255 1085372477
1 312 1085372508
1255 1334 1085372562
1312 103 1085372580
1113 1255 1085372583
1087 353 1085372612
1312 103 1085372671
1312 103 1085372696
719 1336 1085372775
1113 1255 1085372780
1113 1214 1085372793
1113 353 1085372904
1113 1255 1085372980
1336 725 1085373009
639 1127 1085373078
1113 353 1085373087
1189 375 1085373135
1113 1255 1085373137
1189 598 1085373208
615 1026 1085373208
738 393 1085373231
1113 1255 1085373315
32 1336 1085373325
1334 1068 1085373359
639 388 1085373367
1113 1255 1085373598
495 585 1085373693
617 103 1085373796
103 1280 1085373814
617 640 1085373826
103 617 1085373832
725 1336 1085373844
617 103 1085373947
103 617 1085374004
617 103 1085374065
1280 103 1085374096
617 644 1085374101
495 1050 1085374129
103 617 1085374130
431 617 1085374133
617 103 1085374165
103 1280 1085374203
1312 103 1085374221
495 498 1085374230
103 617 1085374236
431 617 1085374355
1312 103 1085374362
950 495 1085374376
353 950 1085374415
495 950 1085374484
308 701 1085374531
950 353 1085374547
341 701 1085374570
495 950 1085374605
1312 103 1085374609
431 617 1085374614
1280 103 1085374631
950 495 1085374659
1190 738 1085374684
950 495 1085374697
1126 1302 1085374705
1102 514 1085374722
1190 551 1085374763
103 1280 1085374768
1280 103 1085374785
431 617 1085374809
1113 1214 1085374831
923 697 1085374874
1113 495 1085374911
686 234 1085375001
697 923 1085375002
1312 103 1085375024
220 1310 1085375039
569 1337 1085375097
1244 296 1085375112
923 697 1085375128
646 495 1085375130
1113 1214 1085375132
431 617 1085375137
923 697 1085375143
431 617 1085375323
569 1337 1085375347
1113 1214 1085375389
1190 288 1085375426
353 950 1085375454
482 799 1085375493
654 142 1085375511
482 1005 1085375522
482 546 1085375552
1113 1214 1085375577
1043 495 1085375638
323 341 1085375678
908 332 1085375692
950 353 1085375700
1113 1214 1085375831
797 63 1085375889
681 617 1085375977
296 1244 1085375979
1113 1214 1085376009
871 392 1085376015
871 1302 1085376078
142 654 1085376145
341 353 1085376171
1255 1335 1085376179
353 341 1085376233
68 495 1085376278
1113 1214 1085376329
341 353 1085376331
654 142 1085376358
1113 1214 1085376400
353 950 1085376450
249 1295 1085376531
1113 1214 1085376632
871 1097 1085376635
871 513 1085376672
569 296 1085376735
1113 1214 1085376801
212 439 1085376809
1302 1126 1085376991
482 3 1085376993
378 193 1085377005
342 495 1085377009
1113 1214 1085377187
971 609 1085377361
353 341 1085377394
971 199 1085377395
353 1326 1085377455
503 41 1085377468
1247 704 1085377514
415 475 1085377562
254 358 1085377569
503 617 1085377626
871 1302 1085377630
475 415 1085377654
321 392 1085377705
1246 99 1085377714
1281 1173 1085377815
503 1217 1085377828
341 353 1085377905
42 495 1085377939
871 1097 1085377968
142 654 1085377981
63 797 1085377982
42 1183 1085377992
503 41 1085377999
871 495 1085378012
42 1183 1085378037
42 1337 1085378217
353 341 1085378271
377 704 1085378447
415 475 1085378460
654 142 1085378519
1283 513 1085378531
358 281 1085378553
199 971 1085378571
358 254 1085378577
254 358 1085378620
245 1264 1085378628
1281 1173 1085378707
145 994 1085378742
145 1042 1085378780
431 605 1085378790
503 254 1085378798
245 1283 1085378865
142 654 1085378882
249 1255 1085378914
245 60 1085378922
341 353 1085378935
323 341 1085378936
228 63 1085378978
431 605 1085378979
654 142 1085378986
1338 254 1085379012
431 605 1085379072
298 323 1085379187
431 605 1085379203
48 621 1085379209
1281 131 1085379247
1117 856 1085379256
516 564 1085379264
431 605 1085379322
454 1043 1085379366
1338 254 1085379428
1325 1326 1085379440
739 308 1085379444
1043 454 1085379472
1136 739 1085379479
1325 1123 1085379525
1043 454 1085379531
1338 254 1085379548
442 1247 1085379594
431 605 1085379606
454 1043 1085379679
323 341 1085379716
323 298 1085379762
658 193 1085379783
1338 254 1085379793
640 617 1085379809
1338 471 1085379840
924 1158 1085379842
1338 254 1085379861
924 1158 1085379870
431 605 1085379984
615 1072 1085380057
605 254 1085380085
1338 254 1085380106
254 605 1085380108
605 254 1085380148
431 605 1085380152
1043 454 1085380166
254 605 1085380171
1215 398 1085380175
353 372 1085380177
605 254 1085380215
454 1043 1085380220
254 605 1085380234
1326 1325 1085380247
942 919 1085380252
986 644 1085380303
63 228 1085380338
1325 1326 1085380355
605 254 1085380362
1043 454 1085380364
1338 1034 1085380377
1338 254 1085380404
991 109 1085380411
1338 1173 1085380414
735 839 1085380458
254 605 1085380460
605 254 1085380521
1338 1173 1085380578
1338 254 1085380604
254 605 1085380612
605 254 1085380712
1118 620 1085380718
254 605 1085380742
986 1310 1085380746
142 654 1085380761
758 509 1085380861
1339 1231 1085380989
272 308 1085380996
53 1314 1085380996
1326 353 1085381006
272 654 1085381027
272 605 1085381094
770 1336 1085381095
1338 254 1085381128
1326 1325 1085381160
272 509 1085381195
1231 1339 1085381233
1339 1231 1085381349
758 50 1085381424
1338 254 1085381494
792 1283 1085381539
1306 990 1085381601
643 638 1085381774
1338 254 1085381899
758 298 1085382083
298 758 1085382130
1338 254 1085382171
1083 175 1085382240
758 298 1085382293
282 109 1085382304
638 643 1085382337
638 68 1085382342
298 758 1085382392
1083 299 1085382397
1338 254 1085382404
1338 209 1085382456
1283 468 1085382618
254 1338 1085382620
1283 468 1085382625
1283 644 1085382641
1283 643 1085382650
1039 1316 1085382652
50 758 1085382653
1283 482 1085382662
1283 1246 1085382692
758 50 1085382705
372 766 1085382727
1283 1039 1085382744
1113 1283 1085382753
372 353 1085382760
1283 121 1085382785
1283 1169 1085382831
758 298 1085382838
1283 101 1085382846
1283 142 1085382879
1283 1231 1085382888
50 758 1085382892
598 1032 1085382900
770 1283 1085382905
454 1043 1085382924
1283 298 1085382926
1283 278 1085382937
1283 713 1085382946
1283 470 1085382956
1283 1187 1085382966
1195 1283 1085382969
1283 603 1085382990
447 1283 1085382997
1283 254 1085383006
1283 586 1085383018
1283 1105 1085383029
603 1283 1085383066
621 48 1085383075
1283 422 1085383076
1283 144 1085383095
871 595 1085383107
1283 90 1085383109
1087 1283 1085383123
1283 598 1085383143
758 50 1085383161
1283 1168 1085383174
1283 1325 1085383199
1283 704 1085383213
871 595 1085383213
323 643 1085383214
1283 1208 1085383225
1283 1051 1085383238
1168 1283 1085383241
470 1283 1085383293
298 1283 1085383311
871 595 1085383318
60 245 1085383327
90 1283 1085383331
1283 645 1085383332
1283 368 1085383359
323 1083 1085383380
368 1283 1085383388
323 1283 1085383420
1169 1283 1085383443
470 288 1085383497
1283 1340 1085383542
323 367 1085383545
1283 1034 1085383562
1283 297 1085383607
1302 468 1085383613
1283 1341 1085383645
1168 1298 1085383645
1283 85 1085383656
770 1216 1085383662
163 1283 1085383729
782 654 1085383734
1283 1297 1085383736
1118 1283 1085383738
1283 1339 1085383750
27 1283 1085383755
42 1294 1085383761
1283 346 1085383778
1118 598 1085383780
1118 598 1085383795
1283 801 1085383796
1283 1227 1085383815
144 142 1085383829
598 346 1085383850
1339 1283 1085383856
1118 1283 1085383862
1283 128 1085383874
1283 242 1085383913
323 991 1085383934
63 26 1085383935
176 1302 1085383987
1118 598 1085383995
770 598 1085384030
1297 1283 1085384045
288 470 1085384069
346 598 1085384084
644 1283 1085384174
598 346 1085384205
128 1283 1085384207
1283 919 1085384212
1283 758 1085384246
346 220 1085384270
1283 835 1085384273
1118 598 1085384307
770 1196 1085384317
831 1187 1085384320
249 1283 1085384327
1283 1183 1085384330
1283 654 1085384345
998 1283 1085384366
758 1283 1085384396
1283 498 1085384437
1187 831 1085384441
598 353 1085384466
1339 221 1085384476
1283 975 1085384493
1283 317 1085384549
1283 1315 1085384572
1283 728 1085384581
1283 741 1085384592
1283 1310 1085384631
1286 1342 1085384637
831 1187 1085384643
317 1283 1085384654
1283 561 1085384681
561 1310 1085384681
1286 1339 1085384695
1187 831 1085384703
1343 1342 1085384713
561 1283 1085384717
1283 502 1085384728
986 1283 1085384736
1283 1158 1085384746
1283 475 1085384760
1343 1342 1085384789
1283 334 1085384790
1283 1342 1085384804
475 1283 1085384806
1246 1283 1085384820
1283 1270 1085384827
42 1325 1085384839
334 1283 1085384848
1283 1244 1085384862
950 353 1085384863
1283 950 1085384878
1286 1339 1085384886
42 964 1085384887
1283 1326 1085384890
1283 547 1085384909
1283 660 1085384922
1283 325 1085384938
42 1294 1085384943
598 325 1085384954
1283 590 1085384955
1283 1097 1085384970
42 1043 1085384972
1283 543 1085384982
1283 1167 1085385009
1043 454 1085385026
1283 782 1085385042
1315 1283 1085385045
1286 1339 1085385049
1283 415 1085385058
701 308 1085385059
1283 560 1085385070
1283 1032 1085385080
701 341 1085385080
1283 252 1085385095
1283 1018 1085385131
560 1283 1085385139
1167 1283 1085385139
1286 1339 1085385226
770 101 1085385385
323 1083 1085385393
103 1342 1085385422
1283 475 1085385439
1281 1173 1085385503
1286 1339 1085385523
1343 1283 1085385560
831 1187 1085385582
793 353 1085385607
245 881 1085385662
297 1283 1085385737
245 163 1085385750
245 388 1085385781
1325 1283 1085385821
245 334 1085385831
1283 297 1085385904
1343 1342 1085385922
1097 1283 1085385934
1325 42 1085385968
42 1325 1085385981
753 6 1085385987
561 1283 1085386020
252 1283 1085386029
1343 1342 1085386048
245 309 1085386069
1326 1283 1085386117
42 1284 1085386121
63 278 1085386130
1283 1326 1085386144
334 245 1085386146
1325 42 1085386175
1284 42 1085386281
297 1283 1085386297
1284 481 1085386314
1246 834 1085386316
1168 520 1085386494
42 479 1085386513
561 1283 1085386522
1339 1344 1085386553
372 1280 1085386578
1344 1339 1085386606
603 814 1085386611
1281 73 1085386630
1283 561 1085386633
1339 1344 1085386635
298 573 1085386712
1280 372 1085386725
561 1283 1085386735
1344 1339 1085386749
1281 74 1085386752
1281 1345 1085386794
172 638 1085386805
1339 1344 1085386807
1281 1042 1085386826
814 603 1085386843
1281 88 1085386869
1281 73 1085386895
770 495 1085386909
1281 74 1085386911
1344 1339 1085386916
950 1283 1085386931
1325 638 1085386955
1283 389 1085386963
1339 1344 1085386995
1110 1146 1085387009
603 814 1085387027
1281 1042 1085387036
1339 660 1085387038
561 74 1085387060
1344 1339 1085387070
42 843 1085387070
843 42 1085387120
325 1283 1085387169
1339 1344 1085387220
388 245 1085387220
325 598 1085387295
1344 1339 1085387299
1281 1018 1085387308
843 42 1085387320
814 603 1085387328
1281 1018 1085387387
1281 814 1085387453
1339 1344 1085387467
323 991 1085387497
50 1281 1085387498
1281 1018 1085387516
1344 1339 1085387528
603 814 1085387529
1283 753 1085387552
638 1340 1085387563
1281 50 1085387563
1339 1344 1085387586
1132 1174 1085387596
1283 843 1085387605
1281 50 1085387610
843 714 1085387634
881 245 1085387656
1283 1264 1085387664
1344 1339 1085387667
1281 1280 1085387681
714 843 1085387693
1339 1344 1085387745
1281 1018 1085387757
814 603 1085387772
1283 1280 1085387774
843 714 1085387788
753 1283 1085387799
1344 1339 1085387813
1281 422 1085387865
814 1281 1085387874
1281 814 1085387908
1339 1344 1085387911
220 346 1085387919
1281 1325 1085387944
220 1310 1085387951
1283 753 1085388012
42 548 1085388022
53 1283 1085388029
843 1114 1085388031
1340 42 1085388060
1339 1344 1085388078
350 626 1085388084
1281 1325 1085388084
1344 1339 1085388095
42 1340 1085388102
1326 1280 1085388107
1344 1339 1085388111
1340 42 1085388125
1339 1344 1085388155
53 1283 1085388162
1339 1344 1085388169
53 1283 1085388188
42 1340 1085388200
1281 814 1085388242
548 42 1085388266
1344 1339 1085388266
1281 50 1085388272
1281 1325 1085388289
1339 1344 1085388294
42 548 1085388310
1310 220 1085388324
42 638 1085388369
753 1283 1085388399
142 1283 1085388408
53 1283 1085388421
1281 1325 1085388428
1317 1280 1085388452
1281 495 1085388455
1281 475 1085388495
1281 1325 1085388512
142 144 1085388557
308 739 1085388569
1281 475 1085388573
42 475 1085388578
1283 753 1085388585
1281 1325 1085388589
753 1283 1085388609
475 42 1085388661
1283 802 1085388673
1317 758 1085388689
1281 50 1085388702
1283 753 1085388727
1281 475 1085388739
50 1281 1085388740
1340 42 1085388742
323 42 1085388749
1281 50 1085388808
1281 475 1085388830
758 1317 1085388831
753 1283 1085388832
254 1283 1085388846
1281 1325 1085388884
1317 753 1085388918
1317 753 1085388923
753 1317 1085388971
753 1317 1085388978
1281 475 1085389269
308 701 1085389319
594 283 1085389336
1281 1325 1085389350
594 283 1085389381
1281 1004 1085389440
1281 1325 1085389516
1281 50 1085389545
392 1315 1085389688
392 72 1085389742
394 676 1085389867
586 1283 1085389892
392 321 1085389943
640 569 1085389945
6 753 1085389951
1215 1281 1085389989
1097 191 1085390032
753 6 1085390259
392 1051 1085390273
1215 1083 1085390284
1215 1287 1085390356
6 753 1085390391
392 42 1085390407
753 6 1085390480
1087 1132 1085390517
6 753 1085390530
375 912 1085390546
560 840 1085390559
42 392 1085390589
753 6 1085390591
278 63 1085390603
42 392 1085390617
42 475 1085390659
6 753 1085390674
42 815 1085390759
1346 1314 1085390797
560 297 1085390828
753 6 1085390873
1314 1346 1085390980
63 278 1085391137
1346 1314 1085391138
323 741 1085391144
1314 1346 1085391367
1346 1314 1085391484
1174 1132 1085391486
309 245 1085391494
912 375 1085391543
1314 1346 1085391564
1280 1317 1085391595
1280 1326 1085391656
323 42 1085391731
1280 1281 1085391737
392 42 1085391748
1346 1314 1085391754
1314 1346 1085391830
42 392 1085391848
323 1347 1085391896
1317 781 1085391901
1281 50 1085391934
1346 1314 1085391940
1280 1281 1085391987
145 1042 1085392014
1281 1280 1085392018
781 1317 1085392023
1280 1283 1085392030
1280 1281 1085392071
42 323 1085392226
1281 1280 1085392241
741 323 1085392296
323 741 1085392338
1280 1281 1085392353
741 323 1085392402
741 323 1085392418
323 741 1085392456
42 323 1085392475
323 1347 1085392592
1281 1280 1085392592
1315 392 1085392614
323 741 1085392621
701 308 1085392637
42 323 1085392652
323 642 1085392662
422 1281 1085392666
422 1283 1085392679
323 741 1085392688
53 1314 1085392791
323 642 1085392823
42 323 1085392829
1281 422 1085392889
323 642 1085392918
1281 781 1085392925
323 741 1085392935
53 1314 1085392964
1314 1346 1085392982
781 1281 1085393020
1346 1314 1085393021
422 1281 1085393021
53 1314 1085393054
1314 1346 1085393078
323 1347 1085393087
42 323 1085393108
1346 1314 1085393136
741 323 1085393244
323 741 1085393317
42 323 1085393350
815 950 1085393382
50 1281 1085393567
1346 1314 1085393651
42 323 1085393689
53 1244 1085393831
42 323 1085393868
53 975 1085393883
12 142 1085393928
585 495 1085393952
42 323 1085393988
741 323 1085394089
42 323 1085394098
53 1281 1085394179
323 741 1085394214
323 741 1085394330
741 323 1085394369
42 323 1085394384
741 323 1085394405
323 741 1085394435
741 323 1085394536
323 741 1085394554
42 323 1085394568
323 741 1085394578
741 323 1085394593
741 323 1085394624
323 741 1085394647
838 644 1085394744
12 415 1085395098
42 1097 1085395443
1253 644 1085399726
1253 1287 1085399933
1253 640 1085400014
1253 1227 1085400153
1227 1253 1085405889
605 272 1085407147
189 1339 1085407795
1270 1283 1085409643
70 944 1085409741
1123 1325 1085409912
131 1281 1085410141
