1052 1859 1095966470
12 1831 1095969075
12 1644 1095969167
199 959 1095970625
1852 1781 1095971029
1052 1624 1095972259
1781 1852 1095973986
1859 1052 1095974040
1624 1052 1095974071
1624 1862 1095974370
1852 697 1095974617
145 492 1095975504
1644 224 1095975561
1852 1781 1095975784
492 145 1095975787
1624 398 1095975892
398 1624 1095976881
1624 398 1095978477
398 1624 1095978963
398 1624 1095979602
9 1181 1095979845
1034 697 1095980114
9 1308 1095980158
95 697 1095980334
9 1644 1095980430
9 1255 1095980487
95 1403 1095980684
697 95 1095981184
697 95 1095981199
95 561 1095981821
95 697 1095981874
95 697 1095982513
697 95 1095982949
95 697 1095983579
1601 1859 1095983661
95 697 1095983801
1624 398 1095985206
1624 234 1095985449
398 1624 1095985861
334 523 1095986395
1781 1657 1095987697
1052 1859 1095987944
719 1641 1095989292
1624 1781 1095993444
1796 1343 1096000958
1181 9 1096002649
342 1848 1096002832
1601 973 1096005551
1472 697 1096006717
1836 1540 1096007802
398 828 1096007957
1836 1863 1096008400
9 1181 1096009385
1 312 1096010334
1859 1601 1096015946
1859 1052 1096015985
1860 993 1096018985
503 1756 1096020132
1601 1859 1096026369
1601 143 1096026689
1601 1246 1096026834
1601 1781 1096027024
1848 342 1096036626
1848 1543 1096036915
342 1848 1096037669
