981 831 1084253722
913 884 1084253979
913 950 1084254021
250 53 1084254030
41 283 1084254080
193 913 1084254123
41 913 1084254125
41 975 1084254238
41 176 1084254305
981 817 1084254312
254 277 1084254331
103 973 1084254407
473 687 1084254434
103 841 1084254437
498 823 1084254472
498 823 1084254516
973 103 1084254532
103 973 1084254575
9 683 1084254676
973 103 1084254694
294 103 1084254764
536 782 1084254768
536 940 1084254785
103 973 1084254854
596 400 1084254939
302 193 1084254968
973 103 1084255090
84 437 1084255098
596 103 1084255130
969 103 1084255135
9 282 1084255179
9 978 1084255305
9 977 1084255326
561 557 1084255408
561 448 1084255425
445 296 1084255437
294 103 1084255489
204 498 1084255489
881 498 1084255523
199 445 1084255576
103 973 1084255609
561 448 1084255625
712 448 1084255628
445 199 1084255638
498 881 1084255663
973 103 1084255690
712 95 1084255701
561 308 1084255716
103 973 1084255750
969 103 1084255838
969 103 1084256100
250 53 1084256103
103 445 1084256148
250 358 1084256300
250 853 1084256359
199 445 1084256422
660 777 1084256476
204 498 1084256518
975 176 1084256661
697 966 1084256690
199 445 1084256729
697 725 1084256774
884 913 1084256859
939 638 1084257037
942 349 1084257117
454 448 1084257192
975 176 1084257254
103 658 1084257325
109 400 1084257356
834 708 1084257444
454 181 1084257454
176 975 1084257476
109 282 1084257487
942 454 1084257489
176 978 1084257519
41 975 1084257616
454 467 1084257627
686 163 1084257697
109 400 1084257733
942 454 1084257750
942 454 1084257944
44 834 1084258077
942 454 1084258089
204 498 1084258256
686 621 1084258270
942 454 1084258376
561 557 1084258563
189 712 1084258632
686 74 1084259177
372 396 1084259469
454 372 1084259512
741 758 1084259538
372 969 1084259573
821 475 1084259675
454 372 1084259681
969 372 1084259692
475 821 1084259739
142 144 1084259755
283 41 1084259822
821 475 1084259963
372 969 1084260030
204 498 1084260040
73 74 1084260112
475 142 1084260118
454 372 1084260127
475 821 1084260130
95 712 1084260182
12 175 1084260219
44 189 1084260273
969 283 1084260281
73 773 1084260325
969 372 1084260338
12 599 1084260345
372 969 1084260388
454 372 1084260446
770 768 1084260478
975 199 1084260509
969 372 1084260565
658 103 1084260587
975 103 1084260612
12 73 1084260625
12 599 1084260660
975 176 1084260670
821 475 1084260671
372 969 1084260685
176 975 1084260690
372 969 1084260705
975 590 1084260812
770 454 1084260830
964 590 1084260883
103 658 1084260883
969 372 1084260905
372 969 1084260953
590 975 1084260963
73 617 1084260963
372 969 1084260995
73 74 1084260995
3 372 1084260995
590 964 1084260995
250 599 1084261106
969 372 1084261142
826 925 1084261165
392 475 1084261187
809 448 1084261202
884 658 1084261225
975 590 1084261253
151 982 1084261275
242 297 1084261297
599 250 1084261341
12 599 1084261398
346 654 1084261402
12 73 1084261431
242 913 1084261503
12 527 1084261519
242 63 1084261547
12 527 1084261547
242 389 1084261572
12 711 1084261582
12 711 1084261589
95 983 1084261644
12 817 1084261686
425 765 1084261710
297 242 1084261713
3 372 1084261737
12 711 1084261754
686 372 1084261771
809 598 1084261793
388 513 1084261895
686 372 1084261897
103 983 1084261900
543 400 1084261901
12 599 1084261902
12 984 1084261959
513 388 1084261977
983 95 1084262034
766 41 1084262050
983 103 1084262051
686 372 1084262057
388 513 1084262060
766 400 1084262083
766 283 1084262121
103 983 1084262127
513 388 1084262191
12 711 1084262212
388 513 1084262308
956 183 1084262314
475 392 1084262339
513 388 1084262354
809 250 1084262370
12 711 1084262389
12 711 1084262412
766 638 1084262459
983 103 1084262534
103 817 1084262571
809 250 1084262611
12 711 1084262635
12 282 1084262700
12 711 1084262732
12 766 1084262849
12 711 1084262876
27 652 1084262886
809 250 1084262890
95 983 1084262896
263 762 1084262930
109 400 1084262930
639 400 1084262963
809 821 1084262972
12 713 1084263069
12 713 1084263134
983 95 1084263158
12 711 1084263169
762 263 1084263216
809 250 1084263258
109 719 1084263260
297 372 1084263266
639 590 1084263296
809 821 1084263296
762 562 1084263369
250 109 1084263460
372 297 1084263461
212 590 1084263518
297 372 1084263529
392 475 1084263577
762 513 1084263615
372 297 1084263615
12 711 1084263685
513 762 1084263688
297 513 1084263699
212 555 1084263747
297 372 1084263806
616 962 1084263828
513 297 1084263852
388 439 1084263874
800 616 1084263893
448 831 1084263950
297 513 1084263961
181 495 1084263969
983 985 1084264005
212 388 1084264016
448 569 1084264016
263 762 1084264029
181 454 1084264038
513 297 1084264075
975 296 1084264106
983 985 1084264107
448 712 1084264127
204 181 1084264172
181 783 1084264193
448 454 1084264194
915 823 1084264217
12 711 1084264252
41 817 1084264273
513 388 1084264308
985 983 1084264309
204 181 1084264416
388 513 1084264445
12 711 1084264453
783 181 1084264497
297 63 1084264497
263 762 1084264497
513 388 1084264577
95 983 1084264579
986 835 1084264686
372 297 1084264701
835 986 1084264765
448 987 1084264780
12 711 1084264795
388 212 1084264799
338 454 1084264802
250 513 1084264813
338 348 1084264829
338 348 1084264829
181 783 1084264829
338 475 1084264874
338 97 1084264891
448 392 1084264911
311 400 1084264930
513 250 1084264982
263 513 1084265004
372 988 1084265006
988 372 1084265032
448 835 1084265049
448 817 1084265083
212 388 1084265120
926 557 1084265149
392 448 1084265173
448 815 1084265218
681 513 1084265247
835 448 1084265277
681 987 1084265290
448 513 1084265295
372 766 1084265335
448 392 1084265338
95 311 1084265405
448 835 1084265423
513 448 1084265428
501 768 1084265430
12 969 1084265442
297 372 1084265461
681 513 1084265471
448 513 1084265485
986 681 1084265497
501 498 1084265542
627 762 1084265561
513 448 1084265564
392 815 1084265575
835 448 1084265580
392 448 1084265599
372 513 1084265620
372 988 1084265671
297 448 1084265700
448 513 1084265700
513 372 1084265729
627 388 1084265729
372 297 1084265741
448 835 1084265745
448 392 1084265766
388 627 1084265766
513 448 1084265767
388 627 1084265787
388 627 1084265794
627 388 1084265807
501 236 1084265808
12 969 1084265812
448 297 1084265823
627 762 1084265824
388 627 1084265862
297 448 1084265873
448 513 1084265873
181 783 1084265893
448 297 1084265896
297 372 1084265898
372 513 1084265949
372 297 1084265995
513 372 1084266008
297 372 1084266031
372 988 1084266055
372 513 1084266086
555 513 1084266119
681 388 1084266119
181 766 1084266119
681 388 1084266119
263 989 1084266119
204 181 1084266160
590 639 1084266172
590 212 1084266200
212 555 1084266202
681 988 1084266234
212 590 1084266234
181 513 1084266348
681 388 1084266423
181 204 1084266443
681 562 1084266460
681 562 1084266494
181 969 1084266530
263 843 1084266539
986 619 1084266561
372 769 1084266563
939 977 1084266609
583 557 1084266609
986 590 1084266626
783 181 1084266664
986 939 1084266697
681 590 1084266860
983 985 1084266889
590 681 1084266936
12 681 1084266982
969 181 1084266983
681 590 1084266991
985 983 1084267008
986 590 1084267022
542 840 1084267071
986 542 1084267071
986 984 1084267129
513 372 1084267138
986 542 1084267143
513 555 1084267147
12 681 1084267187
840 542 1084267195
181 783 1084267237
181 969 1084267269
939 364 1084267292
555 513 1084267327
555 840 1084267361
714 840 1084267392
513 555 1084267392
12 969 1084267416
181 840 1084267427
542 840 1084267434
840 555 1084267457
986 263 1084267495
840 714 1084267496
939 457 1084267529
12 513 1084267546
513 263 1084267572
969 181 1084267587
181 969 1084267663
372 513 1084267695
236 501 1084267714
236 501 1084267720
546 823 1084267724
236 501 1084267725
555 513 1084267776
513 372 1084267787
714 840 1084267789
513 555 1084267809
969 181 1084267891
263 513 1084267909
555 840 1084267976
191 815 1084268016
555 886 1084268050
683 72 1084268094
63 297 1084268107
63 242 1084268137
63 95 1084268184
388 513 1084268246
63 990 1084268247
815 191 1084268247
191 874 1084268279
72 683 1084268555
191 815 1084268557
204 181 1084268786
191 501 1084268852
181 969 1084269095
783 181 1084269362
103 840 1084269453
639 555 1084269509
532 364 1084269551
103 151 1084269584
840 103 1084269697
103 840 1084269782
103 983 1084269962
985 983 1084270089
181 194 1084270120
539 985 1084270249
308 769 1084270375
539 985 1084270450
308 272 1084270550
308 311 1084270679
980 840 1084270749
439 131 1084271027
985 976 1084271032
439 212 1084271238
103 439 1084271388
504 542 1084271577
542 504 1084271637
546 766 1084271736
504 400 1084271767
103 504 1084271768
504 103 1084271822
103 783 1084271837
103 504 1084271861
42 543 1084272352
103 988 1084272379
42 964 1084272444
964 42 1084279850
934 460 1084282002
536 336 1084283804
765 594 1084285530
3 372 1084286027
283 840 1084286501
105 61 1084286599
342 969 1084287238
