1756 1655 1090251094
1312 12 1090252078
1713 1585 1090257839
561 1713 1090259714
561 847 1090259814
561 431 1090260444
749 474 1090265193
431 561 1090272597
1543 1724 1090273268
191 429 1090273777
312 3 1090274185
1740 504 1090274409
788 9 1090274742
12 144 1090277547
12 1312 1090277637
249 495 1090279877
308 1655 1090281494
1436 1757 1090281781
561 431 1090282265
431 561 1090283585
1626 1624 1090284759
431 1731 1090285034
1731 32 1090285055
144 3 1090285740
144 12 1090285877
12 144 1090285981
144 12 1090286137
12 144 1090286244
144 1758 1090286329
144 12 1090286441
12 144 1090286521
144 12 1090286761
12 144 1090287130
144 12 1090287432
719 1655 1090287675
12 144 1090287730
144 12 1090287891
12 144 1090288006
144 12 1090288079
1713 788 1090288153
12 144 1090288169
144 12 1090288585
12 144 1090288659
12 1255 1090288675
346 1749 1090290151
1624 1626 1090291049
308 254 1090293098
1312 12 1090294905
9 788 1090297249
9 144 1090297281
9 1343 1090297371
429 191 1090298455
144 9 1090298920
1741 277 1090300755
1741 391 1090300852
1741 784 1090300899
1741 277 1090300910
1741 1380 1090301383
1741 1497 1090301551
1741 1282 1090301696
1741 475 1090301769
1741 773 1090301883
1741 1391 1090301902
1741 588 1090302154
1741 1673 1090302244
118 193 1090302264
249 144 1090302429
468 1748 1090303459
1647 878 1090304413
1647 621 1090304861
1676 233 1090305233
1676 233 1090305481
525 211 1090306324
95 561 1090310334
727 561 1090311434
1533 1489 1090313296
1749 346 1090315150
1673 1741 1090324808
970 1748 1090326315
3 312 1090330061
3 1728 1090330212
3 1738 1090330683
3 27 1090330697
3 249 1090330713
3 970 1090330725
