456 1132 1097595371
1792 1285 1097596046
27 1079 1097597226
1624 1878 1097598553
32 1878 1097602651
1888 1488 1097604732
810 233 1097607908
1644 1079 1097608131
1771 1681 1097608761
1878 1624 1097609554
1878 32 1097609599
1237 1236 1097617748
1237 843 1097617775
93 525 1097625127
1 312 1097626059
429 492 1097627227
189 712 1097630766
233 810 1097637315
828 398 1097637913
1624 1878 1097642772
1601 1891 1097644650
312 1 1097646546
1878 1624 1097648927
810 233 1097649290
1540 479 1097650084
1540 1167 1097650124
1 312 1097662406
1892 1280 1097664668
