536 532 1083770675
638 571 1083772066
638 242 1083772093
638 385 1083772140
638 726 1083772164
638 95 1083772197
638 646 1083772213
638 744 1083772385
739 583 1083774592
739 583 1083774670
342 658 1083775549
244 415 1083776473
720 274 1083776786
462 638 1083776915
199 536 1083777645
536 199 1083778216
536 199 1083778252
545 627 1083779077
723 513 1083780232
1 323 1083780367
67 396 1083780484
303 194 1083780513
3 68 1083780531
509 616 1083780552
686 321 1083780645
431 299 1083780723
509 454 1083780819
583 739 1083780899
509 316 1083780935
509 302 1083781115
509 306 1083781327
509 260 1083781504
204 181 1083781807
204 536 1083781844
356 536 1083781862
415 244 1083782139
460 542 1083782572
588 540 1083783435
294 513 1083783780
276 711 1083784322
27 278 1083784591
739 745 1083784703
398 465 1083784731
649 632 1083784858
527 746 1083785020
713 482 1083785050
713 714 1083785138
713 236 1083785250
590 440 1083785376
514 177 1083785469
713 242 1083785552
713 712 1083785637
228 392 1083785706
254 266 1083785835
645 325 1083785837
713 103 1083785991
645 274 1083785998
713 172 1083786327
713 184 1083786436
747 221 1083786465
713 363 1083786532
712 6 1083786627
713 74 1083786636
713 372 1083786661
617 119 1083786834
713 102 1083786940
713 681 1083787001
286 400 1083787024
713 283 1083787048
63 514 1083787147
617 400 1083787153
713 351 1083787192
617 73 1083787276
364 532 1083787337
713 67 1083787415
605 88 1083787514
713 748 1083787564
385 3 1083787571
713 737 1083787645
713 738 1083787682
161 162 1083787692
617 161 1083787749
462 617 1083787765
713 726 1083787789
617 124 1083787870
594 468 1083787880
713 720 1083787925
713 706 1083787965
617 462 1083787987
713 740 1083787993
260 509 1083787999
713 749 1083788051
713 750 1083788089
161 617 1083788104
713 751 1083788118
260 283 1083788147
260 103 1083788193
124 617 1083788216
617 161 1083788272
617 124 1083788367
713 124 1083788371
617 462 1083788422
161 617 1083788445
713 252 1083788455
496 316 1083788490
462 617 1083788511
124 617 1083788520
713 325 1083788607
468 594 1083788634
713 161 1083788646
462 617 1083788677
334 364 1083788691
617 161 1083788702
713 462 1083788710
713 388 1083788835
617 462 1083788906
303 212 1083788980
617 124 1083789002
161 617 1083789060
36 281 1083789077
605 124 1083789084
713 90 1083789088
462 617 1083789112
36 73 1083789123
161 221 1083789132
617 462 1083789182
713 339 1083789238
617 161 1083789280
617 462 1083789336
462 617 1083789399
124 617 1083789494
605 124 1083789550
723 649 1083789553
713 124 1083789649
99 194 1083789683
713 726 1083789729
605 124 1083790008
713 161 1083790024
713 462 1083790232
713 388 1083790317
713 184 1083790415
69 727 1083790622
36 129 1083790639
69 649 1083790668
605 124 1083790700
36 281 1083790791
520 8 1083790865
350 617 1083791146
752 502 1083791340
644 97 1083791481
454 181 1083791717
502 752 1083791718
454 509 1083791731
254 266 1083791786
654 738 1083791786
644 654 1083791862
752 502 1083791867
502 752 1083792005
631 437 1083792039
752 502 1083792126
514 63 1083792196
739 337 1083792302
502 752 1083792425
739 317 1083792466
752 502 1083792500
739 308 1083792615
746 527 1083792617
739 308 1083792627
396 67 1083792845
425 407 1083792920
372 495 1083793397
648 723 1083793508
752 502 1083793815
372 454 1083793936
131 753 1083793988
342 583 1083794206
605 124 1083794354
372 482 1083794367
53 325 1083794410
372 753 1083794494
372 482 1083794505
76 399 1083794647
495 372 1083794826
372 495 1083794919
640 617 1083794926
372 495 1083794940
372 495 1083794953
317 617 1083795066
617 640 1083795113
617 317 1083795141
317 739 1083795188
640 617 1083795218
317 617 1083795219
617 640 1083795269
70 90 1083795315
739 317 1083795361
640 617 1083795381
617 317 1083795396
605 124 1083795485
605 124 1083795590
617 640 1083795591
739 337 1083796067
327 589 1083796432
325 645 1083796475
327 617 1083796503
652 302 1083796550
73 617 1083796704
754 739 1083796794
119 617 1083796816
697 73 1083796881
754 755 1083796894
350 617 1083796942
697 741 1083797010
73 697 1083797013
652 756 1083797035
697 73 1083797080
212 757 1083797084
697 741 1083797127
678 475 1083797136
52 646 1083797200
741 697 1083797275
53 325 1083797422
212 303 1083797567
652 707 1083797627
711 276 1083797971
308 739 1083798118
617 73 1083798258
48 753 1083798574
276 711 1083798671
753 48 1083798722
509 454 1083798730
474 400 1083798745
212 48 1083798762
389 727 1083799015
389 236 1083799070
389 73 1083799108
571 652 1083799166
389 482 1083799259
9 282 1083799273
48 753 1083799277
753 758 1083799286
48 753 1083799295
753 758 1083799318
9 683 1083799370
753 48 1083799388
753 758 1083799436
753 758 1083799455
48 753 1083799495
652 571 1083799499
48 753 1083799504
711 276 1083799509
753 758 1083799551
758 741 1083799565
758 741 1083799580
254 697 1083799616
9 711 1083799631
9 561 1083799681
9 697 1083799698
465 398 1083799799
753 758 1083799850
753 758 1083799920
753 48 1083799957
278 27 1083799982
48 753 1083799991
753 48 1083799993
753 758 1083800008
712 758 1083800016
758 712 1083800021
753 48 1083800035
401 368 1083800057
758 712 1083800070
758 48 1083800100
272 617 1083800107
753 758 1083800140
758 640 1083800145
712 758 1083800174
758 712 1083800192
236 389 1083800193
557 302 1083800199
753 758 1083800215
48 753 1083800229
48 758 1083800238
758 48 1083800297
48 758 1083800390
753 758 1083800391
48 753 1083800427
753 48 1083800446
753 758 1083800465
753 48 1083800482
758 48 1083800492
639 509 1083800506
48 753 1083800530
758 48 1083800538
350 617 1083800554
48 753 1083800556
48 758 1083800634
48 758 1083800656
758 48 1083800687
41 743 1083800710
616 509 1083800721
48 758 1083800736
389 236 1083800853
401 639 1083800867
73 697 1083800922
73 617 1083800960
513 589 1083801028
753 372 1083801044
439 545 1083801130
36 73 1083801137
48 758 1083801463
542 317 1083801510
349 753 1083801653
392 739 1083802026
392 228 1083802192
392 228 1083802221
365 191 1083802375
741 758 1083802525
617 272 1083803460
542 325 1083803543
617 73 1083803624
617 119 1083803705
325 542 1083803734
721 400 1083804101
119 617 1083804193
308 759 1083804207
36 281 1083804244
482 389 1083804567
615 308 1083804642
32 753 1083804920
631 437 1083805062
644 325 1083805109
644 102 1083805208
325 644 1083805289
474 309 1083805313
547 644 1083805415
639 401 1083805442
474 644 1083805523
398 465 1083805583
644 325 1083805749
244 415 1083805776
681 590 1083805786
325 644 1083805828
372 753 1083805902
638 401 1083805906
638 289 1083805927
638 242 1083805945
189 144 1083805947
638 520 1083805970
638 726 1083805982
638 462 1083805995
228 392 1083806083
734 727 1083806118
643 758 1083806157
644 325 1083806307
638 365 1083806310
625 437 1083806313
189 708 1083806323
557 101 1083806407
514 101 1083806418
189 371 1083806621
741 212 1083806650
474 741 1083806987
392 228 1083807020
272 617 1083807024
474 689 1083807147
638 269 1083807150
638 562 1083807195
99 154 1083807379
617 272 1083807846
462 638 1083807995
183 103 1083808132
183 234 1083808148
183 269 1083808279
760 474 1083808377
644 393 1083808516
539 536 1083808567
644 517 1083808671
704 504 1083808677
704 260 1083808807
590 402 1083808835
539 536 1083808842
3 99 1083808953
3 385 1083809094
644 617 1083809362
402 590 1083809417
678 475 1083809428
325 644 1083809437
761 747 1083809447
644 753 1083809452
299 462 1083809490
644 183 1083809498
644 325 1083809675
590 402 1083809737
325 644 1083810061
41 746 1083810088
272 297 1083810242
638 462 1083810475
638 549 1083810677
638 549 1083810706
124 101 1083810719
638 549 1083810741
681 762 1083810744
124 711 1083810796
728 323 1083810809
638 560 1083810832
402 590 1083810840
711 124 1083810877
124 711 1083810933
211 597 1083810945
249 474 1083810999
728 712 1083811016
711 547 1083811054
474 124 1083811111
711 124 1083811127
462 299 1083811188
211 597 1083811206
402 632 1083811222
638 505 1083811250
638 462 1083811475
638 341 1083811564
627 762 1083811702
638 293 1083811714
9 711 1083811762
658 163 1083811882
658 73 1083811919
617 644 1083812301
41 746 1083812358
567 763 1083812504
567 763 1083812516
103 617 1083812562
74 753 1083812627
617 103 1083812685
617 514 1083812878
514 617 1083812987
103 617 1083813104
586 758 1083813225
514 392 1083813303
567 753 1083813434
586 183 1083813450
19 764 1083813455
124 474 1083813457
617 103 1083813496
124 711 1083813580
103 617 1083813618
586 504 1083813636
586 454 1083813956
211 593 1083814029
605 272 1083814077
474 124 1083814111
593 211 1083814124
236 389 1083814141
679 404 1083814211
474 74 1083814221
605 74 1083814234
617 103 1083814264
177 394 1083814284
177 514 1083814338
605 74 1083814369
495 263 1083814455
514 177 1083814528
38 502 1083814558
162 161 1083814591
683 48 1083814677
334 364 1083814910
211 593 1083815296
73 617 1083815933
41 184 1083815945
193 355 1083816049
502 752 1083816094
393 644 1083816103
193 63 1083816348
733 393 1083816667
733 712 1083816697
51 658 1083816699
733 626 1083816749
95 638 1083816953
617 73 1083817035
350 617 1083817063
69 752 1083817138
733 536 1083817206
437 625 1083817218
69 649 1083817244
617 514 1083817264
69 75 1083817272
415 244 1083817303
642 323 1083817328
753 48 1083817384
617 350 1083817406
583 72 1083817418
350 617 1083817446
753 48 1083817466
753 372 1083817495
72 583 1083817509
617 350 1083817534
753 644 1083817540
583 72 1083817542
753 131 1083817556
103 617 1083817578
753 567 1083817598
605 617 1083817633
753 74 1083817823
632 402 1083817877
474 642 1083817908
299 462 1083817983
72 583 1083818022
9 177 1083818176
758 643 1083818230
758 741 1083818253
583 72 1083818278
248 374 1083818367
392 514 1083818574
72 583 1083818681
9 697 1083818746
9 409 1083818834
626 738 1083819415
38 502 1083819591
525 211 1083819602
38 343 1083819728
29 657 1083819736
758 626 1083819804
48 683 1083820088
681 711 1083820157
681 758 1083820207
48 753 1083820243
372 495 1083820266
48 753 1083820272
103 758 1083820341
429 400 1083820471
429 481 1083820521
725 474 1083820600
372 711 1083820638
644 753 1083820649
372 639 1083820693
103 711 1083820709
368 401 1083820736
639 372 1083820797
372 536 1083820806
372 639 1083820837
372 429 1083820952
372 569 1083821113
372 569 1083821125
539 765 1083821145
639 372 1083821145
392 372 1083821158
739 392 1083821396
539 765 1083821435
249 474 1083821444
569 372 1083821496
372 639 1083821528
372 392 1083821539
683 48 1083821575
372 569 1083821599
254 30 1083821841
603 283 1083821933
569 372 1083821972
48 683 1083821980
372 758 1083822060
372 766 1083822184
372 569 1083822284
758 372 1083822309
758 103 1083822324
766 372 1083822404
372 569 1083822412
249 474 1083822463
249 474 1083822464
639 372 1083822495
372 758 1083822497
372 766 1083822525
372 639 1083822563
767 766 1083822769
758 372 1083822769
642 474 1083822803
297 272 1083822845
474 642 1083822860
642 758 1083822864
642 474 1083822880
474 642 1083822933
462 299 1083822943
642 474 1083822988
474 642 1083823092
758 642 1083823092
758 642 1083823105
642 758 1083823163
642 758 1083823187
74 753 1083823215
569 372 1083823222
679 62 1083823281
766 372 1083823326
642 735 1083823394
642 721 1083823415
517 96 1083823428
626 758 1083823502
74 758 1083823540
683 48 1083823605
193 538 1083823731
758 74 1083823816
758 626 1083823830
758 642 1083823863
679 474 1083823879
538 193 1083823905
48 683 1083823931
679 474 1083823935
193 538 1083824012
595 172 1083824014
263 495 1083824070
538 193 1083824121
679 474 1083824192
193 538 1083824242
172 595 1083824256
74 758 1083824264
263 317 1083824268
263 337 1083824285
263 272 1083824305
479 758 1083824309
263 308 1083824319
263 281 1083824330
263 332 1083824372
595 172 1083824418
758 479 1083824431
683 48 1083824462
595 321 1083824473
479 758 1083824495
538 193 1083824542
538 193 1083824601
626 758 1083824800
72 768 1083824922
193 538 1083824937
199 72 1083825001
448 711 1083825030
704 758 1083825230
536 372 1083825253
509 616 1083825271
509 454 1083825297
509 272 1083825340
509 316 1083825378
479 474 1083825384
272 509 1083825445
509 306 1083825452
474 479 1083825455
509 272 1083825476
704 393 1083825512
592 74 1083825518
479 474 1083825543
592 350 1083825560
592 622 1083825617
41 769 1083825623
72 199 1083825639
474 479 1083825640
704 297 1083825708
509 592 1083825756
592 509 1083825826
704 96 1083825844
509 364 1083825878
768 564 1083825887
739 540 1083825906
509 592 1083825911
323 642 1083825945
509 140 1083826075
758 626 1083826120
509 758 1083826123
758 479 1083826138
319 338 1083826224
728 323 1083826226
27 278 1083826234
679 72 1083826246
762 627 1083828185
738 626 1083828298
767 766 1083828306
762 758 1083828312
758 762 1083828362
38 592 1083828395
481 429 1083828459
704 758 1083828463
19 711 1083828486
733 758 1083828494
642 758 1083828516
679 72 1083828517
639 509 1083828520
642 323 1083828537
233 732 1083828549
733 297 1083828551
681 762 1083828563
654 738 1083828604
733 639 1083828637
449 132 1083828661
733 454 1083828668
605 272 1083828721
308 769 1083828747
449 289 1083828757
741 758 1083828820
741 474 1083828907
586 758 1083828946
307 317 1083828958
758 741 1083828965
479 758 1083828977
74 592 1083828984
704 766 1083829023
193 233 1083829064
492 598 1083829079
733 758 1083829091
758 479 1083829099
741 758 1083829124
770 454 1083829167
758 741 1083829203
74 73 1083829230
402 632 1083829249
758 741 1083829258
645 325 1083829258
605 317 1083829295
697 741 1083829300
768 72 1083829332
758 762 1083829333
193 595 1083829341
762 758 1083829377
325 645 1083829398
95 654 1083829427
72 768 1083829448
719 154 1083829515
719 154 1083829521
719 154 1083829542
768 214 1083829574
509 454 1083829600
758 762 1083829627
551 592 1083829636
357 753 1083829660
770 297 1083829694
768 72 1083829739
596 317 1083829744
34 396 1083829772
99 654 1083829778
768 72 1083829788
654 99 1083829842
401 368 1083829861
8 771 1083829907
654 95 1083829926
741 758 1083829930
401 639 1083829946
254 697 1083829950
514 617 1083829952
72 768 1083829953
727 389 1083829954
754 583 1083829973
697 741 1083829975
514 392 1083829989
679 72 1083829998
679 102 1083830017
74 765 1083830067
697 741 1083830072
605 341 1083830115
758 741 1083830122
307 317 1083830132
72 768 1083830149
654 95 1083830158
73 753 1083830165
679 102 1083830170
697 741 1083830210
352 97 1083830213
741 758 1083830241
654 34 1083830245
307 642 1083830273
753 73 1083830277
509 389 1083830315
697 741 1083830324
400 286 1083830327
509 454 1083830379
697 741 1083830417
73 753 1083830437
753 74 1083830442
758 741 1083830448
307 642 1083830471
753 73 1083830480
357 758 1083830508
621 772 1083830521
73 389 1083830535
697 741 1083830551
747 761 1083830561
389 482 1083830569
617 514 1083830582
773 401 1083830603
719 712 1083830616
741 758 1083830629
307 642 1083830633
389 236 1083830633
73 753 1083830645
278 27 1083830664
389 727 1083830668
389 73 1083830694
400 617 1083830725
753 73 1083830749
263 762 1083830789
392 514 1083830805
758 741 1083830808
768 774 1083830870
102 758 1083830888
73 753 1083830889
400 474 1083830897
741 758 1083830911
758 102 1083830927
642 774 1083830938
697 741 1083830983
97 352 1083830992
753 73 1083831003
774 642 1083831020
753 73 1083831023
758 741 1083831029
357 758 1083831039
768 774 1083831048
739 302 1083831054
642 774 1083831080
41 719 1083831081
768 774 1083831094
592 74 1083831139
741 758 1083831160
254 352 1083831163
357 758 1083831203
495 263 1083831274
774 642 1083831323
372 758 1083831325
372 392 1083831341
774 775 1083831348
605 511 1083831352
276 711 1083831356
479 753 1083831363
626 738 1083831372
741 758 1083831377
642 673 1083831381
771 8 1083831389
479 712 1083831392
372 569 1083831397
758 741 1083831411
400 396 1083831414
372 766 1083831417
642 774 1083831420
372 536 1083831442
768 774 1083831442
711 276 1083831444
776 401 1083831447
372 392 1083831452
753 479 1083831453
73 753 1083831455
761 747 1083831468
758 741 1083831493
605 400 1083831500
357 758 1083831520
758 372 1083831532
774 642 1083831565
754 583 1083831571
776 773 1083831573
95 592 1083831599
605 272 1083831606
372 389 1083831616
277 777 1083831629
642 774 1083831663
372 761 1083831690
492 774 1083831692
357 758 1083831696
592 95 1083831698
753 73 1083831731
184 389 1083831732
592 95 1083831739
492 712 1083831743
754 583 1083831762
605 400 1083831772
754 778 1083831783
779 607 1083831795
704 393 1083831807
73 753 1083831825
681 52 1083831827
357 758 1083831837
492 774 1083831844
400 607 1083831871
739 778 1083831883
673 642 1083831899
220 479 1083831912
753 73 1083831943
679 72 1083831947
642 673 1083831948
592 306 1083831949
762 263 1083831952
774 642 1083831957
73 753 1083832014
605 644 1083832019
569 372 1083832043
642 774 1083832051
607 400 1083832052
492 774 1083832068
474 741 1083832095
762 626 1083832111
400 758 1083832123
605 400 1083832128
357 758 1083832152
762 48 1083832160
474 400 1083832168
586 774 1083832169
48 683 1083832178
492 774 1083832193
492 774 1083832214
592 285 1083832215
48 762 1083832216
400 607 1083832220
642 367 1083832237
372 73 1083832352
367 642 1083832353
753 73 1083832357
34 592 1083832360
400 474 1083832368
758 400 1083832373
372 758 1083832385
8 771 1083832390
95 592 1083832394
372 569 1083832410
73 753 1083832411
586 768 1083832420
605 644 1083832428
492 774 1083832430
592 34 1083832441
607 400 1083832443
372 569 1083832450
73 372 1083832453
762 562 1083832460
69 727 1083832466
103 617 1083832482
642 367 1083832489
474 400 1083832509
592 95 1083832510
728 323 1083832515
586 774 1083832536
679 72 1083832545
605 400 1083832585
728 762 1083832590
761 388 1083832592
367 642 1083832593
555 762 1083832596
34 592 1083832598
400 607 1083832622
95 592 1083832625
780 41 1083832654
212 741 1083832658
592 34 1083832668
388 761 1083832670
536 372 1083832674
181 495 1083832675
34 761 1083832681
276 711 1083832703
590 626 1083832703
780 769 1083832733
761 388 1083832737
597 211 1083832762
761 34 1083832791
34 592 1083832792
761 372 1083832804
34 761 1083832815
762 142 1083832821
41 780 1083832847
388 761 1083832851
181 454 1083832854
780 41 1083832881
316 509 1083832891
41 780 1083832892
642 781 1083832896
780 41 1083832907
41 780 1083832922
562 762 1083832924
592 95 1083832926
780 41 1083832963
398 782 1083832972
400 474 1083832982
642 90 1083832984
592 34 1083832995
41 780 1083833008
454 509 1083833021
400 392 1083833037
780 41 1083833040
770 454 1083833046
41 783 1083833060
728 607 1083833078
41 780 1083833086
263 495 1083833093
679 72 1083833097
605 272 1083833125
646 638 1083833133
103 592 1083833163
364 509 1083833181
642 781 1083833181
90 642 1083833183
780 41 1083833191
642 90 1083833206
454 181 1083833208
592 103 1083833212
103 774 1083833230
41 780 1083833230
263 762 1083833257
161 617 1083833265
95 592 1083833295
697 482 1083833304
758 372 1083833318
605 644 1083833331
103 592 1083833343
634 657 1083833352
780 41 1083833371
41 780 1083833387
762 263 1083833406
753 400 1083833450
770 454 1083833454
642 475 1083833464
534 67 1083833494
728 607 1083833496
679 72 1083833499
400 784 1083833549
400 783 1083833593
103 534 1083833598
686 263 1083833599
569 372 1083833600
400 783 1083833602
429 372 1083833604
711 276 1083833617
753 646 1083833619
785 786 1083833622
400 776 1083833634
586 774 1083833695
783 400 1083833703
400 774 1083833715
372 536 1083833727
766 372 1083833763
99 654 1083833769
286 400 1083833780
592 95 1083833797
181 454 1083833800
392 400 1083833814
372 761 1083833833
309 626 1083833840
642 781 1083833859
306 592 1083833862
400 286 1083833875
463 687 1083833905
372 758 1083833910
212 760 1083833939
128 372 1083833950
463 74 1083833951
263 762 1083833952
586 454 1083833970
386 514 1083833977
463 73 1083833985
463 252 1083834022
372 569 1083834024
733 783 1083834041
642 766 1083834046
372 429 1083834050
372 766 1083834072
786 783 1083834111
741 212 1083834121
372 766 1083834122
774 400 1083834131
306 783 1083834164
753 758 1083834170
204 181 1083834172
681 562 1083834183
95 592 1083834186
27 278 1083834209
204 479 1083834210
372 128 1083834211
592 103 1083834223
562 440 1083834234
103 592 1083834262
286 400 1083834265
681 562 1083834294
161 162 1083834294
638 646 1083834299
741 474 1083834318
479 90 1083834340
638 242 1083834341
638 95 1083834383
679 72 1083834385
728 758 1083834409
638 520 1083834410
704 617 1083834415
569 372 1083834429
771 224 1083834437
38 592 1083834456
644 154 1083834464
479 90 1083834477
498 598 1083834530
481 396 1083834531
372 569 1083834564
323 642 1083834627
278 27 1083834676
783 306 1083834717
323 400 1083834736
733 783 1083834760
753 323 1083834764
323 367 1083834789
733 783 1083834802
753 323 1083834842
350 592 1083834853
513 762 1083834884
400 323 1083834927
350 617 1083834930
787 404 1083834930
367 323 1083834948
63 193 1083834984
787 122 1083834992
787 122 1083834996
787 122 1083834999
242 638 1083835007
498 649 1083835026
323 400 1083835030
762 513 1083835031
753 309 1083835037
753 323 1083835062
686 263 1083835066
323 367 1083835066
355 102 1083835071
479 711 1083835073
513 762 1083835086
479 638 1083835091
102 355 1083835105
289 449 1083835107
400 323 1083835116
355 102 1083835132
711 479 1083835135
704 788 1083835142
753 323 1083835153
323 400 1083835156
624 658 1083835170
479 711 1083835187
367 323 1083835192
753 309 1083835193
642 323 1083835199
569 372 1083835205
728 323 1083835214
631 437 1083835217
323 400 1083835227
400 323 1083835241
355 102 1083835257
753 309 1083835258
787 106 1083835268
686 263 1083835274
659 660 1083835282
728 788 1083835289
323 367 1083835295
753 309 1083835317
753 309 1083835329
323 642 1083835333
711 479 1083835360
634 768 1083835363
687 463 1083835367
102 355 1083835368
660 659 1083835385
128 372 1083835387
789 371 1083835389
498 495 1083835401
367 323 1083835418
701 771 1083835425
642 323 1083835426
728 323 1083835431
479 711 1083835437
400 323 1083835452
728 788 1083835458
704 788 1083835462
323 400 1083835464
711 479 1083835469
753 309 1083835479
343 386 1083835503
323 367 1083835510
686 782 1083835516
681 788 1083835532
728 788 1083835541
343 317 1083835545
681 788 1083835553
479 711 1083835602
323 642 1083835606
704 788 1083835625
367 323 1083835650
400 428 1083835673
481 233 1083835685
728 788 1083835689
323 400 1083835690
68 3 1083835711
642 652 1083835725
355 102 1083835728
728 323 1083835732
323 367 1083835732
68 323 1083835754
711 479 1083835762
27 278 1083835763
400 323 1083835784
343 755 1083835788
495 181 1083835807
309 765 1083835812
642 323 1083835828
652 642 1083835846
523 490 1083835859
679 787 1083835859
479 711 1083835859
687 479 1083835860
323 68 1083835863
649 498 1083835868
728 323 1083835892
323 400 1083835894
701 644 1083835903
733 626 1083835909
761 372 1083835912
728 788 1083835913
711 479 1083835918
323 642 1083835930
649 337 1083835931
323 728 1083835959
761 34 1083835963
367 323 1083835973
479 711 1083835974
479 687 1083835983
652 598 1083836012
728 323 1083836016
278 27 1083836039
642 652 1083836043
711 479 1083836057
68 323 1083836061
598 652 1083836064
642 323 1083836069
681 788 1083836090
598 652 1083836091
713 372 1083836094
753 758 1083836103
758 728 1083836107
294 372 1083836115
652 642 1083836116
343 438 1083836128
753 758 1083836128
681 788 1083836129
761 388 1083836138
753 758 1083836145
9 711 1083836146
523 41 1083836152
323 367 1083836155
605 289 1083836157
701 224 1083836158
523 51 1083836163
90 479 1083836170
642 652 1083836177
523 325 1083836179
128 629 1083836186
479 711 1083836190
652 598 1083836190
289 598 1083836191
523 496 1083836192
713 252 1083836194
323 728 1083836200
728 758 1083836217
263 588 1083836220
625 437 1083836221
788 728 1083836221
323 68 1083836230
728 323 1083836232
90 479 1083836233
9 683 1083836234
323 642 1083836245
711 479 1083836248
316 355 1083836248
9 409 1083836259
323 728 1083836269
9 569 1083836282
479 90 1083836282
68 323 1083836294
652 642 1083836305
642 323 1083836310
704 776 1083836310
753 758 1083836329
479 90 1083836332
728 323 1083836347
323 68 1083836355
753 323 1083836380
753 323 1083836385
681 788 1083836389
323 642 1083836399
191 365 1083836424
90 479 1083836428
323 728 1083836429
68 323 1083836435
642 652 1083836454
624 97 1083836465
323 68 1083836475
660 659 1083836480
753 323 1083836485
479 711 1083836486
758 728 1083836503
605 289 1083836510
220 479 1083836516
701 121 1083836535
277 498 1083836536
711 479 1083836544
701 351 1083836545
542 783 1083836549
542 783 1083836555
646 753 1083836556
701 771 1083836558
652 642 1083836574
753 758 1083836575
27 278 1083836579
753 758 1083836590
728 758 1083836593
323 642 1083836607
753 646 1083836607
728 758 1083836620
733 783 1083836626
479 90 1083836627
323 728 1083836641
642 652 1083836644
389 372 1083836655
783 542 1083836674
389 184 1083836675
479 220 1083836675
605 289 1083836690
204 404 1083836714
758 728 1083836731
542 659 1083836732
790 343 1083836736
542 659 1083836737
479 711 1083836755
646 638 1083836756
758 728 1083836776
90 479 1083836808
542 788 1083836823
407 425 1083836832
598 289 1083836834
758 728 1083836874
286 339 1083836877
711 479 1083836893
758 728 1083836895
542 783 1083836957
652 659 1083836990
733 286 1083836993
753 758 1083836994
212 439 1083836997
588 263 1083837002
343 790 1083837015
646 753 1083837031
788 542 1083837059
652 534 1083837068
128 542 1083837126
790 343 1083837139
53 642 1083837156
762 788 1083837226
791 523 1083837266
323 367 1083837293
788 728 1083837318
755 343 1083837323
739 755 1083837400
542 788 1083837424
753 646 1083837427
679 62 1083837444
739 317 1083837460
250 8 1083837472
638 646 1083837478
482 588 1083837491
638 646 1083837499
294 250 1083837506
638 479 1083837513
788 542 1083837516
681 788 1083837525
542 128 1083837533
681 788 1083837537
638 242 1083837544
728 788 1083837576
367 323 1083837577
788 681 1083837580
250 502 1083837582
788 728 1083837603
371 789 1083837617
323 367 1083837637
542 788 1083837654
479 90 1083837657
679 792 1083837725
788 542 1083837725
681 788 1083837737
502 250 1083837757
479 711 1083837760
367 323 1083837792
646 753 1083837801
250 502 1083837853
294 250 1083837869
646 758 1083837869
638 479 1083837874
495 263 1083837893
642 711 1083837903
761 482 1083837913
495 498 1083837971
642 652 1083837983
711 479 1083838027
482 761 1083838031
753 646 1083838040
431 299 1083838041
53 642 1083838050
652 642 1083838061
263 588 1083838069
761 482 1083838070
711 642 1083838079
761 482 1083838085
638 646 1083838086
758 646 1083838101
483 583 1083838101
294 250 1083838160
479 711 1083838160
560 638 1083838161
483 782 1083838164
788 681 1083838186
323 367 1083838193
365 191 1083838217
642 652 1083838217
646 758 1083838228
502 250 1083838232
482 761 1083838246
646 753 1083838261
532 536 1083838263
788 728 1083838284
758 646 1083838288
652 642 1083838296
250 502 1083838300
642 711 1083838308
681 788 1083838309
642 652 1083838322
761 482 1083838330
761 482 1083838348
642 784 1083838368
482 761 1083838382
783 542 1083838386
502 250 1083838434
753 646 1083838436
733 626 1083838438
761 482 1083838441
711 479 1083838517
479 659 1083838524
588 263 1083838530
758 646 1083838531
482 761 1083838548
711 642 1083838555
646 753 1083838555
523 791 1083838569
479 711 1083838596
646 758 1083838598
250 502 1083838627
753 646 1083838628
522 598 1083838630
599 534 1083838639
642 711 1083838642
758 646 1083838643
733 784 1083838666
686 782 1083838676
502 250 1083838705
532 364 1083838713
646 753 1083838743
711 642 1083838749
9 788 1083838759
753 646 1083838768
479 788 1083838778
642 711 1083838796
212 741 1083838797
325 523 1083838801
250 407 1083838826
646 758 1083838833
9 753 1083838835
733 128 1083838850
646 753 1083838855
250 502 1083838862
761 482 1083838872
638 646 1083838872
425 407 1083838876
733 407 1083838883
9 142 1083838890
502 250 1083838923
259 532 1083838928
758 646 1083838932
758 646 1083838960
733 783 1083838965
9 142 1083838982
479 432 1083839032
733 101 1083839042
646 758 1083839056
733 101 1083839069
733 502 1083839095
711 642 1083839101
53 642 1083839175
250 502 1083839185
733 783 1083839229
460 289 1083839235
502 250 1083839293
733 783 1083839304
758 646 1083839312
542 460 1083839332
479 711 1083839335
642 711 1083839337
250 502 1083839360
733 616 1083839371
733 128 1083839385
542 548 1083839391
502 250 1083839417
733 460 1083839426
548 542 1083839456
53 642 1083839478
788 681 1083839491
542 548 1083839533
38 460 1083839544
542 325 1083839555
250 502 1083839559
726 638 1083839572
38 783 1083839574
788 479 1083839581
263 308 1083839603
437 625 1083839604
479 788 1083839658
733 437 1083839688
758 646 1083839709
542 97 1083839756
681 788 1083839769
548 542 1083839774
542 548 1083839807
646 758 1083839810
711 479 1083839817
308 263 1083839818
711 642 1083839843
479 711 1083839909
548 542 1083839917
788 479 1083839953
646 758 1083839969
642 711 1083840093
638 646 1083840100
334 437 1083840118
711 479 1083840155
689 626 1083840173
793 405 1083840174
689 474 1083840182
562 762 1083840359
687 128 1083840412
687 97 1083840470
562 590 1083840472
263 308 1083840476
439 212 1083840486
368 401 1083840557
687 616 1083840578
681 788 1083840642
498 495 1083840662
793 353 1083840677
687 41 1083840706
687 263 1083840758
687 283 1083840796
181 495 1083840846
325 542 1083840875
687 480 1083841191
782 483 1083841208
321 299 1083841234
263 687 1083841238
194 99 1083841254
321 595 1083841255
128 542 1083841300
321 595 1083841329
128 687 1083841380
542 128 1083841402
754 583 1083841418
583 754 1083841487
321 626 1083841551
321 616 1083841618
475 642 1083841640
683 48 1083841644
128 542 1083841646
321 783 1083841656
721 642 1083841688
542 128 1083841761
48 683 1083841763
321 754 1083841769
321 721 1083841809
721 400 1083841819
321 242 1083841845
721 321 1083841872
754 321 1083841895
321 721 1083841906
242 321 1083841917
128 542 1083841921
590 626 1083841940
321 754 1083841949
721 782 1083841964
321 242 1083841981
721 321 1083841986
754 321 1083842000
321 721 1083842036
236 128 1083842043
321 754 1083842064
607 728 1083842069
321 607 1083842100
212 48 1083842108
542 128 1083842138
48 212 1083842147
616 623 1083842155
625 437 1083842166
783 321 1083842181
128 236 1083842185
212 48 1083842218
128 542 1083842222
754 321 1083842250
721 48 1083842271
495 498 1083842308
48 721 1083842308
555 754 1083842321
236 128 1083842333
321 783 1083842345
683 48 1083842350
321 754 1083842365
242 321 1083842387
212 439 1083842398
495 181 1083842403
721 48 1083842408
321 242 1083842424
542 128 1083842470
625 662 1083842519
616 794 1083842555
242 321 1083842568
252 616 1083842579
48 683 1083842587
754 607 1083842605
48 721 1083842625
713 542 1083842635
191 365 1083842648
794 616 1083842661
616 687 1083842674
713 632 1083842773
683 48 1083842781
686 782 1083842796
713 339 1083842805
128 542 1083842818
686 321 1083842819
642 721 1083842825
638 687 1083842849
542 128 1083843010
683 194 1083843022
48 683 1083843032
546 542 1083843074
721 48 1083843108
437 625 1083843120
48 721 1083843288
128 542 1083843300
713 482 1083843300
194 683 1083843310
683 48 1083843365
721 48 1083843424
683 194 1083843436
713 359 1083843456
683 297 1083843460
683 400 1083843496
407 250 1083843510
479 8 1083843517
683 103 1083843530
407 425 1083843535
713 172 1083843599
48 683 1083843611
542 128 1083843655
713 363 1083843707
683 48 1083843800
713 124 1083843852
625 437 1083843862
48 683 1083843916
546 542 1083843970
713 462 1083843985
683 48 1083844002
128 542 1083844035
48 721 1083844039
364 532 1083844247
48 721 1083844256
263 495 1083844327
181 495 1083844394
713 102 1083844459
194 683 1083844567
713 242 1083844587
616 252 1083844830
542 128 1083845114
128 542 1083845124
128 542 1083845136
782 721 1083845508
540 739 1083845972
625 775 1083847184
625 534 1083847247
639 401 1083847569
639 687 1083847617
731 314 1083848079
712 719 1083849911
712 753 1083850644
536 372 1083853990
536 532 1083854006
