1190 1488 1090170022
1644 1754 1090180057
1647 878 1090180971
1647 724 1090180997
144 12 1090185629
144 9 1090185689
847 561 1090186527
561 431 1090187426
561 95 1090188027
561 847 1090188097
561 1713 1090188674
673 1253 1090189314
1755 642 1090192514
1406 495 1090193653
1713 561 1090194633
1724 1543 1090195896
1409 443 1090198112
1409 167 1090198164
878 1647 1090198633
189 483 1090198786
483 189 1090199804
1667 654 1090205420
1346 1314 1090208266
495 1406 1090209725
1655 48 1090211305
1655 719 1090212904
474 1285 1090214666
1285 474 1090214766
1285 1312 1090214901
474 1285 1090214937
1285 474 1090214997
621 924 1090215170
621 1647 1090215564
621 924 1090216108
474 1285 1090216137
1748 1406 1090217114
1748 799 1090217301
429 191 1090219347
847 561 1090219584
431 561 1090221240
431 1316 1090221307
1316 431 1090221414
1072 1158 1090223145
431 1316 1090226942
1632 1039 1090226946
3 144 1090245592
