713 372 1086968024
1313 1403 1086969225
1313 9 1086969330
32 1682 1086970742
32 1683 1086970780
32 1580 1086970963
32 1642 1086971026
176 1565 1086971093
1608 1647 1086971379
41 1029 1086972064
1343 281 1086972632
281 1343 1086972889
1113 1343 1086973134
536 193 1086973170
1343 281 1086973630
1343 1113 1086973753
1281 516 1086973966
1677 1585 1086974021
1677 1290 1086974343
1113 1343 1086974435
1313 507 1086974840
281 1343 1086977408
1647 621 1086978317
1647 193 1086978423
1647 1608 1086978440
1253 1343 1086980799
322 1021 1086981025
1676 1580 1086981490
537 777 1086982517
1667 1684 1086982733
1624 1093 1086986188
777 537 1086986760
779 1308 1086987047
1346 1314 1086987516
1314 1346 1086987722
1332 495 1086989086
1253 1272 1086989441
1443 547 1086989819
667 1130 1086989907
277 778 1086990159
537 777 1086990919
1562 1342 1086991172
1673 161 1086991666
1522 1580 1086991825
1359 1255 1086991911
337 317 1086993017
1487 42 1086994996
1308 779 1086995164
1652 1514 1086995704
615 616 1086998643
1021 322 1086998714
367 337 1086998936
516 453 1086999356
544 342 1086999432
708 281 1086999920
620 679 1087002466
605 620 1087002772
250 713 1087003583
250 1665 1087003676
679 620 1087003891
474 1679 1087004530
1608 1647 1087004846
1608 799 1087004926
1254 1234 1087005206
799 1608 1087005210
1608 799 1087005248
1231 1667 1087005276
799 1608 1087005513
1608 799 1087005546
1255 1359 1087007488
1500 144 1087007576
250 1255 1087007773
250 1255 1087007784
700 822 1087008582
249 1021 1087009722
620 679 1087011398
679 620 1087011670
621 1647 1087012949
1255 1231 1087013501
1231 1255 1087013528
1255 1231 1087013562
1253 1685 1087013764
1253 1685 1087013796
1383 1542 1087014990
193 1647 1087015499
1021 249 1087016171
1545 1580 1087016632
620 679 1087016837
1545 1580 1087016942
620 605 1087016943
193 536 1087017631
768 72 1087017817
768 924 1087018430
454 1668 1087018881
32 1021 1087018988
536 193 1087019472
1021 32 1087019599
392 72 1087019831
1601 1383 1087020116
1624 337 1087020425
1343 1113 1087020695
1383 1601 1087020811
1343 281 1087020900
1542 1383 1087020943
1383 1542 1087021003
1343 1253 1087021086
1601 1383 1087021168
1343 1406 1087021226
322 1021 1087021355
706 800 1087021387
1383 1601 1087021445
1601 1383 1087021701
1383 1601 1087022069
1601 1383 1087022123
777 537 1087023032
727 475 1087023067
393 346 1087023241
193 536 1087023463
1601 862 1087023524
193 1343 1087023546
276 1343 1087023686
1686 393 1087024185
687 277 1087024185
536 193 1087024902
1343 193 1087025257
193 1343 1087025303
1343 276 1087025782
1343 193 1087025895
481 1648 1087025923
193 1343 1087026171
1343 193 1087026376
172 840 1087026378
172 495 1087026536
1520 919 1087027226
172 1603 1087027253
1520 912 1087027442
337 367 1087027568
1520 1513 1087027584
337 1624 1087027630
1520 716 1087027692
193 1343 1087027780
884 713 1087028251
799 1475 1087029660
1314 1346 1087030533
1522 537 1087030557
1346 1314 1087030902
728 1573 1087032188
1189 1489 1087032210
1189 128 1087032295
878 1189 1087032470
1189 878 1087032690
1189 543 1087032742
1189 1665 1087032768
1189 1554 1087033110
1447 1500 1087033166
249 1021 1087034583
933 1687 1087035147
1514 919 1087035417
1021 322 1087036061
1021 249 1087036163
128 1189 1087036381
1688 1005 1087038335
1688 389 1087038475
1688 1189 1087038690
1 3 1087038707
1688 277 1087038800
1253 272 1087038842
1253 1688 1087039293
1253 50 1087039563
1676 1580 1087039767
1253 1408 1087039946
1029 41 1087043793
1029 1237 1087043884
