638 41 1084806566
938 87 1084807040
342 638 1084807485
199 1060 1084807665
430 32 1084807712
821 475 1084807717
67 1034 1084807929
430 63 1084808433
128 573 1084808859
367 88 1084809643
509 306 1084809700
509 454 1084809827
509 583 1084809897
600 309 1084811397
626 738 1084811467
509 1117 1084811512
600 632 1084811534
600 927 1084811590
704 822 1084811590
509 975 1084811683
509 1111 1084811876
509 1103 1084811964
296 172 1084812130
536 372 1084813582
536 884 1084813633
342 638 1084814156
1113 536 1084814861
41 599 1084814877
1107 260 1084815240
32 638 1084815282
543 418 1084815604
32 546 1084815634
67 607 1084815824
67 901 1084815946
67 928 1084815997
1113 536 1084816027
32 1042 1084816162
1069 542 1084816241
1069 559 1084816315
1069 559 1084816353
1113 536 1084816641
3 371 1084816688
3 498 1084816713
3 590 1084816763
1042 337 1084816893
1042 32 1084816976
1042 32 1084816994
1119 1026 1084817000
1042 32 1084817131
1042 32 1084817278
1042 32 1084817296
738 626 1084817610
1042 32 1084817676
105 1068 1084817764
63 847 1084818039
712 1042 1084818114
1042 32 1084818150
1042 712 1084818213
402 762 1084818215
405 950 1084818421
405 250 1084818469
405 777 1084818512
1069 308 1084818611
598 542 1084818634
439 212 1084818704
1042 712 1084818927
388 638 1084820039
652 283 1084820270
1120 545 1084820662
483 583 1084820768
1120 545 1084820904
1026 252 1084821108
495 1049 1084821207
425 765 1084821208
626 738 1084821326
495 884 1084821575
495 498 1084821615
1054 277 1084821705
445 614 1084821844
495 542 1084821873
777 405 1084822061
984 753 1084822121
765 425 1084822189
787 720 1084822401
605 73 1084822454
720 787 1084823003
990 513 1084823114
317 679 1084823143
3 498 1084823236
9 32 1084823313
69 1034 1084823515
233 193 1084823566
551 1019 1084823775
498 495 1084823790
317 1111 1084823802
583 283 1084823855
1069 308 1084824089
143 201 1084824124
143 762 1084824137
1045 72 1084824210
1045 72 1084824288
1119 1026 1084824399
337 1042 1084824531
342 544 1084824638
834 142 1084824747
834 1024 1084824766
342 598 1084824891
296 199 1084825148
296 445 1084825165
1103 640 1084825189
296 295 1084825199
950 405 1084825226
297 263 1084825436
277 1054 1084825602
296 544 1084825644
296 544 1084825656
296 516 1084825685
36 1033 1084825815
36 189 1084825958
1021 1104 1084826234
9 282 1084826666
1117 1023 1084826778
9 282 1084826832
9 32 1084826848
224 175 1084826973
250 405 1084826981
9 282 1084827029
9 282 1084827035
67 928 1084827591
644 97 1084827626
97 644 1084827649
97 644 1084827690
1069 317 1084827799
9 32 1084827840
9 282 1084827851
9 32 1084827857
9 32 1084827870
9 32 1084827881
1023 1117 1084827946
615 277 1084827976
9 282 1084827984
1023 277 1084828010
644 97 1084828267
1023 277 1084828267
1023 277 1084828282
9 282 1084828283
142 1121 1084828289
142 1121 1084828346
142 1121 1084828443
1121 142 1084828449
1121 142 1084828481
142 1121 1084828585
545 1047 1084828760
9 282 1084828851
9 142 1084828858
9 282 1084829055
306 1117 1084829183
32 683 1084829275
306 1122 1084829295
683 32 1084829314
32 683 1084829337
9 282 1084829391
683 32 1084829406
357 988 1084829441
32 683 1084829500
683 32 1084829691
252 97 1084829713
9 282 1084829719
683 32 1084829734
445 296 1084829750
32 683 1084829799
32 683 1084829814
683 32 1084829845
683 32 1084829861
9 282 1084829898
32 683 1084829929
546 32 1084829934
32 546 1084829967
9 683 1084830014
9 683 1084830028
9 282 1084830089
296 445 1084830102
683 32 1084830154
546 32 1084830234
9 683 1084830236
9 282 1084830258
32 683 1084830267
32 546 1084830316
252 1026 1084830341
683 32 1084830347
32 317 1084830359
32 683 1084830442
32 317 1084830462
87 502 1084830505
683 32 1084830600
32 683 1084830648
87 654 1084830659
149 679 1084830723
1117 306 1084830800
1117 1023 1084830928
683 32 1084831196
654 87 1084831224
325 532 1084831323
1118 560 1084831415
560 1118 1084831603
32 644 1084831620
1118 560 1084831671
32 598 1084831746
1123 1036 1084831746
560 63 1084831800
560 1118 1084831864
1118 560 1084831904
373 638 1084832041
598 523 1084832119
317 333 1084832142
1113 309 1084832187
560 598 1084832264
980 598 1084832280
679 149 1084832455
305 475 1084832609
1113 309 1084832630
980 638 1084832782
1113 536 1084832795
1113 309 1084832824
781 755 1084832836
323 1124 1084832917
323 1036 1084832953
598 980 1084832966
598 560 1084832980
323 68 1084832983
598 32 1084832988
1113 609 1084832991
598 342 1084832998
309 1125 1084833008
1113 309 1084833019
598 878 1084833096
598 1071 1084833113
598 250 1084833221
598 1070 1084833263
704 822 1084833347
598 325 1084833349
101 198 1084833515
26 679 1084833549
72 1045 1084833550
1113 309 1084834198
1124 72 1084834215
325 598 1084834219
1113 536 1084834245
19 527 1084834272
1004 194 1084834340
595 308 1084834403
560 598 1084834434
72 1124 1084834453
679 26 1084834517
204 1070 1084834597
9 788 1084834597
9 1121 1084834612
204 777 1084834684
204 250 1084834703
1039 72 1084834975
1026 252 1084834985
377 1117 1084835198
325 1049 1084835224
72 1039 1084835242
1113 536 1084835277
377 814 1084835305
193 658 1084835550
1039 72 1084835576
377 755 1084835585
523 598 1084835603
377 755 1084835609
704 822 1084835707
252 1026 1084835763
1113 536 1084835808
325 1072 1084835830
323 1124 1084835976
1126 289 1084836018
1113 536 1084836060
73 652 1084836165
1126 289 1084836204
1113 536 1084836257
73 605 1084836263
853 1034 1084836400
72 1039 1084836452
474 42 1084836497
474 834 1084836557
1034 853 1084836563
1113 536 1084836617
1042 337 1084836634
1113 536 1084836815
337 1042 1084836860
986 781 1084836915
1042 337 1084836932
986 175 1084836995
249 288 1084837237
938 67 1084837327
1039 72 1084837349
249 288 1084837460
72 1039 1084837844
9 252 1084837857
32 281 1084838015
316 726 1084838042
281 32 1084838055
32 281 1084838134
281 32 1084838168
1039 72 1084838180
281 32 1084838217
32 281 1084838302
32 281 1084838322
281 32 1084838407
281 32 1084838468
1113 309 1084838559
481 679 1084838656
679 481 1084838728
32 281 1084838787
481 679 1084838831
32 281 1084838894
72 1039 1084838899
679 481 1084838904
302 557 1084838931
481 586 1084838940
481 679 1084839010
586 481 1084839068
679 481 1084839083
525 155 1084839113
103 556 1084839240
67 449 1084839485
36 103 1084839541
36 189 1084839657
1049 325 1084839757
36 1033 1084839875
598 523 1084839940
36 1127 1084840088
250 598 1084840221
36 189 1084840240
67 1103 1084840310
250 1118 1084840351
36 103 1084840354
866 203 1084840461
128 250 1084840488
1118 250 1084840503
250 1118 1084840572
1118 250 1084840665
155 525 1084840744
103 983 1084840820
36 189 1084840903
103 841 1084840950
598 250 1084841052
128 250 1084841090
26 679 1084841098
859 641 1084841225
980 598 1084841255
439 212 1084841343
1023 1117 1084841487
250 1118 1084841553
954 953 1084841567
986 19 1084841642
63 560 1084841660
954 652 1084841685
36 189 1084841703
1128 1034 1084841760
598 980 1084841808
598 560 1084841828
598 325 1084841853
1034 1118 1084841888
598 542 1084841902
36 189 1084841980
687 367 1084842062
302 769 1084842063
250 1068 1084842081
250 954 1084842090
367 687 1084842115
103 1118 1084842132
1118 250 1084842153
1118 1034 1084842182
1118 103 1084842194
103 1118 1084842291
250 1118 1084842309
598 367 1084842324
367 598 1084842504
1072 325 1084842608
834 1118 1084842626
97 644 1084842648
97 252 1084842672
713 342 1084842841
1118 103 1084842951
713 41 1084842973
1118 834 1084842992
609 1056 1084843003
36 189 1084843019
609 836 1084843068
1068 250 1084843090
609 151 1084843093
609 1026 1084843135
1118 308 1084843145
483 679 1084843187
483 42 1084843256
42 1129 1084843264
834 1118 1084843294
36 189 1084843295
44 19 1084843378
42 679 1084843435
483 679 1084843465
483 42 1084843503
679 42 1084843534
189 144 1084843583
42 679 1084843633
679 42 1084843691
103 1118 1084843705
483 679 1084843772
483 42 1084843825
762 402 1084843845
567 544 1084843847
44 189 1084843872
42 640 1084843882
640 42 1084843934
483 679 1084843942
42 483 1084844012
42 640 1084844025
483 42 1084844143
640 42 1084844150
12 569 1084844158
483 679 1084844338
44 189 1084844353
477 526 1084844372
252 97 1084844375
865 63 1084844389
323 68 1084844452
323 367 1084844498
758 762 1084844509
483 679 1084844569
758 681 1084844668
681 758 1084844686
323 367 1084844697
681 758 1084844702
323 88 1084844718
325 1049 1084844764
325 598 1084844791
758 681 1084844818
495 498 1084844850
483 679 1084844885
323 88 1084844900
681 758 1084844933
12 569 1084844941
323 367 1084844945
323 865 1084845006
323 367 1084845020
758 681 1084845028
681 758 1084845069
758 681 1084845169
250 1068 1084845243
323 88 1084845365
969 990 1084845469
68 495 1084845493
323 68 1084845497
437 1033 1084845505
483 679 1084845558
969 549 1084845592
323 68 1084845637
114 250 1084845661
415 1121 1084845687
323 367 1084845702
323 68 1084845724
652 73 1084845731
652 954 1084845760
34 1130 1084845792
323 88 1084845843
323 68 1084845869
1052 626 1084845878
323 367 1084845964
114 250 1084846019
325 1072 1084846062
34 282 1084846070
841 103 1084846103
990 969 1084846176
323 367 1084846199
483 679 1084846215
323 68 1084846218
323 367 1084846348
793 1131 1084846350
498 495 1084846361
679 483 1084846388
323 68 1084846526
598 325 1084846542
483 679 1084846580
704 822 1084846580
793 341 1084846606
793 1131 1084846614
793 950 1084846620
325 598 1084846681
323 367 1084846764
254 598 1084846842
793 1093 1084847047
323 68 1084847084
323 367 1084847213
323 557 1084847275
63 865 1084847277
323 68 1084847312
1072 325 1084847363
323 367 1084847419
762 758 1084847429
1072 878 1084847439
323 557 1084847441
323 367 1084847512
34 288 1084847528
724 523 1084847563
323 68 1084847585
483 34 1084847715
325 1072 1084847745
175 224 1084847753
1072 325 1084847794
377 288 1084847812
865 63 1084847904
323 367 1084847946
1132 325 1084847975
323 557 1084847991
1068 250 1084848038
323 68 1084848043
67 32 1084848050
323 367 1084848054
323 865 1084848071
377 32 1084848150
250 1068 1084848169
325 1072 1084848201
1087 1131 1084848241
1128 1034 1084848246
317 605 1084848345
1132 1093 1084848358
103 841 1084848359
1132 1093 1084848395
1132 325 1084848417
323 865 1084848438
323 68 1084848480
323 250 1084848486
323 557 1084848516
317 605 1084848545
323 250 1084848577
605 317 1084848580
317 605 1084848622
704 1131 1084848748
34 189 1084848751
323 250 1084848849
323 557 1084848865
281 32 1084848870
841 103 1084848917
189 34 1084849013
63 865 1084849052
323 68 1084849197
323 250 1084849217
323 557 1084849307
440 1103 1084849516
288 34 1084849541
1043 97 1084849722
323 250 1084849741
1039 72 1084849745
323 557 1084849781
308 1118 1084849789
323 68 1084849793
19 1133 1084849868
1033 437 1084849899
19 1131 1084849912
823 498 1084849924
19 1130 1084849999
50 1131 1084850020
440 523 1084850025
72 1039 1084850030
483 34 1084850094
483 679 1084850120
308 1118 1084850125
596 605 1084850139
114 250 1084850147
598 573 1084850191
1039 72 1084850214
600 309 1084850236
323 250 1084850264
865 63 1084850280
212 289 1084850280
704 1131 1084850285
308 595 1084850287
323 68 1084850310
323 557 1084850375
34 189 1084850396
114 250 1084850444
19 1131 1084850475
573 598 1084850490
1127 144 1084850492
1131 50 1084850530
1068 250 1084850583
600 980 1084850649
317 992 1084850687
114 250 1084850694
50 1131 1084850700
440 1131 1084850724
317 477 1084850782
991 1094 1084850786
250 1068 1084850851
992 317 1084850855
1131 440 1084850858
72 1039 1084850873
323 557 1084851001
323 68 1084851038
995 42 1084851081
114 250 1084851143
440 1131 1084851182
1131 440 1084851253
323 68 1084851366
323 557 1084851379
1127 449 1084851420
323 68 1084851440
250 1068 1084851452
323 557 1084851539
449 1127 1084851571
114 250 1084851632
1039 72 1084851646
32 281 1084851738
323 557 1084851777
72 1039 1084851789
114 250 1084851880
323 68 1084851891
184 1026 1084851991
440 1131 1084852001
281 32 1084852039
32 281 1084852059
323 557 1084852070
595 308 1084852075
323 68 1084852109
281 32 1084852110
32 281 1084852151
1034 32 1084852161
32 1034 1084852184
1132 32 1084852196
103 841 1084852205
605 32 1084852255
32 605 1084852285
32 605 1084852299
1132 32 1084852314
605 32 1084852333
114 103 1084852353
605 32 1084852372
634 8 1084852412
32 605 1084852414
334 429 1084852415
323 557 1084852430
323 68 1084852436
254 378 1084852475
32 605 1084852477
1132 32 1084852524
605 32 1084852562
605 32 1084852585
1049 325 1084852645
114 250 1084852695
483 679 1084852745
19 1132 1084852752
792 308 1084852782
483 34 1084852802
532 212 1084852807
1129 42 1084852831
687 598 1084852852
19 1132 1084852875
454 509 1084852932
212 532 1084852965
308 792 1084853001
1068 250 1084853011
212 532 1084853046
323 557 1084853085
250 1068 1084853085
598 687 1084853121
542 495 1084853184
212 590 1084853233
532 212 1084853243
991 1094 1084853312
704 605 1084853330
323 557 1084853398
557 926 1084853416
212 439 1084853477
790 735 1084853480
212 532 1084853540
425 765 1084853604
323 557 1084853620
105 1039 1084853712
212 1054 1084853766
105 263 1084853879
105 337 1084853909
1127 449 1084853930
105 626 1084853957
323 557 1084853983
105 632 1084854002
323 1036 1084854011
105 454 1084854023
105 1039 1084854057
105 563 1084854100
105 250 1084854127
105 814 1084854132
704 32 1084854144
105 724 1084854203
105 679 1084854209
323 557 1084854218
105 212 1084854220
105 1132 1084854227
323 105 1084854237
105 1134 1084854239
687 598 1084854245
105 367 1084854245
704 605 1084854254
542 1069 1084854287
498 1135 1084854324
323 557 1084854522
513 990 1084854527
1100 498 1084854540
704 605 1084854541
50 586 1084854589
617 704 1084854661
644 97 1084854706
687 1097 1084854710
617 644 1084854734
513 1101 1084854758
617 103 1084854794
1136 50 1084854831
545 308 1084854856
50 1136 1084854870
323 557 1084854907
1136 50 1084854954
513 514 1084854981
513 388 1084855004
317 992 1084855028
665 353 1084855052
103 617 1084855104
323 557 1084855138
323 105 1084855168
181 495 1084855280
105 388 1084855304
323 105 1084855320
834 8 1084855337
590 212 1084855353
590 1019 1084855405
308 545 1084855418
1136 181 1084855419
958 959 1084855425
590 681 1084855491
323 557 1084855516
388 795 1084855526
605 440 1084855632
514 513 1084855691
514 590 1084855717
958 704 1084855724
590 514 1084855756
605 181 1084855761
323 557 1084855768
514 590 1084855789
514 388 1084855866
590 514 1084855898
323 557 1084855904
627 590 1084855917
704 958 1084855928
514 590 1084855937
627 388 1084855940
704 605 1084856020
306 388 1084856022
605 704 1084856059
1131 440 1084856116
388 306 1084856186
388 627 1084856197
983 985 1084856205
704 605 1084856211
388 514 1084856225
605 704 1084856228
704 605 1084856265
605 704 1084856294
1039 132 1084856334
514 1102 1084856336
958 704 1084856337
627 388 1084856340
704 605 1084856357
1052 708 1084856358
1002 273 1084856381
595 172 1084856388
777 454 1084856434
1111 317 1084856501
704 958 1084856518
1039 801 1084856595
323 557 1084856615
323 68 1084856661
73 652 1084856738
605 704 1084856765
323 68 1084856787
323 285 1084856813
308 163 1084856818
323 285 1084856875
939 1092 1084856899
726 97 1084856914
323 285 1084856915
939 380 1084856925
704 605 1084856932
939 59 1084856957
1056 687 1084856962
388 627 1084856973
704 605 1084856974
605 704 1084856976
323 285 1084856992
793 950 1084856996
323 68 1084857000
735 790 1084857015
954 250 1084857020
600 779 1084857031
939 831 1084857043
1002 101 1084857056
939 1040 1084857071
323 285 1084857087
954 652 1084857117
704 605 1084857131
939 1050 1084857161
323 557 1084857171
168 834 1084857173
605 704 1084857177
939 855 1084857220
939 813 1084857238
939 813 1084857243
323 73 1084857248
308 373 1084857286
704 605 1084857318
939 466 1084857338
958 704 1084857382
317 1111 1084857411
323 68 1084857426
596 590 1084857433
483 34 1084857462
939 977 1084857462
1068 250 1084857530
546 1137 1084857549
939 765 1084857617
605 704 1084857626
704 958 1084857637
939 1021 1084857672
704 605 1084857681
323 557 1084857689
712 1042 1084857701
939 707 1084857741
753 590 1084857768
939 815 1084857793
939 1138 1084857806
605 704 1084857839
939 1103 1084857866
753 652 1084857887
939 537 1084857900
704 605 1084857920
697 719 1084857950
986 8 1084857964
986 254 1084857980
753 984 1084857985
627 388 1084857988
1118 308 1084858001
132 1039 1084858021
323 68 1084858075
172 595 1084858089
430 32 1084858090
32 1132 1084858167
212 627 1084858191
53 1139 1084858192
32 704 1084858200
753 1100 1084858214
704 32 1084858263
719 697 1084858286
605 32 1084858293
212 105 1084858324
32 704 1084858324
605 32 1084858336
627 212 1084858378
431 605 1084858380
1118 834 1084858381
323 557 1084858390
617 103 1084858405
297 598 1084858432
834 168 1084858445
323 68 1084858450
1111 317 1084858454
605 32 1084858455
834 1118 1084858459
1042 712 1084858485
431 605 1084858503
212 627 1084858548
605 32 1084858561
323 68 1084858592
704 32 1084858643
697 719 1084858668
297 999 1084858677
431 617 1084858719
777 605 1084858722
32 704 1084858732
958 704 1084858761
323 557 1084858767
719 697 1084858771
250 954 1084858790
605 32 1084858793
308 1118 1084858816
704 32 1084858818
250 1068 1084858830
250 958 1084858839
1118 308 1084858920
1068 250 1084858928
1118 834 1084858948
308 1118 1084859017
801 1039 1084859032
1118 308 1084859042
48 683 1084859076
834 1118 1084859177
250 1068 1084859188
770 1118 1084859216
704 958 1084859232
405 777 1084859264
1068 250 1084859291
405 950 1084859311
605 337 1084859344
405 250 1084859345
809 482 1084859346
308 1042 1084859368
1042 308 1084859389
1042 308 1084859406
250 405 1084859475
1042 712 1084859523
1118 770 1084859531
697 719 1084859548
1118 770 1084859604
44 770 1084859611
1069 542 1084859620
586 1136 1084859621
32 704 1084859645
617 103 1084859655
958 704 1084859751
867 721 1084859769
1110 658 1084859819
281 263 1084859871
281 332 1084859886
281 254 1084859904
596 724 1084859905
281 308 1084859915
281 337 1084859928
831 939 1084859946
712 1042 1084859955
1140 281 1084860004
378 254 1084860024
19 1132 1084860030
704 958 1084860067
617 834 1084860085
679 317 1084860107
719 697 1084860141
714 460 1084860161
915 701 1084860195
308 1042 1084860209
308 281 1084860230
63 814 1084860284
765 425 1084860402
714 928 1084860434
758 762 1084860464
19 1130 1084860489
697 719 1084860505
281 308 1084860551
544 567 1084860612
309 1139 1084860626
357 1118 1084860655
357 1118 1084860755
474 309 1084860784
368 1021 1084860803
357 659 1084860822
67 1132 1084860863
878 1072 1084860891
357 1118 1084860911
67 1137 1084860919
357 1118 1084860959
644 617 1084861046
357 1118 1084861056
644 481 1084861107
617 644 1084861109
219 719 1084861127
357 1118 1084861147
758 712 1084861174
644 617 1084861181
644 617 1084861202
281 308 1084861206
357 1118 1084861215
617 644 1084861288
357 1118 1084861314
617 644 1084861324
724 596 1084861422
439 212 1084861464
814 63 1084861582
617 74 1084861592
1052 175 1084861703
323 557 1084861836
377 343 1084861847
634 8 1084861861
323 73 1084861861
377 32 1084861865
1113 783 1084861934
128 250 1084861948
297 999 1084861952
161 679 1084862053
679 161 1084862096
1052 1118 1084862121
161 679 1084862152
220 224 1084862164
220 834 1084862173
679 161 1084862235
105 212 1084862239
679 792 1084862338
212 439 1084862421
1050 939 1084862443
161 679 1084862459
617 103 1084862480
105 644 1084862489
1052 1118 1084862500
105 482 1084862509
492 1105 1084862563
105 716 1084862581
63 814 1084862593
377 1122 1084862641
1072 325 1084862644
105 132 1084862713
1052 1118 1084862717
498 495 1084862722
105 101 1084862766
105 993 1084862773
105 1050 1084862818
105 603 1084862851
198 101 1084862864
679 161 1084862867
617 834 1084862869
1052 1118 1084862872
314 542 1084862877
105 339 1084862898
105 90 1084862908
105 155 1084862918
758 1023 1084862948
105 990 1084862955
323 1036 1084862970
105 783 1084862971
787 679 1084862975
314 372 1084862978
105 1100 1084862983
105 1141 1084863016
9 314 1084863026
105 1131 1084863039
679 787 1084863054
161 679 1084863068
1042 308 1084863071
145 1042 1084863077
483 34 1084863078
675 462 1084863103
105 1117 1084863103
617 103 1084863105
105 1142 1084863110
318 1042 1084863116
105 1130 1084863133
679 161 1084863136
12 343 1084863155
771 398 1084863180
105 1102 1084863190
105 1105 1084863198
1052 1118 1084863207
1042 712 1084863207
755 781 1084863210
105 1125 1084863215
105 1099 1084863218
105 1103 1084863227
975 509 1084863228
617 103 1084863229
105 1111 1084863236
118 193 1084863238
105 1100 1084863251
325 1072 1084863254
398 771 1084863300
771 398 1084863319
325 1069 1084863327
105 1143 1084863327
145 609 1084863335
105 1144 1084863349
422 308 1084863350
105 1134 1084863353
105 1145 1084863360
939 831 1084863361
105 1146 1084863364
161 679 1084863374
1069 325 1084863384
398 771 1084863386
105 1129 1084863405
398 771 1084863408
105 1124 1084863413
105 1122 1084863417
617 103 1084863421
12 343 1084863421
105 1139 1084863436
105 1123 1084863442
118 194 1084863475
975 144 1084863476
939 1050 1084863488
105 1147 1084863490
105 1148 1084863496
105 1149 1084863506
105 1116 1084863509
105 1150 1084863514
105 1151 1084863517
105 1148 1084863521
1040 939 1084863544
105 1104 1084863592
105 1107 1084863598
475 1103 1084863600
105 1108 1084863603
105 1152 1084863618
792 679 1084863639
323 1036 1084863707
118 193 1084863711
12 343 1084863727
105 644 1084863730
514 439 1084863733
105 209 1084863740
105 308 1084863751
105 992 1084863762
105 32 1084863778
118 101 1084863790
990 513 1084863808
105 640 1084863812
12 1153 1084863816
105 598 1084863829
1103 939 1084863846
105 683 1084863847
1103 440 1084863860
1154 881 1084863864
12 814 1084863887
679 792 1084863895
679 161 1084863946
638 373 1084863950
105 523 1084863952
638 388 1084863964
638 32 1084863988
687 1056 1084864016
12 343 1084864021
1118 1052 1084864032
105 41 1084864092
454 777 1084864167
389 1042 1084864168
325 1069 1084864217
389 509 1084864253
12 389 1084864256
1069 325 1084864279
814 63 1084864306
590 596 1084864322
254 378 1084864349
792 679 1084864370
143 163 1084864376
377 755 1084864404
143 201 1084864406
12 343 1084864418
779 638 1084864429
377 343 1084864469
12 814 1084864501
638 779 1084864502
388 638 1084864516
12 389 1084864516
679 792 1084864550
254 1103 1084864553
72 1139 1084864651
596 590 1084864676
377 343 1084864751
63 814 1084864782
63 814 1084864840
105 72 1084864843
105 701 1084864873
377 343 1084864905
549 969 1084865001
560 598 1084865007
36 1033 1084865040
36 1127 1084865070
697 487 1084865078
12 343 1084865118
792 679 1084865289
12 343 1084865334
487 697 1084865419
308 422 1084865485
539 1103 1084865508
1155 338 1084865536
53 416 1084865541
814 63 1084865544
1069 325 1084865546
12 343 1084865570
679 792 1084865575
204 498 1084865597
105 638 1084865598
12 389 1084865621
36 105 1084865702
814 63 1084865705
105 475 1084865719
12 814 1084865720
105 96 1084865730
12 308 1084865753
12 343 1084865781
1050 939 1084865790
377 272 1084865822
12 389 1084865829
36 105 1084865853
63 814 1084865878
675 462 1084865878
12 343 1084865913
53 343 1084865916
12 308 1084865946
36 525 1084865967
12 297 1084865998
63 814 1084866001
475 105 1084866002
463 687 1084866007
36 105 1084866008
463 1004 1084866043
12 308 1084866045
884 536 1084866050
422 308 1084866072
1041 75 1084866078
884 495 1084866111
53 343 1084866135
1041 41 1084866136
876 687 1084866138
12 343 1084866153
105 475 1084866171
308 422 1084866174
463 469 1084866189
53 343 1084866206
12 308 1084866243
1069 325 1084866244
469 463 1084866250
463 252 1084866256
105 175 1084866259
105 8 1084866269
1069 325 1084866282
105 63 1084866290
463 469 1084866304
105 144 1084866323
876 1091 1084866333
469 463 1084866339
105 624 1084866344
105 1033 1084866372
105 1156 1084866386
12 343 1084866430
105 1157 1084866454
12 308 1084866456
12 389 1084866475
105 393 1084866476
105 675 1084866484
372 314 1084866485
105 1034 1084866493
105 1153 1084866505
463 469 1084866517
105 1036 1084866562
1072 325 1084866566
105 596 1084866596
105 884 1084866612
105 674 1084866619
814 63 1084866625
105 404 1084866631
469 463 1084866637
394 1111 1084866647
105 540 1084866678
105 487 1084866690
422 308 1084866693
389 242 1084866706
12 343 1084866714
704 1141 1084866747
389 830 1084866799
1023 758 1084866830
12 308 1084866842
63 814 1084866878
12 389 1084866901
377 272 1084866939
1158 498 1084866953
498 1158 1084867016
469 463 1084867018
80 463 1084867055
469 806 1084867065
1158 325 1084867072
12 308 1084867090
1041 80 1084867093
80 1041 1084867126
1158 498 1084867133
1070 598 1084867142
12 389 1084867164
103 1072 1084867318
714 284 1084867320
814 63 1084867372
12 343 1084867392
325 1069 1084867438
103 841 1084867442
1041 80 1084867477
325 1072 1084867524
63 814 1084867614
12 308 1084867641
1041 546 1084867681
1072 103 1084868160
80 1041 1084868171
814 63 1084868181
263 281 1084868273
378 254 1084868374
1041 80 1084868577
19 527 1084868596
63 814 1084868609
437 1033 1084868609
513 990 1084868772
1093 1132 1084868805
234 183 1084868871
378 396 1084868883
950 405 1084868906
19 525 1084868950
513 318 1084868953
525 19 1084868975
1113 437 1084869070
711 591 1084869173
440 1097 1084869291
1159 563 1084869373
460 714 1084869531
969 990 1084869788
341 1132 1084869873
546 1041 1084869931
1110 308 1084869963
1041 546 1084870044
1031 42 1084870078
475 468 1084870132
681 617 1084870149
84 1103 1084870189
1113 794 1084870251
53 1101 1084870295
42 1139 1084870304
1113 794 1084870334
687 463 1084870402
42 640 1084870425
42 1031 1084870442
42 483 1084870512
1113 794 1084870674
546 1041 1084870891
1113 294 1084870957
1113 396 1084871013
1113 297 1084871087
495 68 1084871147
495 498 1084871179
1113 1160 1084871319
495 542 1084871459
1113 495 1084871477
495 181 1084871562
495 498 1084871573
1113 389 1084871577
540 495 1084871625
1097 440 1084871709
495 884 1084871716
252 463 1084871728
495 540 1084871754
540 495 1084871792
1097 687 1084871794
495 540 1084871864
191 1131 1084871911
1097 191 1084872097
1113 495 1084872111
969 549 1084872218
191 1097 1084872281
1097 191 1084872337
995 42 1084872395
1113 607 1084872417
423 277 1084872598
191 495 1084872651
498 495 1084872755
1071 598 1084872785
495 498 1084872807
995 105 1084872832
1113 1161 1084872863
1089 882 1084873064
1113 928 1084873092
822 704 1084873174
1113 783 1084873226
1113 739 1084873305
1113 437 1084873345
1113 495 1084873385
191 396 1084873462
1113 928 1084873539
928 714 1084873608
481 644 1084873889
481 332 1084873964
1113 928 1084874142
1113 437 1084874266
1113 42 1084874287
673 724 1084874305
1033 105 1084874312
549 969 1084874346
42 790 1084874414
673 725 1084874450
378 498 1084874489
1113 437 1084874618
1113 673 1084874669
1113 928 1084874799
1113 437 1084874834
1113 673 1084875028
1113 437 1084875058
687 1097 1084875201
1113 673 1084875273
1097 687 1084875324
1113 928 1084875352
687 1097 1084875436
815 939 1084876204
540 667 1084876306
540 667 1084876312
674 1100 1084876429
939 1103 1084877106
495 1113 1084877124
495 191 1084877155
495 498 1084877161
546 495 1084877535
1033 437 1084877939
1113 495 1084878132
1004 908 1084880746
1113 774 1084881234
1004 277 1084881875
1004 783 1084881914
1004 1032 1084881946
1004 687 1084881962
1004 1032 1084882182
687 1004 1084882493
687 753 1084883000
1058 1142 1084883398
536 884 1084884957
1121 415 1084890436
777 405 1084890661
777 454 1084890849
342 638 1084891411
154 357 1084891473
342 319 1084891555
402 762 1084891988
712 758 1084892131
