518 1488 1089568012
1136 233 1089568289
12 1312 1089570144
12 1312 1089570186
1198 1746 1089571344
367 1346 1089571788
211 1742 1089572408
1644 431 1089572983
1346 367 1089574498
1724 1713 1089574727
1312 12 1089575215
12 1312 1089575292
1312 12 1089575318
12 1312 1089575320
12 1312 1089575335
1312 12 1089575343
1312 12 1089575353
1338 9 1089575847
1338 67 1089575872
1338 341 1089575963
1742 211 1089576684
1713 1724 1089576865
1713 1313 1089576947
1338 1042 1089577032
346 1644 1089577415
1231 984 1089578479
288 1440 1089578807
1713 1742 1089579354
1644 346 1089580213
233 1676 1089582127
233 1676 1089582145
233 1676 1089582151
233 1136 1089582472
42 249 1089582800
1285 8 1089583219
1712 1572 1089583924
1713 1563 1089585113
1132 1285 1089589237
234 969 1089589812
1285 1132 1089589967
1132 1285 1089590067
1285 1132 1089590212
1487 620 1089590491
1132 1285 1089590511
1487 1520 1089590597
1285 1132 1089590708
1724 1713 1089590866
1132 1285 1089591001
708 281 1089591462
1285 1132 1089591837
32 1132 1089592453
32 1072 1089592624
1136 233 1089594567
969 234 1089594712
1282 1647 1089595022
969 847 1089595118
969 739 1089595176
346 1644 1089596511
749 474 1089598168
557 1644 1089598788
474 749 1089599583
431 1644 1089599987
1339 474 1089599991
431 1624 1089600114
601 400 1089600543
1489 249 1089601798
9 1343 1089601845
1489 878 1089601900
9 788 1089601952
9 1338 1089602176
674 1338 1089604675
674 168 1089604927
378 812 1089605971
1624 431 1089606104
878 1489 1089606278
1423 1669 1089606472
561 1713 1089606661
1750 1338 1089606954
561 431 1089607306
447 398 1089611945
1132 9 1089612040
1734 1436 1089613063
454 1669 1089613152
212 1343 1089613341
644 1749 1089613496
1741 277 1089614460
1280 768 1089614569
211 36 1089614577
1741 297 1089615174
341 1338 1089615325
1741 1282 1089616165
1741 475 1089616605
1741 475 1089616611
1741 475 1089616627
1741 475 1089616638
36 211 1089616887
431 1624 1089617272
8 1285 1089617523
1741 1497 1089617561
1741 899 1089617751
431 561 1089617811
1487 974 1089618357
1436 1734 1089618534
1669 454 1089619107
1669 1423 1089619886
189 44 1089620065
1741 537 1089620408
1669 974 1089620625
1579 1667 1089620855
1741 783 1089620898
1741 783 1089620917
431 1579 1089621038
822 727 1089622656
727 822 1089622926
822 727 1089623205
644 8 1089623366
504 1740 1089630750
3 176 1089632769
3 199 1089632769
3 374 1089632769
3 252 1089632769
3 242 1089632769
3 475 1089632769
3 652 1089632769
3 288 1089632769
1713 3 1089632769
3 172 1089632769
3 1190 1089632769
3 640 1089632769
3 26 1089632769
3 1103 1089632770
3 1167 1089632770
3 72 1089632770
3 32 1089632770
3 68 1089632770
3 1371 1089632770
3 498 1089632770
3 790 1089632770
3 1154 1089632770
3 1662 1089632770
3 881 1089632770
3 840 1089632770
3 302 1089632770
3 2 1089632770
3 62 1089632770
3 1185 1089632770
3 1185 1089632770
3 308 1089632770
3 846 1089632770
3 1110 1089632770
3 32 1089632770
3 865 1089632771
3 697 1089632771
3 740 1089632771
3 1237 1089632771
3 1340 1089632771
3 1340 1089632771
3 408 1089632771
3 26 1089632771
3 700 1089632771
3 700 1089632771
3 249 1089632771
3 1117 1089632771
3 1620 1089632771
3 1344 1089632771
3 810 1089632771
3 1231 1089632771
3 782 1089632771
3 1315 1089632771
3 800 1089632771
3 1751 1089632771
3 1440 1089632771
3 1281 1089632771
3 224 1089632771
3 569 1089632771
3 645 1089632771
3 249 1089632772
3 687 1089632772
3 482 1089632772
3 752 1089632772
3 1270 1089632772
3 1127 1089632772
3 1237 1089632772
3 1352 1089632772
3 731 1089632772
3 1335 1089632772
3 2 1089632772
3 2 1089632772
3 681 1089632772
3 1415 1089632772
3 545 1089632772
3 26 1089632772
3 1349 1089632772
3 823 1089632772
3 823 1089632772
3 243 1089632772
3 477 1089632772
3 794 1089632772
3 1189 1089632772
3 394 1089632772
3 569 1089632772
3 711 1089632772
3 1412 1089632773
3 933 1089632773
3 42 1089632773
3 173 1089632773
3 1317 1089632773
3 1713 1089632806
1713 3 1089632828
3 1713 1089632909
1713 3 1089632959
3 1713 1089633003
1314 1346 1089640584
1713 1344 1089641469
