851 162 1085065725
1174 1132 1085067064
209 594 1085067551
527 372 1085067851
1190 306 1085067913
1190 708 1085068079
9 679 1085068102
317 605 1085068253
1021 646 1085068295
536 372 1085068477
70 163 1085068869
70 1113 1085068979
1113 70 1085069265
758 683 1085069479
343 350 1085069689
1039 72 1085069706
297 1158 1085070010
1174 547 1085070027
297 999 1085070041
297 1158 1085070075
70 1113 1085070097
297 615 1085070098
297 249 1085070170
944 70 1085070286
498 639 1085070441
1189 626 1085070494
498 495 1085070503
547 1174 1085070555
713 1158 1085070583
615 277 1085070604
713 740 1085070617
465 194 1085070660
713 1158 1085070725
465 679 1085070739
713 681 1085070752
1215 440 1085070814
297 615 1085071043
713 362 1085071078
594 209 1085071258
342 1039 1085071276
1224 62 1085071390
1183 1230 1085071476
9 679 1085071497
9 679 1085071513
713 999 1085071541
1196 669 1085071641
713 1036 1085071684
713 1036 1085071743
9 109 1085071783
297 615 1085071860
1174 547 1085071955
1136 48 1085071958
342 1039 1085072030
944 697 1085072170
32 1231 1085072354
307 1183 1085072482
32 1217 1085072534
32 1232 1085072587
857 430 1085072624
32 1211 1085072655
32 1196 1085072694
249 1209 1085072729
32 494 1085072814
964 638 1085072831
32 1099 1085072864
32 638 1085072975
297 1158 1085072993
249 886 1085073028
297 1158 1085073041
297 1158 1085073041
249 44 1085073096
1158 713 1085073130
779 277 1085073244
697 779 1085073253
1158 152 1085073275
342 502 1085073276
779 697 1085073300
697 779 1085073320
779 697 1085073419
697 915 1085073446
1174 502 1085073464
697 779 1085073496
779 697 1085073607
254 1181 1085073615
779 697 1085073630
697 779 1085073648
1233 502 1085073866
1136 342 1085073913
1136 1158 1085073940
297 1158 1085074185
67 1216 1085074209
308 306 1085074343
342 379 1085074586
143 1037 1085074860
1018 1227 1085074888
1059 389 1085074965
1196 32 1085075439
297 615 1085075670
470 288 1085075738
36 189 1085075739
1064 1216 1085075798
297 615 1085075903
1064 1216 1085076244
1234 615 1085076547
220 1018 1085076624
220 1018 1085076637
1018 220 1085077063
834 1196 1085077111
220 1018 1085077172
866 203 1085077382
350 343 1085077398
582 779 1085077434
333 308 1085077441
189 712 1085077563
594 1171 1085077822
87 27 1085077900
189 144 1085077991
42 1183 1085078075
739 1136 1085078132
308 333 1085078209
308 272 1085078228
350 343 1085078270
1183 42 1085078678
70 1113 1085078900
739 317 1085078912
250 475 1085078954
739 254 1085078992
254 739 1085079043
27 87 1085079079
204 777 1085079308
204 615 1085079332
204 1189 1085079350
297 615 1085079496
598 652 1085079535
358 250 1085079550
1111 394 1085080160
615 297 1085080181
638 32 1085080254
638 964 1085080302
638 1093 1085080365
706 194 1085080379
706 277 1085080407
288 470 1085080417
706 484 1085080425
706 1219 1085080497
388 405 1085080662
350 343 1085080697
1185 840 1085080752
638 1235 1085080837
470 288 1085081037
161 679 1085081140
63 963 1085081183
638 1066 1085081208
1215 254 1085081290
638 1066 1085081315
323 341 1085081367
323 753 1085081379
470 992 1085081411
626 1189 1085081559
1215 254 1085081559
1231 32 1085081599
576 394 1085081639
626 1193 1085081672
323 732 1085081692
576 254 1085081720
587 1185 1085081755
638 1066 1085081762
1185 587 1085081784
254 576 1085081796
576 254 1085081854
551 1117 1085081959
254 576 1085081964
840 1185 1085081985
576 254 1085082032
810 626 1085082035
810 654 1085082083
810 626 1085082101
254 576 1085082122
473 372 1085082127
252 1018 1085082157
509 389 1085082169
114 770 1085082241
958 732 1085082306
576 254 1085082322
323 346 1085082357
810 626 1085082359
810 654 1085082436
323 346 1085082441
1215 254 1085082493
1018 252 1085082517
323 234 1085082584
810 654 1085082635
254 576 1085082646
1185 840 1085082675
323 346 1085082724
9 308 1085082726
810 626 1085082732
9 569 1085082763
254 1215 1085082769
437 1033 1085082808
1234 254 1085082824
810 654 1085082844
323 1235 1085082896
323 346 1085082914
386 422 1085082972
9 569 1085082977
557 302 1085082998
1215 254 1085083013
254 1215 1085083105
323 325 1085083116
454 242 1085083133
1114 575 1085083137
1215 254 1085083162
1114 1188 1085083168
454 546 1085083186
1146 861 1085083203
323 339 1085083208
800 964 1085083309
1215 254 1085083327
800 422 1085083342
1215 254 1085083466
810 654 1085083483
254 1215 1085083551
254 1215 1085083761
576 254 1085083784
1215 254 1085083817
576 733 1085083869
1146 1050 1085083875
254 576 1085083918
576 254 1085084000
810 654 1085084024
72 1039 1085084075
605 73 1085084218
810 654 1085084426
810 626 1085084508
1234 254 1085084560
454 372 1085084561
144 1185 1085084583
1234 704 1085084589
681 402 1085084602
63 609 1085084607
144 189 1085084722
1236 368 1085084907
30 161 1085084961
502 1174 1085085007
325 323 1085085233
323 325 1085085302
402 681 1085085373
350 605 1085085400
350 343 1085085450
810 323 1085085472
810 654 1085085506
810 323 1085085567
810 654 1085085598
323 640 1085085611
1237 323 1085085632
42 840 1085085636
640 323 1085085643
810 323 1085085655
323 640 1085085661
640 323 1085085708
1237 323 1085085712
189 144 1085085721
323 640 1085085755
652 954 1085085760
810 323 1085085772
254 1234 1085085809
640 323 1085085809
42 144 1085085814
323 640 1085085833
1237 323 1085085844
640 323 1085085889
350 323 1085085897
323 640 1085085905
640 323 1085085922
323 640 1085085940
323 42 1085086024
422 386 1085086041
323 1047 1085086084
323 1047 1085086101
1042 1034 1085086111
1237 323 1085086122
1234 254 1085086123
652 598 1085086125
350 343 1085086182
350 323 1085086193
1174 502 1085086227
389 509 1085086228
389 1059 1085086242
341 1181 1085086271
42 323 1085086324
350 323 1085086363
1237 323 1085086368
1167 475 1085086382
350 343 1085086391
810 654 1085086433
144 42 1085086445
42 32 1085086458
323 42 1085086467
626 498 1085086544
42 144 1085086547
144 189 1085086590
323 341 1085086636
42 323 1085086642
1236 640 1085086716
323 42 1085086730
1237 323 1085086731
498 626 1085086751
189 144 1085086819
1237 323 1085086833
42 654 1085086843
810 626 1085086858
810 654 1085086946
1237 323 1085086947
254 1234 1085086990
42 323 1085086994
1236 277 1085087027
144 42 1085087048
626 498 1085087051
644 1216 1085087054
810 626 1085087056
654 42 1085087057
1237 323 1085087069
323 42 1085087084
1042 34 1085087135
1142 1058 1085087152
1237 871 1085087175
1142 990 1085087190
323 950 1085087207
1237 323 1085087233
42 144 1085087274
683 758 1085087305
144 644 1085087307
810 626 1085087379
350 323 1085087385
398 144 1085087395
1237 323 1085087412
1237 323 1085087495
341 323 1085087522
323 341 1085087587
144 42 1085087624
810 626 1085087634
1237 323 1085087655
350 323 1085087720
144 398 1085087729
1237 323 1085087769
144 189 1085087778
810 626 1085087785
144 398 1085087796
626 498 1085087800
1237 323 1085087870
341 323 1085087925
1237 323 1085087970
323 341 1085087989
1237 323 1085088039
341 323 1085088086
323 341 1085088131
706 1219 1085088144
1237 323 1085088145
1136 739 1085088161
713 342 1085088184
1236 726 1085088188
1050 1146 1085088234
341 323 1085088294
1189 626 1085088295
626 1189 1085088317
323 341 1085088332
1237 323 1085088358
1113 70 1085088382
350 323 1085088386
277 1236 1085088414
1189 626 1085088414
145 341 1085088421
726 1236 1085088430
626 249 1085088434
145 1042 1085088436
341 323 1085088445
1237 323 1085088445
431 605 1085088457
350 323 1085088462
277 1186 1085088466
1236 726 1085088473
1189 1238 1085088488
408 290 1085088499
323 341 1085088506
277 687 1085088510
1237 323 1085088511
626 1189 1085088517
323 350 1085088525
145 341 1085088531
1236 626 1085088532
726 1236 1085088558
1237 323 1085088566
1189 1097 1085088620
1236 726 1085088638
1186 277 1085088639
1189 626 1085088652
341 323 1085088661
277 1186 1085088677
626 1236 1085088682
1236 645 1085088690
626 1189 1085088692
626 1189 1085088703
1237 1236 1085088715
1097 1189 1085088717
1186 277 1085088739
1189 626 1085088797
323 341 1085088807
408 317 1085088818
1189 1097 1085088821
1237 1236 1085088842
840 1185 1085088859
840 42 1085088874
343 350 1085088892
341 323 1085088929
840 1185 1085088930
726 1236 1085088939
725 1132 1085088946
323 341 1085088972
626 1189 1085089014
341 323 1085089022
1237 1236 1085089026
1196 834 1085089028
626 1189 1085089029
1189 626 1085089039
1236 339 1085089059
323 341 1085089062
1136 626 1085089068
1189 840 1085089095
42 144 1085089131
878 713 1085089146
53 250 1085089156
341 323 1085089164
53 1018 1085089173
204 1239 1085089198
323 341 1085089202
1237 1236 1085089204
42 323 1085089206
204 1189 1085089207
204 615 1085089224
1237 1236 1085089233
980 277 1085089241
42 72 1085089241
626 1189 1085089276
339 1236 1085089277
1136 376 1085089293
350 343 1085089303
1236 339 1085089314
725 638 1085089331
1136 654 1085089343
339 1236 1085089443
1237 1236 1085089445
1189 835 1085089453
944 1236 1085089475
1136 398 1085089481
339 323 1085089487
1236 532 1085089518
1236 339 1085089536
1189 768 1085089573
1237 1236 1085089626
1236 252 1085089648
823 1113 1085089689
41 1236 1085089706
848 309 1085089707
823 1185 1085089717
1237 1236 1085089720
532 1236 1085089720
317 739 1085089722
72 42 1085089728
1236 719 1085089747
1189 1034 1085089749
252 1236 1085089753
848 841 1085089769
1236 41 1085089787
823 814 1085089788
1136 398 1085089804
719 1236 1085089810
1236 532 1085089820
823 1032 1085089848
823 41 1085089865
42 72 1085089868
252 1236 1085089884
1236 252 1085089886
823 242 1085089892
823 149 1085089907
1236 719 1085089915
1236 252 1085089923
252 1236 1085089924
944 1236 1085089951
1236 252 1085089958
823 149 1085089973
252 1236 1085089982
615 823 1085089995
72 42 1085090000
719 1236 1085090005
1237 1236 1085090020
1236 252 1085090028
1136 398 1085090053
1236 719 1085090055
252 1236 1085090066
1236 252 1085090109
1237 1236 1085090118
719 1236 1085090119
1236 252 1085090139
1113 823 1085090141
252 1236 1085090142
532 1236 1085090157
252 1236 1085090163
431 853 1085090172
1217 1189 1085090187
431 605 1085090202
1236 532 1085090210
1236 252 1085090218
944 1236 1085090240
1236 532 1085090245
1237 1236 1085090254
725 1217 1085090267
944 1236 1085090351
1189 1217 1085090437
252 1236 1085090462
1217 725 1085090470
233 797 1085090515
1217 1189 1085090520
495 498 1085090544
760 352 1085090546
495 498 1085090567
725 1217 1085090589
760 325 1085090594
1237 1236 1085090613
495 546 1085090620
495 542 1085090683
1217 725 1085090688
495 342 1085090756
725 1217 1085090766
495 68 1085090804
495 498 1085090816
1189 1217 1085090834
652 495 1085090887
1217 725 1085090904
1217 1189 1085090923
725 1217 1085090973
1234 254 1085090979
1056 1186 1085091007
835 1189 1085091042
1217 725 1085091112
62 1224 1085091113
1198 1230 1085091137
1189 1217 1085091150
325 760 1085091258
1217 32 1085091262
114 770 1085091296
928 372 1085091305
1136 586 1085091429
1056 1004 1085091581
1004 1056 1085091626
1056 1032 1085091655
1056 1004 1085091673
713 1215 1085091692
204 1189 1085091693
109 282 1085091698
1056 1004 1085091723
204 615 1085091752
590 893 1085091821
713 1036 1085091832
725 1217 1085091870
357 713 1085091872
963 63 1085091936
713 884 1085091960
687 6 1085091984
713 1042 1085092038
1056 687 1085092041
687 1056 1085092080
1056 687 1085092139
814 823 1085092161
687 1056 1085092161
1056 687 1085092199
1056 176 1085092248
1215 713 1085092271
224 144 1085092316
687 1056 1085092336
1185 840 1085092365
1056 687 1085092400
687 713 1085092496
1004 1056 1085092521
1240 836 1085092553
1056 1186 1085092608
687 1185 1085092634
794 194 1085092637
1056 1004 1085092642
209 594 1085092655
687 1056 1085092678
591 711 1085092735
1056 687 1085092757
675 462 1085092758
1117 551 1085092768
1056 1033 1085092781
1237 1167 1085092791
1185 687 1085092795
1004 1056 1085092813
1056 1042 1085092819
621 768 1085092868
1056 1004 1085092902
687 1056 1085092927
479 687 1085092941
1237 1167 1085092959
1056 687 1085092965
843 1167 1085092981
687 1185 1085092995
843 1167 1085093065
1240 536 1085093131
1004 1056 1085093157
843 1167 1085093165
1056 1004 1085093219
993 364 1085093233
687 277 1085093274
843 1167 1085093291
1127 697 1085093351
277 687 1085093392
687 277 1085093438
687 298 1085093508
394 576 1085093624
364 993 1085093733
1186 1056 1085093784
617 704 1085093821
317 105 1085093958
617 103 1085094001
617 103 1085094042
1224 62 1085094138
277 687 1085094184
172 840 1085094210
281 1110 1085094290
1224 260 1085094336
1181 254 1085094364
1181 341 1085094387
144 42 1085094450
687 1056 1085094545
144 224 1085094584
617 704 1085094642
617 704 1085094752
32 42 1085094783
687 1056 1085094787
536 1240 1085094807
32 1217 1085094860
1224 277 1085094876
317 479 1085095163
1213 479 1085095219
87 27 1085095351
224 144 1085095408
144 645 1085095443
9 109 1085095460
1214 372 1085095493
1214 249 1085095525
1214 180 1085095556
144 224 1085095600
273 1002 1085095821
681 402 1085095889
681 402 1085095907
12 1042 1085095977
1113 495 1085096126
12 527 1085096151
462 675 1085096244
12 109 1085096329
252 1056 1085096519
1158 297 1085096824
67 938 1085096876
145 341 1085096923
145 1042 1085096947
645 1236 1085096999
176 101 1085097075
1110 281 1085097180
645 144 1085097180
1233 502 1085097188
34 1042 1085097370
800 1241 1085097409
1242 343 1085097429
834 1196 1085097455
475 250 1085097548
204 615 1085097601
204 1189 1085097631
12 569 1085097767
1185 144 1085097808
12 569 1085097865
341 1181 1085097906
830 277 1085098085
1037 143 1085098141
281 337 1085098160
12 569 1085098270
1045 269 1085098296
63 963 1085098353
615 204 1085098389
800 569 1085098400
1136 1158 1085098501
1196 834 1085098511
834 1196 1085098555
27 87 1085098625
105 317 1085098632
800 569 1085098677
62 1224 1085098679
834 144 1085098688
536 615 1085098710
950 323 1085098730
642 687 1085098810
990 1142 1085098908
368 1236 1085098984
569 800 1085099087
800 569 1085099170
569 800 1085099218
600 667 1085099274
1224 62 1085099275
800 569 1085099296
323 42 1085099345
569 800 1085099351
323 339 1085099361
323 950 1085099392
323 642 1085099402
800 569 1085099419
12 569 1085099484
323 339 1085099514
9 652 1085099552
339 323 1085099571
950 323 1085099617
770 44 1085099648
1059 389 1085099920
950 353 1085099972
1189 204 1085100098
576 394 1085100225
325 1243 1085100256
1243 325 1085100323
343 1242 1085100393
1215 278 1085100471
1059 325 1085100513
704 598 1085100550
1243 325 1085100561
474 834 1085100612
105 569 1085100615
1059 1243 1085100669
569 105 1085100690
105 569 1085100850
468 277 1085100867
323 339 1085100877
323 950 1085100888
502 1233 1085100918
468 272 1085100927
758 683 1085100959
569 105 1085100963
272 654 1085100973
272 468 1085101057
1033 437 1085101144
342 1244 1085101152
654 272 1085101177
1113 990 1085101221
105 569 1085101228
617 73 1085101323
569 105 1085101338
468 272 1085101377
1186 277 1085101534
1033 1056 1085101546
105 569 1085101588
250 475 1085101629
342 323 1085101634
1189 835 1085101684
475 250 1085101693
600 342 1085101716
296 295 1085101742
277 468 1085101810
12 599 1085101858
250 475 1085101875
297 615 1085102027
36 779 1085102034
475 250 1085102051
569 105 1085102093
1185 302 1085102104
835 1189 1085102122
36 189 1085102128
835 1245 1085102142
569 105 1085102171
105 569 1085102186
1214 714 1085102199
963 63 1085102256
302 1185 1085102258
1214 714 1085102314
250 475 1085102350
297 1158 1085102433
475 250 1085102460
1187 1230 1085102503
1214 1239 1085102507
1214 1113 1085102538
1245 835 1085102587
950 323 1085102593
569 105 1085102627
713 1059 1085102809
105 569 1085102859
124 713 1085102882
36 770 1085102892
569 105 1085103055
68 495 1085103068
1189 835 1085103112
250 475 1085103141
704 1246 1085103144
704 1247 1085103166
1189 502 1085103166
704 1247 1085103178
1189 482 1085103204
502 1189 1085103219
482 1189 1085103227
475 250 1085103231
105 569 1085103317
704 1231 1085103320
1189 502 1085103365
1214 502 1085103375
1189 482 1085103376
250 475 1085103376
1181 341 1085103376
481 252 1085103382
482 1189 1085103405
302 1187 1085103407
1189 482 1085103413
1189 482 1085103421
482 1189 1085103433
482 1189 1085103453
884 713 1085103456
1189 482 1085103461
1214 704 1085103466
713 1241 1085103487
482 1189 1085103491
475 250 1085103506
1214 704 1085103559
835 1189 1085103564
1189 482 1085103566
482 1189 1085103601
1189 482 1085103606
1189 482 1085103632
1181 569 1085103638
128 569 1085103649
1214 502 1085103667
482 1189 1085103673
1189 835 1085103695
1189 482 1085103717
1083 679 1085103726
1214 704 1085103729
128 12 1085103743
599 12 1085103759
706 1219 1085103798
706 713 1085103818
569 105 1085103873
1214 704 1085103882
835 1189 1085103891
569 1181 1085103910
252 481 1085103960
1189 502 1085103985
1189 835 1085104048
502 1189 1085104103
128 569 1085104177
1189 502 1085104275
871 1237 1085104289
1237 871 1085104334
278 1215 1085104334
36 189 1085104358
36 189 1085104394
36 770 1085104442
1214 475 1085104453
477 1 1085104479
36 189 1085104506
128 569 1085104628
1187 302 1085104640
1071 598 1085104652
302 1187 1085104766
128 573 1085104828
1248 194 1085104844
233 42 1085104920
128 569 1085104923
233 1113 1085104949
1248 817 1085105069
1248 817 1085105076
1248 817 1085105078
474 713 1085105118
128 569 1085105361
249 626 1085105520
353 950 1085105572
50 1248 1085105576
128 706 1085105615
654 353 1085105703
1248 50 1085105709
302 1238 1085105727
103 617 1085105770
353 654 1085105794
639 498 1085105864
704 1248 1085105994
1189 835 1085106117
50 1248 1085106132
1248 704 1085106133
639 388 1085106185
1248 50 1085106187
1113 233 1085106365
1036 713 1085106424
835 1189 1085106470
779 627 1085106551
1189 835 1085106632
835 1189 1085106704
3 1249 1085106802
53 250 1085106849
1 477 1085106855
29 1248 1085106876
50 1248 1085106897
299 1083 1085106942
835 308 1085106965
53 646 1085106966
1189 835 1085107050
402 681 1085107056
3 1113 1085107072
1224 536 1085107081
627 779 1085107091
1215 278 1085107118
189 144 1085107224
278 1215 1085107247
1126 289 1085107271
835 1189 1085107305
810 654 1085107409
919 713 1085107424
536 1224 1085107486
1224 536 1085107580
654 810 1085107611
1189 835 1085107705
817 1248 1085107710
72 679 1085107747
732 323 1085107803
697 1127 1085107844
697 127 1085107903
389 1059 1085107910
50 296 1085107980
964 800 1085107993
402 1250 1085108116
810 654 1085108200
753 323 1085108266
32 1234 1085108276
681 402 1085108289
402 681 1085108345
1234 32 1085108381
810 654 1085108381
32 1234 1085108414
681 402 1085108458
296 50 1085108466
36 779 1085108522
32 353 1085108523
1189 595 1085108608
654 810 1085108629
1234 32 1085108645
1167 576 1085108725
32 1234 1085108771
950 353 1085108815
1234 32 1085108894
32 1234 1085109012
479 317 1085109046
341 323 1085109124
1234 32 1085109195
32 1234 1085109400
6 687 1085109489
779 627 1085109493
683 758 1085109553
242 823 1085109594
1189 683 1085109691
1187 302 1085109697
969 779 1085109868
1215 278 1085109992
1234 32 1085109996
1215 817 1085110013
770 277 1085110037
32 1234 1085110090
1234 32 1085110301
1181 569 1085110451
232 44 1085110529
288 470 1085110569
1189 835 1085110658
308 273 1085110780
1234 32 1085110918
323 732 1085111005
323 753 1085111014
323 341 1085111045
323 341 1085111103
6 439 1085111113
350 713 1085111124
350 343 1085111157
654 1251 1085111191
1231 704 1085111238
1178 1126 1085111239
252 1236 1085111271
252 1236 1085111293
779 713 1085111320
63 963 1085111331
308 835 1085111383
770 277 1085111408
30 1176 1085111440
569 1181 1085111459
969 779 1085111484
640 1236 1085111566
1043 454 1085111662
454 1043 1085111714
1213 1186 1085111726
969 779 1085111799
881 1249 1085111858
713 706 1085111895
706 713 1085111918
969 779 1085111975
1043 454 1085111999
1231 1252 1085112063
454 1043 1085112096
1036 713 1085112156
289 1126 1085112162
969 779 1085112223
36 770 1085112289
36 211 1085112338
1034 1189 1085112340
1087 1136 1085112394
1253 654 1085112396
1087 1187 1085112422
595 1189 1085112466
700 1174 1085112472
249 626 1085112564
1249 881 1085112660
758 683 1085112672
881 1249 1085112844
249 626 1085112890
881 1249 1085112922
514 853 1085112953
617 103 1085112964
249 626 1085112981
881 1249 1085112998
1253 72 1085113003
800 964 1085113007
799 32 1085113027
626 249 1085113044
617 103 1085113047
617 73 1085113076
1189 1034 1085113292
440 1244 1085113305
1043 454 1085113313
626 586 1085113412
969 779 1085113427
966 323 1085113456
53 250 1085113477
62 1224 1085113505
323 966 1085113517
966 323 1085113613
586 626 1085113643
367 323 1085113677
749 783 1085113735
323 966 1085113756
323 367 1085113778
627 779 1085113783
367 323 1085113815
626 586 1085113830
325 1243 1085113865
194 706 1085113896
749 700 1085113931
325 1059 1085113935
357 523 1085114051
706 194 1085114079
749 302 1085114093
317 479 1085114140
1234 1254 1085114148
357 8 1085114174
586 626 1085114185
704 1231 1085114208
770 1255 1085114211
194 706 1085114231
342 1039 1085114272
1186 713 1085114297
357 474 1085114302
586 1253 1085114392
1238 302 1085114426
770 1255 1085114451
357 1039 1085114474
706 194 1085114507
1239 990 1085114573
1239 886 1085114621
103 1255 1085114649
704 700 1085114656
1256 615 1085114671
1189 768 1085114677
103 1256 1085114751
353 950 1085114772
966 1171 1085114782
1256 103 1085114846
800 1256 1085114895
1002 273 1085114900
19 886 1085114954
1256 800 1085115003
281 317 1085115011
706 1256 1085115021
1256 706 1085115093
800 1256 1085115119
704 1257 1085115147
1256 800 1085115195
103 1256 1085115229
342 173 1085115253
1255 285 1085115268
9 679 1085115341
1224 62 1085115405
502 1189 1085115433
1248 817 1085115448
1248 29 1085115528
62 1224 1085115550
626 586 1085115551
1154 391 1085115552
1154 391 1085115578
1154 391 1085115582
1248 60 1085115595
173 342 1085115598
770 277 1085115603
1248 966 1085115651
317 281 1085115695
317 281 1085115711
342 173 1085115759
884 297 1085115771
72 1253 1085115773
19 1015 1085115783
118 779 1085115784
19 1016 1085115820
1236 252 1085115833
1258 10 1085115870
1236 1118 1085115923
462 913 1085115940
118 222 1085115955
1248 234 1085115973
462 282 1085116002
1236 1259 1085116032
1241 713 1085116064
1118 1236 1085116064
118 817 1085116094
42 323 1085116097
42 233 1085116109
325 1248 1085116111
800 1256 1085116112
103 1002 1085116124
72 1253 1085116174
1002 103 1085116180
103 1002 1085116316
233 1037 1085116345
234 1248 1085116359
1002 103 1085116361
60 1248 1085116406
560 194 1085116460
1248 234 1085116471
118 357 1085116516
317 263 1085116568
1248 325 1085116643
1153 152 1085116758
719 1251 1085116823
1258 10 1085116876
1113 1255 1085116876
1113 233 1085116900
10 1258 1085116902
1196 834 1085116914
1224 62 1085116926
1113 3 1085116976
479 367 1085117000
1185 1002 1085117021
1113 233 1085117101
388 639 1085117163
1256 800 1085117179
1113 1255 1085117190
1255 1113 1085117232
1248 131 1085117261
1113 233 1085117269
590 964 1085117279
128 706 1085117303
1113 1255 1085117341
654 563 1085117342
596 50 1085117385
131 1248 1085117395
1185 495 1085117607
834 1196 1085117615
53 250 1085117771
740 1256 1085117795
527 12 1085117810
53 646 1085117835
118 779 1085117885
963 63 1085117895
128 569 1085117986
357 701 1085118000
1256 740 1085118039
32 1234 1085118142
32 799 1085118166
843 1167 1085118180
357 802 1085118209
281 317 1085118255
101 370 1085118265
101 370 1085118285
1034 1189 1085118349
1189 502 1085118393
32 1255 1085118395
281 254 1085118415
367 479 1085118465
67 1255 1085118467
1255 32 1085118526
678 212 1085118526
32 1255 1085118579
367 479 1085118605
1189 1034 1085118611
1214 68 1085118723
370 101 1085118805
1248 560 1085118822
1255 32 1085118853
67 1255 1085118919
479 367 1085119006
32 1255 1085119098
1231 704 1085119125
1260 725 1085119159
596 654 1085119163
367 479 1085119203
1255 32 1085119213
357 1260 1085119214
118 32 1085119232
67 1255 1085119244
32 1255 1085119267
357 708 1085119284
118 32 1085119330
1255 32 1085119334
1258 10 1085119477
706 1256 1085119496
1231 1118 1085119501
605 700 1085119519
32 118 1085119519
32 1255 1085119530
1256 706 1085119548
103 605 1085119563
770 1260 1085119575
1255 32 1085119587
1234 32 1085119619
32 1255 1085119625
118 817 1085119659
32 1234 1085119685
605 103 1085119692
67 1255 1085119693
128 569 1085119694
1189 118 1085119703
1260 719 1085119706
569 128 1085119730
706 1256 1085119743
128 569 1085119813
770 277 1085119845
1189 1261 1085119854
297 884 1085119900
719 1260 1085119922
103 605 1085119930
128 706 1085120062
800 706 1085120076
249 1246 1085120096
605 103 1085120107
1260 719 1085120147
249 1260 1085120197
249 1260 1085120213
249 1136 1085120238
719 1260 1085120242
1236 1118 1085120280
193 233 1085120316
725 1260 1085120344
431 605 1085120372
1189 1255 1085120397
103 605 1085120421
249 1260 1085120486
605 103 1085120510
431 605 1085120527
1260 719 1085120532
719 1260 1085120586
1260 249 1085120611
1255 1189 1085120612
431 727 1085120623
1260 719 1085120631
725 1261 1085120664
19 527 1085120665
1236 1153 1085120681
431 605 1085120689
249 1260 1085120734
1214 68 1085120792
41 1236 1085120815
437 1033 1085120836
1236 41 1085120907
1260 725 1085120912
1174 700 1085120926
1189 1255 1085120969
1231 552 1085120994
1236 1153 1085121013
1176 30 1085121051
725 1260 1085121061
1111 393 1085121092
1255 1189 1085121096
41 1236 1085121104
128 569 1085121119
964 800 1085121133
41 1255 1085121151
1236 41 1085121153
41 1236 1085121163
431 605 1085121184
1255 41 1085121190
1260 725 1085121200
249 596 1085121210
1153 1236 1085121218
41 1255 1085121234
1236 1153 1085121264
1236 41 1085121294
552 1231 1085121295
1153 1236 1085121303
799 32 1085121324
1219 706 1085121349
1236 1153 1085121352
725 1260 1085121364
1255 41 1085121367
1153 1236 1085121386
1214 68 1085121393
683 1189 1085121428
1236 437 1085121429
994 145 1085121433
1219 1256 1085121438
1236 1153 1085121448
249 1260 1085121463
1153 1236 1085121473
431 605 1085121480
569 128 1085121498
1189 683 1085121503
41 1255 1085121517
1236 209 1085121534
431 605 1085121568
1236 41 1085121574
1059 389 1085121606
1113 886 1085121624
1255 41 1085121637
502 1189 1085121646
1059 713 1085121661
1236 41 1085121701
1260 725 1085121722
704 1231 1085121774
725 1260 1085121827
1236 536 1085121827
1214 1236 1085121860
809 779 1085121863
1189 502 1085121872
1260 725 1085121949
502 1189 1085121972
1236 1153 1085121991
1176 856 1085122010
1214 1236 1085122049
1213 502 1085122060
596 249 1085122063
1153 1236 1085122074
1236 368 1085122081
1214 714 1085122106
296 194 1085122112
128 569 1085122140
1189 502 1085122187
1214 1236 1085122188
1236 152 1085122193
725 1260 1085122221
502 1189 1085122228
249 596 1085122260
1214 1113 1085122262
1231 704 1085122263
1236 67 1085122328
1214 1236 1085122385
1189 502 1085122385
1236 714 1085122391
502 1189 1085122422
1260 725 1085122474
1213 502 1085122477
1214 1113 1085122484
484 706 1085122581
706 128 1085122601
1189 502 1085122616
706 800 1085122616
962 1204 1085122617
706 1219 1085122635
706 484 1085122665
1213 502 1085122668
725 1260 1085122695
704 1231 1085122696
1214 1236 1085122716
502 1189 1085122782
1214 1113 1085122795
368 1236 1085122807
1214 1236 1085122843
372 527 1085122853
263 317 1085122889
372 928 1085122891
509 364 1085122938
1214 1236 1085122951
367 1248 1085122984
1234 32 1085122986
1231 704 1085123005
994 893 1085123012
706 502 1085123062
1189 502 1085123086
1214 1236 1085123088
835 308 1085123124
605 557 1085123126
393 1111 1085123137
1260 725 1085123140
1236 487 1085123165
725 1260 1085123167
1231 367 1085123188
1260 719 1085123202
835 1189 1085123208
1248 367 1085123211
658 193 1085123241
1153 1236 1085123269
1236 1153 1085123280
367 1231 1085123285
372 1117 1085123289
1236 1153 1085123345
367 1248 1085123348
1117 372 1085123359
1189 835 1085123376
1185 545 1085123394
725 1260 1085123419
1153 1236 1085123424
398 72 1085123432
1248 367 1085123470
605 337 1085123474
569 128 1085123516
1181 569 1085123568
719 1260 1085123571
372 1117 1085123574
367 1248 1085123614
835 1189 1085123622
846 792 1085123644
605 62 1085123670
846 792 1085123678
1189 835 1085123722
1260 725 1085123741
372 928 1085123772
372 454 1085123784
317 263 1085123791
372 473 1085123795
1178 679 1085123797
128 542 1085123814
1260 719 1085123816
725 1260 1085123846
719 1260 1085123862
337 605 1085123864
101 118 1085123923
1184 1181 1085123971
1260 725 1085123994
1260 719 1085124032
1178 679 1085124032
1181 1184 1085124149
1246 249 1085124341
62 1224 1085124426
846 128 1085124441
62 605 1085124453
296 295 1085124529
719 1260 1085124590
1260 719 1085124704
719 1260 1085124744
809 1262 1085124746
1189 835 1085124844
1189 1255 1085124866
377 1117 1085125030
1260 725 1085125057
474 357 1085125097
1118 1231 1085125185
1118 1236 1085125200
681 1118 1085125207
1118 681 1085125228
1190 32 1085125250
325 1260 1085125276
859 357 1085125295
681 1118 1085125354
719 1260 1085125362
1195 1167 1085125386
398 313 1085125430
1118 681 1085125443
97 407 1085125564
72 398 1085125565
539 713 1085125576
1231 1118 1085125608
1118 1231 1085125636
681 1118 1085125713
1263 713 1085125716
234 50 1085125729
285 1255 1085125801
1118 681 1085125812
72 679 1085125843
681 1118 1085125867
1118 681 1085125887
681 1118 1085125935
1118 681 1085126014
994 713 1085126114
681 1118 1085126116
615 1213 1085126127
1118 681 1085126155
681 1118 1085126240
1118 681 1085126260
377 415 1085126376
615 1103 1085126399
681 1118 1085126488
1118 681 1085126561
513 388 1085126745
513 590 1085126813
377 1185 1085126941
1118 681 1085126945
740 713 1085127005
994 1103 1085127190
50 596 1085127207
1246 99 1085127310
377 1185 1085127367
762 513 1085127382
212 678 1085127404
68 1214 1085127735
1066 713 1085127803
372 1246 1085128036
1158 1136 1085128052
372 713 1085128102
1158 297 1085128105
372 353 1085128190
1246 372 1085128218
1158 713 1085128233
994 513 1085128253
1158 713 1085128291
144 1185 1085128483
596 50 1085128788
144 834 1085128790
377 3 1085128999
994 97 1085129015
547 713 1085129034
97 994 1085129081
928 372 1085129089
1214 68 1085129133
68 1214 1085129169
377 144 1085129223
994 97 1085129231
1214 68 1085129244
1185 144 1085129304
1021 547 1085129318
377 615 1085129338
1189 713 1085129533
144 1185 1085129613
928 362 1085129626
547 1018 1085129643
994 536 1085129646
760 975 1085129716
547 1021 1085129788
794 1161 1085129788
372 928 1085129875
994 1054 1085129929
308 835 1085130317
204 615 1085130449
51 969 1085130457
204 1189 1085130466
928 372 1085130472
878 437 1085130500
928 964 1085130562
297 1158 1085130569
878 1255 1085130781
48 1136 1085130857
1189 437 1085130864
245 699 1085130899
298 687 1085130939
1189 204 1085131002
638 725 1085131380
1189 297 1085131480
950 353 1085131498
1189 482 1085131654
388 513 1085131764
323 367 1085131779
323 42 1085131815
323 42 1085131828
297 1189 1085131837
323 341 1085131906
341 323 1085131922
341 323 1085131948
323 341 1085131949
323 341 1085131958
323 341 1085131984
323 298 1085132050
341 323 1085132132
323 341 1085132202
341 323 1085132239
48 323 1085132281
323 341 1085132310
323 48 1085132333
341 323 1085132414
48 323 1085132421
323 341 1085132454
323 48 1085132480
405 388 1085132503
1240 536 1085132528
341 323 1085132533
323 341 1085132612
48 323 1085132636
323 48 1085132674
1195 103 1085132714
48 323 1085132762
341 323 1085132778
323 48 1085132844
1195 103 1085132882
323 341 1085132907
1196 834 1085132971
341 323 1085133064
1186 783 1085133070
1195 103 1085133135
323 341 1085133144
48 323 1085133243
454 1043 1085133245
341 323 1085133248
323 48 1085133331
1213 615 1085133347
323 341 1085133368
48 323 1085133384
323 48 1085133501
781 538 1085133512
341 323 1085133528
1018 547 1085133576
48 323 1085133610
1213 277 1085133615
1195 103 1085133746
547 1018 1085133781
245 1264 1085133868
1018 547 1085133882
1264 245 1085133884
245 1264 1085133930
323 341 1085133935
323 48 1085133971
547 1018 1085133997
781 307 1085134021
9 679 1085134078
9 1206 1085134088
341 323 1085134112
9 1196 1085134125
48 323 1085134176
323 341 1085134217
1093 341 1085134222
1093 341 1085134228
1093 950 1085134241
323 48 1085134256
341 323 1085134262
341 1093 1085134285
353 950 1085134321
323 341 1085134357
48 323 1085134369
323 48 1085134402
323 741 1085134448
341 323 1085134511
48 323 1085134543
741 323 1085134553
950 353 1085134555
323 341 1085134570
323 48 1085134593
323 741 1085134613
353 950 1085134628
341 323 1085134640
48 323 1085134662
323 341 1085134707
928 1265 1085134718
323 48 1085134722
950 353 1085134729
741 323 1085134763
48 323 1085134799
323 741 1085134868
950 1093 1085134877
323 48 1085134887
323 48 1085134905
42 323 1085134941
741 323 1085134977
323 42 1085134979
323 741 1085135006
48 323 1085135018
42 323 1085135028
323 48 1085135087
741 323 1085135123
323 42 1085135123
341 323 1085135140
323 741 1085135148
323 341 1085135176
48 323 1085135184
323 48 1085135229
741 323 1085135240
42 323 1085135304
341 323 1085135336
323 741 1085135366
323 42 1085135398
323 341 1085135425
741 323 1085135431
48 323 1085135436
42 323 1085135456
323 741 1085135479
323 48 1085135509
323 42 1085135538
341 323 1085135546
42 928 1085135579
741 323 1085135582
323 341 1085135626
48 323 1085135645
323 741 1085135685
42 323 1085135698
323 48 1085135704
341 323 1085135722
42 1266 1085135737
323 42 1085135748
687 298 1085135780
48 323 1085135799
323 341 1085135802
687 1056 1085135819
928 80 1085135824
323 48 1085135838
341 323 1085135871
48 323 1085135890
741 323 1085135892
323 341 1085135904
323 48 1085135916
323 741 1085135956
42 323 1085135957
341 323 1085135957
928 42 1085135958
323 341 1085136027
323 42 1085136041
741 323 1085136068
323 741 1085136099
341 323 1085136177
741 323 1085136182
48 323 1085136260
323 341 1085136282
323 741 1085136322
323 48 1085136335
48 323 1085136450
48 323 1085136493
323 48 1085136508
741 323 1085136526
323 48 1085136534
323 741 1085136549
341 323 1085136580
48 323 1085136588
48 323 1085136621
741 323 1085136659
323 341 1085136704
1267 323 1085136747
323 48 1085136754
323 741 1085136797
323 1267 1085136808
48 323 1085136854
1131 309 1085136879
323 48 1085136899
341 323 1085136915
741 323 1085136918
48 323 1085136931
1267 323 1085136943
323 341 1085136958
323 741 1085136981
323 48 1085137055
323 1267 1085137068
741 323 1085137107
323 741 1085137161
1267 323 1085137170
323 1267 1085137182
72 1039 1085137211
1267 323 1085137253
323 1267 1085137290
48 323 1085137340
741 323 1085137348
1267 323 1085137359
323 48 1085137385
48 323 1085137397
341 323 1085137399
323 741 1085137435
323 1267 1085137443
323 341 1085137500
323 1267 1085137511
341 323 1085137526
1267 323 1085137567
741 323 1085137584
204 1189 1085138115
350 447 1085145174
617 704 1085145872
679 72 1085147269
964 928 1085147527
41 1255 1085147695
32 1190 1085147784
277 1213 1085148178
1178 1158 1085149090
233 193 1085149421
