342 971 1089473756
1026 1713 1089475967
1312 12 1089479063
1312 12 1089479136
1312 12 1089479336
1440 288 1089479673
1624 1339 1089481572
561 1669 1089483745
1669 561 1089483867
367 1346 1089484856
95 561 1089485067
95 447 1089485193
95 621 1089485222
95 626 1089485292
95 1387 1089485333
768 924 1089486695
1190 1285 1089487408
768 1280 1089487418
346 1644 1089487727
193 843 1089488445
1540 1520 1089488484
1540 1669 1089488525
822 727 1089491314
822 1642 1089491508
822 1339 1089491774
595 191 1089492564
211 1742 1089493015
211 93 1089493109
1713 135 1089493950
1332 1069 1089494080
1713 1346 1089494112
1346 367 1089494207
1644 249 1089495263
1644 557 1089495330
1644 346 1089495485
398 447 1089496171
1741 783 1089498284
233 193 1089498368
233 1738 1089498820
233 1013 1089499143
1713 233 1089499343
32 72 1089499440
233 1713 1089499758
233 810 1089499794
1713 233 1089499810
1738 233 1089499837
233 1738 1089500053
1332 1545 1089500055
233 1713 1089500082
1713 233 1089500346
93 211 1089500891
93 36 1089501143
1346 1472 1089501305
233 1713 1089501797
1738 233 1089501898
233 1738 1089502112
1738 233 1089502683
233 1738 1089502799
1738 233 1089503212
561 1669 1089503219
233 1738 1089503284
1671 438 1089503430
1738 233 1089503437
211 93 1089503448
233 1738 1089503703
1713 233 1089503772
561 95 1089503783
233 1713 1089503843
1713 561 1089503850
1713 233 1089503944
1738 233 1089504064
431 561 1089504137
431 85 1089504205
431 1644 1089504772
1644 431 1089504839
233 1738 1089505043
233 1713 1089505088
361 1436 1089505152
1713 233 1089505662
561 1713 1089505688
561 431 1089505794
1713 561 1089505800
1136 233 1089505914
1742 211 1089506326
233 1136 1089506448
36 93 1089506467
1669 1540 1089507368
1669 561 1089508027
341 1395 1089508077
783 1741 1089509640
1387 95 1089511077
1472 1346 1089513338
1346 1472 1089514915
1423 1669 1089516754
431 1644 1089518124
431 561 1089518261
1748 67 1089520322
1406 1748 1089520550
1013 233 1089520551
1748 1406 1089520942
1748 1406 1089521018
1667 620 1089521410
843 193 1089521636
1406 1748 1089521885
1748 1406 1089521990
1406 1748 1089522080
1406 1744 1089522335
1285 27 1089522604
1285 8 1089522712
1285 1565 1089522994
1545 1332 1089523422
1713 1585 1089525430
447 95 1089525658
447 398 1089525890
447 398 1089526240
1741 783 1089527753
1724 1713 1089527812
1724 1543 1089527923
398 447 1089529144
1744 1406 1089529483
1713 1724 1089529741
1647 1713 1089531186
1647 1669 1089531461
1669 1647 1089533024
1669 1423 1089533054
1543 1712 1089533273
1543 1739 1089533326
1472 1346 1089533579
1713 1647 1089537726
1346 1472 1089549842
8 1285 1089550353
