342 971 1084287407
342 971 1084287558
991 986 1084287761
402 400 1084287883
809 103 1084287915
809 482 1084287975
840 352 1084288011
797 454 1084288199
840 317 1084288665
400 109 1084288749
173 68 1084289123
342 840 1084289532
797 389 1084290033
543 42 1084290084
838 840 1084290404
342 544 1084290407
41 840 1084291381
199 975 1084292027
67 281 1084292454
151 103 1084292641
952 725 1084293501
176 840 1084293626
654 586 1084293723
586 654 1084293899
498 501 1084294017
654 586 1084294029
654 586 1084294078
654 346 1084294145
498 869 1084294275
586 654 1084294469
586 654 1084294495
272 308 1084294596
654 346 1084294597
272 605 1084294618
272 509 1084294894
41 176 1084294971
851 601 1084294974
176 41 1084295010
176 41 1084295019
851 852 1084295033
429 950 1084295146
204 949 1084295190
429 777 1084295225
610 41 1084295792
422 389 1084295812
212 289 1084296557
73 991 1084296575
212 439 1084296984
297 63 1084297039
966 697 1084297116
966 337 1084297190
986 991 1084297273
697 966 1084297292
966 697 1084297314
697 966 1084297363
817 448 1084297378
986 73 1084297385
697 475 1084297400
966 697 1084297423
986 448 1084297460
448 817 1084297477
986 50 1084297489
986 991 1084297589
986 991 1084297596
986 991 1084297605
986 991 1084297610
986 991 1084297614
986 991 1084297618
986 991 1084297626
817 448 1084297668
986 448 1084297674
986 418 1084297718
448 817 1084297734
801 42 1084297914
986 448 1084297924
801 313 1084297927
42 543 1084297947
986 448 1084298078
448 402 1084298086
439 212 1084298104
425 765 1084298141
586 626 1084298149
986 448 1084298199
68 173 1084298204
42 817 1084298306
636 562 1084298344
586 513 1084298344
986 448 1084298348
697 966 1084298359
986 42 1084298366
636 439 1084298377
495 498 1084298406
986 482 1084298420
586 402 1084298421
495 181 1084298474
63 297 1084298512
63 549 1084298551
626 586 1084298562
586 626 1084298583
626 586 1084298611
212 439 1084298693
402 586 1084298697
586 194 1084298765
402 448 1084298874
586 783 1084298916
712 189 1084298987
840 176 1084299129
986 448 1084299129
712 95 1084299141
986 482 1084299142
95 63 1084299149
114 400 1084299174
513 586 1084299186
189 712 1084299195
971 151 1084299209
712 448 1084299233
971 448 1084299258
971 704 1084299312
95 712 1084299450
189 712 1084299472
114 19 1084299491
765 425 1084299615
801 768 1084299849
27 652 1084299981
448 402 1084300088
448 712 1084300142
448 971 1084300161
189 712 1084300187
971 448 1084300235
199 840 1084300314
27 652 1084300361
448 971 1084300393
834 771 1084300427
771 988 1084300515
286 400 1084300584
36 940 1084300684
771 969 1084300738
586 513 1084300748
189 712 1084300761
36 189 1084300793
915 654 1084300824
598 794 1084300989
431 402 1084301005
915 841 1084301049
817 42 1084301110
448 840 1084301111
431 626 1084301253
771 783 1084301281
990 63 1084301494
986 771 1084301520
986 652 1084301551
852 355 1084301607
337 297 1084301749
431 697 1084302057
327 297 1084302110
986 48 1084302121
986 652 1084302189
337 840 1084302230
431 697 1084302363
318 132 1084302375
431 626 1084302405
454 181 1084302517
400 311 1084302554
454 448 1084302569
454 338 1084302603
431 697 1084302748
400 504 1084302836
783 103 1084302847
176 840 1084302944
212 646 1084302986
400 402 1084303004
783 586 1084303037
431 975 1084303045
212 263 1084303072
431 697 1084303112
783 771 1084303126
6 833 1084303157
212 6 1084303169
27 652 1084303284
942 454 1084303341
212 6 1084303348
542 598 1084303440
542 598 1084303495
783 586 1084303597
27 652 1084303623
212 6 1084303686
212 6 1084303793
542 460 1084303961
598 542 1084303972
598 542 1084304007
249 713 1084304075
249 779 1084304110
762 627 1084304240
70 400 1084304261
342 971 1084304273
513 586 1084304496
598 652 1084304511
598 19 1084304546
771 783 1084304576
513 652 1084304577
9 27 1084304801
9 835 1084304853
492 835 1084304861
679 404 1084304890
513 654 1084304940
652 513 1084305137
557 969 1084305206
492 817 1084305220
652 598 1084305222
212 704 1084305224
949 63 1084305327
212 413 1084305357
598 652 1084305372
831 448 1084305508
498 495 1084305574
652 598 1084305661
654 513 1084305694
652 513 1084305833
498 194 1084305844
498 985 1084305892
949 679 1084305944
949 679 1084306033
498 495 1084306085
949 260 1084306099
425 765 1084306211
679 949 1084306238
785 786 1084306275
985 498 1084306330
815 191 1084306330
785 783 1084306386
44 249 1084306386
679 962 1084306543
785 513 1084306575
869 498 1084306585
852 42 1084306655
204 949 1084306744
840 448 1084306818
840 176 1084306873
654 915 1084306888
701 60 1084306895
840 337 1084306915
939 975 1084307019
504 400 1084307054
448 454 1084307107
448 831 1084307131
448 840 1084307139
364 939 1084307151
498 869 1084307161
815 364 1084307281
592 400 1084307405
498 831 1084307470
3 372 1084307543
831 498 1084307638
337 840 1084307728
176 840 1084307761
660 659 1084307979
817 492 1084308017
492 817 1084308228
498 831 1084308235
991 73 1084308252
586 783 1084308305
586 783 1084308325
448 817 1084308383
504 337 1084308395
586 783 1084308611
586 513 1084308640
801 121 1084308675
337 504 1084308686
590 346 1084308775
950 823 1084308782
831 498 1084308783
950 913 1084308841
950 429 1084308892
222 120 1084308945
590 513 1084309022
713 372 1084309053
713 615 1084309072
590 402 1084309082
807 805 1084309097
708 103 1084309117
204 777 1084309118
389 830 1084309134
713 762 1084309137
708 834 1084309211
431 697 1084309214
389 498 1084309226
389 41 1084309237
204 949 1084309240
713 321 1084309250
439 636 1084309252
389 652 1084309268
131 815 1084309282
765 425 1084309292
389 242 1084309312
439 212 1084309355
389 797 1084309366
713 103 1084309368
204 949 1084309392
389 422 1084309394
830 389 1084309398
713 103 1084309414
971 448 1084309522
713 325 1084309522
971 342 1084309550
713 629 1084309613
389 830 1084309636
634 988 1084309655
389 652 1084309681
966 697 1084309748
652 389 1084309888
926 73 1084309900
697 966 1084309993
768 501 1084310011
830 389 1084310173
372 713 1084310246
966 697 1084310290
768 801 1084310369
296 194 1084310500
296 445 1084310554
901 915 1084310649
697 966 1084310673
901 482 1084310764
901 704 1084310847
901 41 1084310961
966 697 1084310995
460 542 1084311355
460 934 1084311365
679 263 1084311730
402 590 1084311899
504 337 1084311928
263 679 1084311951
873 711 1084312090
402 400 1084312172
475 697 1084312188
504 131 1084312277
431 697 1084312348
431 402 1084312392
337 504 1084312539
504 337 1084312639
431 402 1084312789
41 901 1084312868
966 72 1084312956
831 495 1084313023
337 504 1084313038
817 492 1084313134
817 448 1084313167
431 402 1084313180
700 400 1084313304
901 41 1084313338
431 402 1084313369
372 831 1084313436
372 831 1084313449
679 263 1084313484
681 992 1084313614
72 966 1084313749
805 807 1084313784
72 679 1084313866
817 325 1084313948
993 994 1084314130
871 815 1084314160
325 817 1084314220
325 713 1084314245
263 679 1084314408
834 708 1084314408
993 994 1084314434
783 586 1084314439
942 454 1084314441
994 993 1084314543
482 901 1084314626
615 713 1084314659
263 992 1084314727
686 163 1084314796
686 621 1084314834
686 448 1084314860
686 873 1084314925
463 469 1084315140
463 687 1084315158
212 299 1084315250
463 400 1084315264
463 194 1084315326
831 372 1084315369
103 215 1084315822
619 654 1084316037
619 654 1084316064
783 785 1084316065
619 654 1084316086
593 768 1084316255
593 621 1084316431
32 991 1084316444
975 939 1084316541
364 815 1084316821
509 272 1084316998
364 532 1084317027
509 364 1084317084
815 993 1084317163
679 72 1084317172
131 504 1084317210
679 263 1084317237
379 341 1084317280
679 448 1084317384
379 73 1084317493
995 379 1084317686
768 593 1084317724
995 379 1084317821
687 463 1084317900
995 379 1084317902
933 783 1084317905
995 379 1084317968
9 56 1084317998
783 933 1084318050
995 379 1084318061
63 990 1084318099
933 783 1084318100
462 103 1084318101
379 32 1084318175
9 27 1084318212
9 713 1084318226
995 379 1084318239
9 711 1084318256
462 26 1084318393
995 379 1084318502
995 379 1084318535
783 933 1084318568
462 713 1084318690
462 274 1084318748
679 474 1084318842
212 439 1084318847
933 783 1084318896
995 379 1084318952
388 346 1084319102
346 590 1084319113
346 388 1084319126
783 933 1084319145
590 346 1084319155
272 509 1084319207
777 204 1084319921
41 901 1084319970
12 101 1084320075
12 101 1084320245
990 63 1084320365
933 783 1084320555
840 448 1084320646
840 337 1084320657
63 990 1084320755
840 176 1084320764
63 95 1084320766
63 95 1084320820
996 277 1084320854
63 949 1084320867
63 127 1084320969
997 142 1084320991
783 933 1084321041
244 448 1084321192
346 590 1084321192
996 63 1084321321
990 63 1084321497
509 272 1084321520
63 990 1084321561
996 63 1084321571
542 460 1084321571
509 454 1084321596
513 652 1084321613
513 785 1084321648
766 372 1084321699
513 586 1084321702
766 181 1084321720
513 590 1084321726
965 928 1084321732
83 840 1084321756
509 364 1084321765
990 63 1084321831
928 965 1084321841
996 69 1084321877
603 814 1084321888
986 652 1084321888
513 950 1084321893
766 372 1084321983
965 928 1084321983
996 97 1084322124
928 965 1084322170
244 142 1084322200
456 394 1084322200
12 766 1084322240
63 990 1084322249
244 586 1084322307
996 63 1084322311
990 63 1084322318
63 996 1084322337
708 834 1084322340
63 990 1084322357
996 27 1084322432
998 990 1084322575
617 728 1084322764
999 297 1084322775
726 42 1084322841
617 73 1084322872
999 881 1084323025
617 73 1084323025
345 103 1084323038
345 346 1084323053
103 462 1084323086
345 95 1084323089
103 345 1084323148
345 103 1084323197
617 704 1084323210
73 991 1084323291
617 734 1084323291
103 345 1084323317
345 103 1084323329
617 103 1084323350
97 687 1084323351
73 926 1084323366
687 586 1084323426
400 70 1084323466
998 713 1084323591
590 513 1084323650
73 379 1084323849
67 1000 1084323968
73 617 1084323971
73 617 1084324012
73 379 1084324023
27 996 1084324053
712 95 1084324278
915 654 1084324320
933 783 1084324413
950 513 1084324663
933 840 1084324687
68 783 1084324770
297 337 1084324864
297 63 1084324883
484 913 1084324952
297 327 1084324970
297 999 1084325029
996 27 1084325069
322 652 1084325147
68 938 1084325174
835 492 1084325269
938 68 1084325277
68 938 1084325323
938 68 1084325359
938 67 1084325415
68 938 1084325431
686 6 1084325444
143 6 1084325476
143 201 1084325510
143 103 1084325520
686 667 1084325520
143 542 1084325542
346 345 1084325546
176 840 1084325550
938 68 1084325556
143 681 1084325572
346 840 1084325574
938 325 1084325605
448 840 1084325614
448 244 1084325641
68 938 1084325674
938 68 1084325731
67 938 1084325829
783 68 1084325916
783 933 1084325944
68 783 1084326163
783 68 1084326311
323 834 1084326382
323 642 1084326400
323 68 1084326454
68 783 1084326456
403 617 1084326735
962 679 1084326787
314 372 1084326834
679 962 1084326839
783 68 1084326841
314 479 1084326873
68 783 1084326947
103 638 1084326959
314 103 1084326972
323 68 1084327033
163 686 1084327077
323 68 1084327108
783 68 1084327136
68 783 1084327189
770 938 1084327208
379 73 1084327259
379 73 1084327304
396 679 1084327319
252 513 1084327357
323 68 1084327395
460 542 1084327461
189 712 1084327466
484 770 1084327544
103 460 1084327564
823 950 1084327621
189 712 1084327632
323 753 1084327655
986 73 1084327714
785 513 1084327715
296 516 1084327716
991 32 1084327742
986 619 1084327798
991 32 1084327822
323 753 1084327823
484 770 1084327830
189 712 1084327880
991 73 1084327880
991 986 1084327915
991 986 1084327923
991 992 1084327952
823 915 1084327966
687 97 1084328003
950 823 1084328014
462 103 1084328040
323 991 1084328076
991 194 1084328116
933 783 1084328130
991 73 1084328134
823 498 1084328236
986 73 1084328317
484 770 1084328363
986 103 1084328370
73 991 1084328380
103 151 1084328410
991 286 1084328421
991 73 1084328455
32 991 1084328485
32 938 1084328523
938 32 1084328618
103 708 1084328707
308 520 1084328721
667 686 1084328787
176 1001 1084328796
103 783 1084328814
712 189 1084328869
32 938 1084328884
986 103 1084328910
986 619 1084328944
938 32 1084328975
63 297 1084329077
986 552 1084329110
679 396 1084329120
986 552 1084329128
70 400 1084329199
32 938 1084329224
143 681 1084329273
143 681 1084329304
938 32 1084329322
986 552 1084329347
32 938 1084329363
484 770 1084329387
297 950 1084329513
1002 32 1084329521
1002 32 1084329580
938 32 1084329655
1002 32 1084329741
719 109 1084329750
484 297 1084329760
27 794 1084329801
297 484 1084329827
988 681 1084329917
1002 32 1084329966
484 297 1084329992
581 779 1084330038
537 942 1084330141
58 811 1084330161
978 586 1084330213
978 41 1084330318
978 176 1084330421
978 974 1084330465
501 191 1084330469
1002 32 1084330470
291 42 1084330497
291 520 1084330508
978 979 1084330532
501 768 1084330557
978 704 1084330664
978 199 1084330722
617 73 1084330839
617 73 1084330895
103 978 1084331001
783 68 1084331054
783 933 1084331081
783 103 1084331124
73 379 1084331142
617 403 1084331142
73 991 1084331171
617 734 1084331234
504 131 1084331314
926 73 1084331366
617 508 1084331438
73 617 1084331512
73 617 1084331638
73 926 1084331662
495 498 1084331886
652 513 1084331888
617 73 1084331923
297 484 1084331938
495 498 1084331945
41 938 1084331959
495 831 1084331998
988 372 1084332038
988 103 1084332048
495 831 1084332052
988 771 1084332116
988 634 1084332131
617 73 1084332208
103 988 1084332211
484 297 1084332294
938 41 1084332303
260 174 1084332366
617 462 1084332402
260 950 1084332408
545 992 1084332412
260 950 1084332460
297 484 1084332483
260 949 1084332500
9 27 1084332546
950 297 1084332753
193 233 1084332754
286 991 1084332835
814 297 1084333636
498 823 1084333820
498 389 1084333914
323 991 1084333948
323 834 1084333986
1000 1003 1084334103
379 73 1084334103
103 938 1084334247
483 782 1084334304
586 513 1084334350
681 988 1084334370
969 557 1084334399
586 244 1084334435
323 645 1084334435
483 768 1084334438
586 687 1084334452
586 978 1084334577
189 712 1084334701
809 103 1084334741
483 193 1084334777
325 938 1084334792
687 586 1084334909
297 950 1084334968
586 687 1084334996
297 814 1084335009
557 969 1084335070
498 495 1084335071
484 770 1084335108
681 388 1084335176
658 884 1084335324
482 297 1084335337
297 482 1084335360
758 741 1084335443
482 297 1084335444
297 482 1084335493
482 297 1084335603
950 297 1084335651
297 482 1084335694
950 260 1084335712
483 193 1084335739
297 950 1084335739
557 926 1084335791
396 679 1084335803
969 557 1084335997
482 297 1084336206
482 297 1084336206
68 783 1084336209
67 938 1084336249
758 681 1084336288
297 482 1084336313
44 249 1084336362
681 758 1084336428
542 460 1084336465
308 1004 1084336562
527 332 1084336573
308 332 1084336577
332 527 1084336602
67 928 1084336611
372 831 1084336625
332 308 1084336626
1001 176 1084336638
483 193 1084336659
193 708 1084336719
758 681 1084336726
32 1005 1084336744
915 823 1084336749
482 297 1084336808
308 332 1084336853
557 969 1084336853
193 483 1084336943
1005 32 1084336944
372 988 1084336960
1004 308 1084337015
323 557 1084337060
483 193 1084337102
193 483 1084337172
826 925 1084337184
483 193 1084337212
176 1001 1084337234
915 901 1084337274
704 978 1084337286
969 557 1084337286
708 103 1084337299
513 586 1084337314
323 1006 1084337316
325 379 1084337346
708 193 1084337390
1001 176 1084337394
964 847 1084337416
814 297 1084337416
964 847 1084337416
595 176 1084337489
176 1001 1084337495
323 1007 1084337554
176 595 1084337556
996 323 1084337590
595 176 1084337652
244 448 1084337669
686 163 1084337689
176 595 1084337694
1005 878 1084337723
484 770 1084337743
686 667 1084337758
212 964 1084337790
595 176 1084337802
372 1005 1084337839
297 482 1084337853
212 1004 1084337856
557 969 1084337859
561 557 1084337866
1005 372 1084337880
176 595 1084337890
520 308 1084337945
1004 212 1084337945
297 814 1084337960
595 176 1084337982
595 372 1084338003
884 658 1084338038
520 291 1084338038
176 595 1084338057
988 103 1084338101
561 281 1084338113
988 681 1084338152
595 176 1084338186
551 371 1084338215
988 372 1084338226
1004 815 1084338248
317 840 1084338289
323 557 1084338317
317 311 1084338349
551 371 1084338352
950 297 1084338369
969 557 1084338386
142 475 1084338404
297 950 1084338479
372 766 1084338479
244 586 1084338520
372 766 1084338551
372 1005 1084338566
73 617 1084338583
1008 1004 1084338643
950 297 1084338643
596 103 1084338703
586 513 1084338719
372 595 1084338720
484 770 1084338759
297 950 1084338773
308 520 1084338832
372 766 1084338832
73 379 1084338832
586 244 1084338855
770 484 1084338855
131 297 1084338856
869 498 1084338867
142 997 1084338868
176 595 1084338873
595 372 1084338935
212 1004 1084338949
297 131 1084338967
950 297 1084338983
595 176 1084338990
73 379 1084339000
460 542 1084339018
1004 212 1084339033
131 297 1084339089
389 652 1084339095
814 297 1084339098
460 934 1084339130
323 996 1084339161
915 536 1084339190
460 608 1084339200
536 915 1084339222
498 869 1084339258
463 687 1084339261
323 557 1084339287
484 770 1084339288
212 439 1084339310
595 176 1084339336
74 686 1084339339
204 999 1084339403
204 456 1084339420
212 1004 1084339473
212 1004 1084339473
652 460 1084339484
1004 212 1084339503
831 1004 1084339544
915 536 1084339591
389 830 1084339601
389 652 1084339629
1004 831 1084339654
711 873 1084339657
372 595 1084339657
783 68 1084339666
372 595 1084339674
561 557 1084339679
463 1009 1084339689
388 681 1084339695
389 830 1084339734
949 260 1084339745
681 388 1084339753
317 408 1084339781
818 357 1084339818
463 339 1084339831
9 711 1084339836
372 818 1084339872
966 72 1084339872
681 758 1084339872
372 831 1084339906
372 831 1084339916
463 748 1084339932
297 950 1084339983
463 1010 1084340034
297 131 1084340040
142 244 1084340042
463 1010 1084340043
297 814 1084340055
429 950 1084340096
317 1011 1084340119
463 293 1084340119
1004 598 1084340198
1004 1012 1084340234
758 681 1084340235
142 73 1084340262
63 73 1084340297
41 938 1084340310
131 297 1084340404
317 394 1084340411
73 142 1084340490
72 966 1084340498
1004 463 1084340501
297 131 1084340509
536 915 1084340527
302 1000 1084340562
766 372 1084340571
73 63 1084340575
851 679 1084340582
469 463 1084340592
766 372 1084340592
561 557 1084340595
950 297 1084340608
766 372 1084340620
176 595 1084340652
871 371 1084340667
469 598 1084340693
63 73 1084340740
645 323 1084340743
297 950 1084340814
131 297 1084340862
131 297 1084340863
821 475 1084340933
1000 302 1084340937
41 595 1084340995
372 766 1084340996
950 429 1084341002
297 131 1084341028
372 766 1084341076
621 593 1084341132
871 429 1084341153
933 783 1084341160
131 297 1084341176
429 950 1084341211
915 536 1084341241
942 454 1084341268
297 131 1084341304
323 645 1084341326
596 1004 1084341329
67 63 1084341354
323 834 1084341369
131 297 1084341381
314 372 1084341405
323 557 1084341423
1004 596 1084341440
131 297 1084341514
131 1008 1084341545
621 830 1084341547
316 355 1084341575
978 586 1084341585
536 915 1084341588
297 131 1084341592
557 708 1084341625
679 396 1084341625
950 297 1084341652
652 928 1084341665
950 429 1084341691
372 314 1084341700
815 1004 1084341710
768 501 1084341719
131 297 1084341726
596 73 1084341761
297 950 1084341764
810 349 1084341819
596 1004 1084341845
407 765 1084341854
297 131 1084341868
132 318 1084341940
830 621 1084341952
1004 596 1084341952
758 834 1084341997
314 131 1084342035
407 372 1084342043
128 934 1084342061
68 783 1084342073
131 297 1084342080
777 992 1084342143
830 389 1084342154
596 989 1084342155
834 323 1084342169
297 131 1084342180
834 758 1084342212
314 966 1084342236
557 323 1084342257
949 969 1084342294
314 131 1084342376
131 297 1084342378
596 1004 1084342408
993 815 1084342441
204 498 1084342443
323 557 1084342462
314 400 1084342467
1004 596 1084342489
204 949 1084342490
67 63 1084342497
783 933 1084342526
479 713 1084342568
642 323 1084342586
783 68 1084342628
323 834 1084342638
479 642 1084342668
398 1013 1084342684
448 244 1084342708
323 642 1084342719
314 966 1084342724
686 74 1084342764
840 346 1084342774
840 448 1084342784
840 317 1084342794
642 479 1084342794
605 272 1084342795
418 1000 1084342829
642 323 1084342829
314 479 1084342829
768 483 1084342841
372 407 1084342936
372 407 1084342955
323 642 1084342972
314 131 1084342997
966 314 1084343001
68 783 1084343055
590 840 1084343106
418 580 1084343107
561 557 1084343122
314 479 1084343133
407 378 1084343133
323 642 1084343145
758 834 1084343167
407 372 1084343195
590 835 1084343252
314 966 1084343252
323 834 1084343299
372 595 1084343313
372 407 1084343321
834 758 1084343365
557 323 1084343376
131 314 1084343402
303 298 1084343555
567 713 1084343555
835 590 1084343561
407 372 1084343579
479 314 1084343582
73 63 1084343602
314 372 1084343602
681 758 1084343602
567 47 1084343651
640 642 1084343659
67 63 1084343675
851 679 1084343678
323 834 1084343687
314 479 1084343697
73 596 1084343704
6 686 1084343723
561 557 1084343749
814 297 1084343778
314 131 1084343794
323 642 1084343811
714 928 1084343834
73 596 1084343834
323 557 1084343879
851 679 1084343890
63 73 1084343940
831 372 1084343943
831 1004 1084343966
901 41 1084343969
378 407 1084344000
378 644 1084344056
590 835 1084344111
758 681 1084344176
681 758 1084344194
758 834 1084344194
212 555 1084344201
758 681 1084344201
1004 831 1084344223
901 915 1084344274
561 557 1084344317
642 640 1084344335
644 378 1084344338
831 1004 1084344348
681 758 1084344396
418 966 1084344397
233 193 1084344401
314 479 1084344429
834 758 1084344434
652 265 1084344441
567 823 1084344448
323 834 1084344460
314 131 1084344473
378 644 1084344486
567 823 1084344486
323 642 1084344592
567 823 1084344604
567 823 1084344608
1004 831 1084344623
687 586 1084344676
687 463 1084344694
297 814 1084344703
831 1004 1084344710
652 954 1084344729
557 323 1084344760
652 324 1084344790
1004 831 1084344803
193 233 1084344844
1004 831 1084344877
588 953 1084344879
323 557 1084344883
9 8 1084344888
831 1004 1084344946
557 561 1084344958
652 215 1084344982
337 840 1084344984
1004 831 1084345021
337 297 1084345048
617 462 1084345061
629 713 1084345081
297 337 1084345108
831 1004 1084345108
652 190 1084345128
1014 1 1084345152
323 834 1084345178
263 642 1084345187
1004 831 1084345202
323 642 1084345205
9 8 1084345205
9 788 1084345228
652 761 1084345253
1004 687 1084345282
9 711 1084345295
642 263 1084345319
323 557 1084345349
41 901 1084345356
337 297 1084345365
652 35 1084345397
617 73 1084345440
144 121 1084345466
758 834 1084345489
652 1015 1084345495
758 681 1084345502
263 391 1084345510
652 1016 1084345547
307 317 1084345560
144 189 1084345591
681 758 1084345601
652 115 1084345606
297 337 1084345718
297 337 1084345722
400 396 1084345730
400 973 1084345822
323 642 1084345835
144 142 1084345884
337 297 1084345897
840 590 1084345899
418 711 1084345915
479 27 1084345953
400 447 1084345957
391 263 1084346003
297 337 1084346015
770 484 1084346027
27 479 1084346117
144 515 1084346118
9 8 1084346118
9 711 1084346130
144 1017 1084346197
144 1004 1084346261
263 391 1084346289
721 781 1084346313
144 1018 1084346314
1019 439 1084346323
667 686 1084346354
716 429 1084346378
603 814 1084346391
716 429 1084346395
871 721 1084346408
323 642 1084346428
998 783 1084346470
1019 439 1084346480
1019 439 1084346489
323 834 1084346507
1019 588 1084346556
323 557 1084346568
144 1004 1084346581
1019 588 1084346587
758 681 1084346589
144 1017 1084346648
667 840 1084346800
1004 144 1084346819
73 63 1084346831
323 642 1084346832
1019 676 1084346850
667 391 1084346864
323 642 1084346914
1017 144 1084346938
143 681 1084346995
9 318 1084347008
1014 1020 1084347033
721 782 1084347033
323 643 1084347057
721 777 1084347057
143 6 1084347069
783 998 1084347073
783 68 1084347082
1019 402 1084347094
9 212 1084347095
479 27 1084347105
716 840 1084347140
871 721 1084347143
323 400 1084347157
563 239 1084347157
603 375 1084347157
9 711 1084347195
9 8 1084347204
871 765 1084347208
928 714 1084347247
1004 194 1084347265
840 667 1084347276
323 642 1084347278
27 479 1084347284
144 1004 1084347287
563 97 1084347287
840 716 1084347319
68 783 1084347335
249 44 1084347394
176 1021 1084347412
479 27 1084347427
323 373 1084347435
928 652 1084347460
144 1022 1084347520
27 479 1084347593
212 439 1084347622
212 439 1084347622
716 840 1084347661
834 144 1084347765
73 617 1084347823
555 1019 1084347888
1019 555 1084347888
586 687 1084347888
144 834 1084347924
871 391 1084348001
339 463 1084348132
771 988 1084348159
448 840 1084348159
942 454 1084348159
323 642 1084348159
492 835 1084348215
95 63 1084348233
1004 437 1084348299
988 771 1084348311
181 495 1084348397
481 992 1084348447
181 454 1084348454
144 479 1084348470
181 766 1084348511
679 310 1084348635
479 144 1084348653
323 373 1084348676
95 712 1084348677
144 1023 1084348824
181 765 1084348831
992 481 1084348862
787 720 1084348869
501 768 1084348998
189 144 1084349047
714 928 1084349110
771 988 1084349119
144 479 1084349140
204 418 1084349208
204 298 1084349262
105 599 1084349264
373 1023 1084349277
1018 561 1084349326
418 1024 1084349409
1018 53 1084349424
1018 53 1084349433
835 492 1084349566
144 996 1084349808
539 765 1084349890
988 771 1084349946
103 988 1084350029
442 635 1084350130
103 798 1084350149
483 768 1084350183
103 144 1084350329
998 783 1084350400
144 103 1084350410
783 68 1084350419
783 998 1084350476
548 913 1084350604
68 783 1084350630
783 68 1084350699
874 498 1084350726
874 254 1084350740
103 975 1084350744
144 975 1084350789
599 105 1084350794
686 6 1084350823
103 819 1084350829
68 783 1084350851
542 460 1084350863
542 504 1084350881
686 667 1084350922
542 598 1084350987
1003 1000 1084351081
783 68 1084351105
481 992 1084351197
212 211 1084351275
481 27 1084351337
482 1005 1084351343
687 1004 1084351354
1004 687 1084351398
27 481 1084351431
928 714 1084351431
642 1024 1084351701
881 999 1084351715
68 783 1084351808
933 783 1084351836
523 549 1084351894
969 949 1084352000
174 260 1084352093
252 783 1084352093
1005 482 1084352095
712 95 1084352205
252 391 1084352230
481 27 1084352290
1023 373 1084352319
252 831 1084352424
783 68 1084352444
783 933 1084352532
481 988 1084352535
783 252 1084352573
252 783 1084352693
212 339 1084352941
794 27 1084353036
68 783 1084353088
252 765 1084353145
969 771 1084353148
481 783 1084353156
481 561 1084353320
252 297 1084353404
325 318 1084353560
783 252 1084353758
783 68 1084353770
68 783 1084353824
783 481 1084353825
481 783 1084353900
204 498 1084353920
975 539 1084353923
174 260 1084353923
388 1019 1084353925
388 1019 1084353936
783 68 1084353938
388 1019 1084353946
388 1019 1084353951
783 481 1084353962
975 481 1084353998
481 783 1084353999
204 498 1084354026
795 1025 1084354108
252 783 1084354162
68 783 1084354190
783 481 1084354209
481 815 1084354220
975 481 1084354227
783 252 1084354255
481 783 1084354265
783 68 1084354268
481 975 1084354293
68 783 1084354307
252 783 1084354360
975 481 1084354438
481 975 1084354505
783 481 1084354506
783 68 1084354530
783 252 1084354545
42 726 1084354574
425 765 1084354588
42 163 1084354629
704 1026 1084354740
1025 795 1084354890
498 831 1084354902
68 783 1084354976
252 783 1084355037
783 68 1084355204
68 783 1084355287
504 542 1084355327
783 252 1084355420
252 687 1084355421
252 783 1084355439
68 391 1084355674
783 68 1084355677
68 783 1084355718
783 1025 1084355756
338 454 1084355997
933 783 1084356016
998 783 1084356038
783 68 1084356066
783 933 1084356186
683 48 1084356290
68 783 1084356329
783 998 1084356363
783 68 1084356395
68 783 1084356484
998 783 1084356662
933 783 1084356840
933 765 1084357163
84 765 1084357517
84 391 1084358178
84 1000 1084358469
84 638 1084358948
84 639 1084359174
250 513 1084359592
979 978 1084359656
105 599 1084359876
105 1021 1084360021
105 1027 1084360485
834 144 1084365594
244 586 1084366287
244 448 1084366751
244 142 1084367096
949 969 1084368669
964 212 1084369879
26 1014 1084372210
26 462 1084372333
