312 1 1097682851
1 312 1097684966
1557 673 1097692933
1624 1557 1097693167
1557 1624 1097693266
1557 1624 1097693368
673 1557 1097695533
1624 1557 1097697171
1167 1540 1097700291
768 1280 1097701465
843 1237 1097701755
1893 1840 1097704867
1893 868 1097704929
423 132 1097710523
131 1181 1097711204
686 492 1097711599
868 1079 1097712604
868 1893 1097712627
1543 1395 1097715567
193 773 1097721028
312 1 1097723607
1783 1792 1097725329
398 828 1097725758
828 398 1097727296
146 1 1097729472
469 1181 1097729955
1079 868 1097730100
469 1629 1097730149
469 1629 1097730197
469 1629 1097730297
492 686 1097730345
492 1629 1097730413
1079 1344 1097730601
1079 1344 1097730603
1079 1313 1097730649
1079 1644 1097731132
1644 1079 1097731848
1079 1644 1097731945
1644 1079 1097732601
1079 1644 1097732753
1079 1644 1097732767
1773 1282 1097733680
1748 97 1097737053
1178 1332 1097737826
1236 1237 1097739702
1 312 1097742817
1 146 1097742841
686 492 1097742972
1629 469 1097762661
