1762 431 1091114256
1231 1168 1091115457
32 1731 1091116986
191 429 1091117024
32 443 1091117037
32 377 1091117245
1756 1403 1091118290
1748 970 1091118560
1748 172 1091118650
1395 1772 1091120341
27 620 1091120385
1395 1686 1091120464
394 1190 1091120817
1624 48 1091123622
1052 697 1091125851
1190 1285 1091126118
1190 394 1091126158
1052 1238 1091126338
652 1130 1091127532
95 1387 1091128483
95 44 1091128576
1281 32 1091128873
561 431 1091129643
1168 1231 1091130698
9 8 1091130938
431 1762 1091131094
431 561 1091131506
9 32 1091131715
1285 1190 1091132533
525 1756 1091133354
44 95 1091134129
1756 525 1091134378
525 1756 1091134870
429 191 1091135214
1491 132 1091135255
312 1 1091136096
1756 525 1091136109
1772 1395 1091136144
1 312 1091136617
1 312 1091136642
1313 9 1091136804
1313 9 1091136859
1313 9 1091136880
1313 9 1091136939
1313 9 1091137005
543 1513 1091140481
1231 1168 1091141053
1756 474 1091142162
697 1052 1091142299
697 642 1091142316
1758 1644 1091150620
474 1756 1091151968
525 1756 1091152161
1403 1756 1091153386
1624 1052 1091154770
1647 749 1091155031
995 318 1091156190
32 1281 1091156613
32 9 1091157026
105 1624 1091159251
1644 1758 1091159306
105 1118 1091159370
172 1748 1091159404
105 1624 1091159921
1168 105 1091160196
105 1168 1091160276
1624 105 1091160309
105 1624 1091160415
105 1039 1091160545
1624 105 1091161113
105 1624 1091161768
105 1255 1091163785
1255 105 1091163972
105 1255 1091164004
1624 105 1091164125
105 1624 1091165301
1395 1772 1091165474
1772 1395 1091166198
1181 19 1091166941
1624 105 1091167215
105 1624 1091167468
1713 593 1091169035
621 593 1091169040
593 621 1091169145
1624 105 1091169216
105 1624 1091169723
19 1181 1091170413
19 1313 1091170645
105 19 1091170662
1686 1026 1091170706
1026 1686 1091170790
19 1313 1091170802
1686 1026 1091170875
19 1026 1091171334
1313 19 1091172035
1026 1686 1091172193
1686 1026 1091172263
19 1313 1091172402
19 1313 1091172443
1026 1686 1091172464
1026 1686 1091172501
1686 1026 1091172623
1118 308 1091172798
1026 1686 1091172879
1686 1026 1091173094
1780 1255 1091173486
8 9 1091173522
105 557 1091174330
105 557 1091174384
27 1686 1091177288
191 429 1091180897
1773 1253 1091186033
1253 1773 1091186961
1741 593 1091192972
42 1255 1091197377
42 105 1091197430
