105 56 1082653516
106 72 1082653683
105 61 1082653966
105 8 1082654051
105 33 1082654503
105 107 1082654817
105 81 1082655250
44 102 1082656071
36 105 1082659317
36 104 1082659895
34 108 1082660179
34 109 1082660743
36 110 1082660940
111 112 1082661553
34 58 1082662461
36 113 1082662716
36 109 1082662740
79 109 1082663507
114 105 1082663676
101 115 1082663773
56 90 1082664575
56 105 1082664609
56 68 1082664651
29 58 1082665970
87 58 1082666210
44 116 1082666706
44 117 1082667280
44 117 1082667312
44 79 1082667839
80 58 1082668259
96 32 1082669430
118 100 1082670352
119 120 1082670688
119 120 1082670704
120 119 1082670775
120 75 1082670850
119 120 1082670949
120 119 1082670972
119 58 1082671048
74 73 1082671401
118 120 1082671996
121 108 1082672486
72 106 1082672710
44 92 1082673531
26 122 1082673946
44 79 1082675428
1 123 1082676222
96 124 1082677446
125 126 1082677532
36 104 1082678664
44 79 1082680218
44 79 1082680860
36 124 1082680998
36 127 1082681628
36 128 1082681679
44 79 1082681912
44 129 1082682026
44 116 1082682189
9 120 1082682332
79 58 1082682731
36 109 1082683846
124 109 1082683974
36 109 1082684146
124 61 1082684222
124 72 1082684424
36 109 1082684927
36 112 1082685268
124 85 1082685511
85 124 1082685625
32 130 1082685691
36 112 1082685725
124 85 1082685768
72 124 1082686656
124 8 1082686913
131 30 1082687241
99 126 1082688025
103 72 1082688404
103 72 1082688765
103 63 1082689042
103 117 1082689139
103 72 1082689523
131 30 1082691496
69 95 1082692186
69 124 1082692204
69 79 1082692215
132 30 1082692234
36 99 1082692567
36 133 1082692612
36 60 1082692654
36 134 1082692856
36 133 1082692929
36 81 1082693082
103 72 1082693359
103 135 1082693580
133 135 1082693664
135 133 1082693705
36 133 1082693715
103 135 1082693727
19 52 1082693950
133 135 1082693958
103 135 1082694026
103 135 1082694074
135 133 1082694080
133 135 1082694144
36 133 1082694158
36 133 1082694612
36 133 1082695409
9 109 1082697472
9 109 1082698466
62 136 1082699464
96 32 1082700012
137 138 1082701057
96 137 1082701256
19 120 1082701459
44 90 1082701470
96 137 1082701484
137 138 1082701493
19 139 1082701903
44 60 1082702454
44 88 1082702546
44 102 1082702617
44 90 1082702670
19 111 1082702679
44 90 1082702885
9 32 1082702909
44 90 1082703058
44 90 1082703229
103 63 1082703442
103 72 1082703489
38 86 1082703540
140 105 1082703577
103 72 1082704067
38 86 1082704560
38 101 1082704766
38 101 1082705521
38 101 1082705563
103 101 1082705658
38 101 1082705768
103 101 1082705775
38 61 1082706733
75 120 1082706737
38 81 1082706844
44 141 1082706986
44 141 1082707082
44 74 1082707557
44 127 1082707684
124 135 1082709847
140 124 1082710212
19 82 1082710304
19 82 1082710599
19 82 1082710723
105 56 1082710926
19 82 1082710984
124 135 1082711051
105 58 1082711115
105 63 1082711129
19 82 1082711132
105 61 1082711211
105 135 1082711395
124 135 1082711713
71 72 1082712614
135 124 1082712846
9 32 1082712981
63 105 1082713007
72 71 1082713242
142 58 1082713344
124 135 1082713430
124 135 1082713619
143 32 1082713772
144 99 1082714081
144 105 1082714222
144 121 1082714356
9 109 1082714460
103 109 1082715683
103 63 1082715865
103 63 1082716576
103 109 1082716714
48 81 1082716717
95 81 1082716899
145 48 1082716941
95 63 1082716951
145 95 1082717081
95 109 1082717085
145 95 1082717213
145 48 1082717349
145 95 1082717511
145 48 1082717714
145 48 1082717856
95 109 1082717927
96 48 1082718139
95 109 1082718272
96 95 1082718540
96 95 1082718708
96 48 1082718758
96 95 1082718927
105 144 1082720154
105 63 1082720168
6 146 1082721036
