1836 1724 1096213355
32 1675 1096218547
536 927 1096221062
312 1 1096221495
711 1601 1096223153
711 1868 1096223220
557 1624 1096226592
1724 1836 1096229235
1308 9 1096231972
1246 1601 1096233395
95 1624 1096233922
1118 1601 1096235656
1624 95 1096240706
398 1624 1096240726
9 1308 1096243679
9 708 1096244002
9 899 1096244063
1624 398 1096244070
9 1380 1096244157
1624 810 1096244587
1624 1862 1096244794
1624 1781 1096244820
398 1624 1096245561
1624 398 1096245584
398 1624 1096245835
1624 398 1096245922
1781 1624 1096246051
398 1624 1096246125
1624 1781 1096246248
1624 1601 1096246449
398 1624 1096246655
1781 1624 1096246952
1624 398 1096247865
1624 1781 1096247961
1781 1624 1096248495
1624 1781 1096248515
1675 32 1096248666
1624 1781 1096249713
1624 1772 1096249763
1344 1312 1096250013
1624 810 1096250191
810 1624 1096250355
810 1624 1096250367
1624 810 1096250381
1624 810 1096250390
810 1624 1096250402
1624 645 1096250420
810 1624 1096250438
1624 810 1096250491
810 1624 1096250555
810 1624 1096250610
1624 810 1096250677
1624 810 1096250686
1624 1868 1096250715
810 1624 1096250766
1868 1624 1096250781
1387 1312 1096250857
1868 711 1096251043
810 1624 1096251147
1624 810 1096251345
1624 1868 1096251360
810 1624 1096251385
1624 810 1096251391
1624 810 1096251412
1868 1624 1096251500
1624 1868 1096251549
1624 1871 1096251724
810 1624 1096251741
1871 1624 1096251793
1624 810 1096251795
1868 1624 1096251800
1624 1871 1096251823
1624 1868 1096251854
1871 1624 1096251861
1624 1871 1096251875
1871 1624 1096251932
1624 1871 1096251964
1871 1624 1096252007
1624 1871 1096252033
1868 1624 1096252044
810 1624 1096252056
1624 1868 1096252665
1624 810 1096252681
810 1624 1096252885
1624 810 1096252957
1868 1624 1096253046
810 1624 1096253097
1624 1868 1096253111
1624 810 1096253140
1868 1624 1096253212
1624 1868 1096253328
810 1624 1096253344
1624 810 1096253410
1868 1624 1096253459
1624 1868 1096253505
810 1624 1096253589
1868 1624 1096253697
1624 810 1096253740
1624 1868 1096253763
810 1624 1096253767
1624 810 1096253795
1624 1868 1096253828
1868 1624 1096253938
810 1624 1096253948
1624 1868 1096254012
1624 810 1096254076
810 1624 1096254129
561 1750 1096254168
1868 1624 1096254202
1624 810 1096254252
398 1624 1096254297
398 1624 1096254319
1624 1868 1096254374
1624 398 1096254381
1624 1868 1096254567
1624 810 1096254844
398 1624 1096254873
810 1624 1096254979
1872 810 1096256378
1872 810 1096256537
1872 1868 1096256657
1836 1724 1096260049
1868 1872 1096260160
9 1781 1096263825
620 27 1096264764
494 1860 1096264952
443 520 1096265798
1190 792 1096266337
1190 9 1096266393
899 9 1096268191
1750 561 1096268915
821 483 1096271502
821 583 1096271524
821 483 1096271640
105 1624 1096277380
105 1127 1096277479
27 620 1096296619
