319 34 1083082176
319 333 1083082264
319 338 1083082289
342 260 1083084866
67 32 1083086889
51 324 1083087641
319 333 1083090612
319 325 1083090771
317 311 1083091492
97 338 1083092071
97 191 1083092085
34 343 1083092897
34 299 1083093126
299 34 1083093170
34 299 1083093502
120 222 1083093578
344 209 1083093802
32 8 1083093823
41 120 1083094118
47 78 1083094295
345 56 1083094714
345 318 1083094824
299 34 1083095027
34 299 1083095083
313 34 1083095776
220 32 1083096640
63 32 1083097060
294 51 1083098056
44 299 1083099877
44 34 1083099910
332 308 1083101060
88 144 1083101271
277 6 1083101610
44 34 1083101799
53 308 1083101863
53 346 1083102130
319 333 1083103114
297 88 1083103124
314 333 1083103443
235 347 1083103578
314 228 1083103631
338 348 1083103804
314 95 1083103809
319 338 1083103868
319 338 1083103968
314 48 1083104021
349 8 1083104084
319 338 1083104339
349 319 1083104496
317 308 1083104612
317 308 1083104711
9 233 1083104901
317 308 1083104947
44 308 1083104962
317 308 1083105030
317 308 1083105108
317 308 1083105124
317 308 1083105152
317 308 1083105188
317 308 1083105206
263 308 1083105258
317 308 1083105295
317 308 1083105325
97 338 1083105510
317 308 1083105554
317 308 1083105599
317 308 1083105621
317 308 1083105640
317 308 1083105768
317 308 1083105781
317 308 1083105804
263 308 1083105827
317 308 1083105855
317 308 1083105883
308 263 1083105906
263 308 1083105927
103 97 1083105978
317 263 1083106081
308 281 1083106137
333 319 1083106174
317 263 1083106178
317 263 1083106193
317 263 1083106201
281 308 1083106477
317 263 1083106505
191 347 1083107133
317 254 1083107261
317 254 1083107272
317 254 1083107293
317 254 1083107317
317 254 1083107331
317 263 1083107357
317 254 1083107520
317 263 1083107576
317 254 1083107591
317 254 1083107608
317 254 1083107619
34 313 1083107633
44 34 1083107815
317 254 1083107922
317 254 1083107942
337 254 1083108005
337 254 1083108049
337 254 1083108196
337 281 1083108433
332 281 1083108556
317 191 1083108586
317 254 1083108596
332 281 1083108666
254 302 1083108728
302 281 1083108753
317 191 1083108754
302 254 1083108789
317 191 1083108790
254 302 1083108846
337 281 1083108854
337 281 1083108935
51 324 1083108951
302 254 1083108967
317 263 1083108980
317 254 1083108991
263 281 1083109025
281 263 1083109044
254 302 1083109062
272 263 1083109086
263 254 1083109094
302 254 1083109122
281 263 1083109163
263 281 1083109175
254 302 1083109188
302 254 1083109226
254 302 1083109281
281 263 1083109460
303 298 1083109467
263 281 1083109478
302 254 1083109553
324 51 1083109713
254 302 1083109744
281 263 1083109899
263 281 1083110161
281 263 1083110433
332 281 1083110443
281 263 1083110470
332 281 1083110472
263 281 1083110482
337 281 1083110507
281 263 1083110513
281 263 1083110535
337 281 1083110537
263 281 1083110540
296 63 1083110545
263 281 1083110551
281 263 1083110594
281 263 1083111023
281 263 1083111065
337 281 1083111094
337 281 1083111103
281 308 1083111111
281 254 1083111141
263 281 1083111187
337 281 1083111207
337 281 1083111224
263 281 1083111257
281 263 1083111291
263 281 1083111343
317 281 1083111406
53 341 1083111523
27 184 1083112125
281 302 1083112158
204 184 1083112174
160 72 1083112651
160 72 1083112689
27 184 1083112815
308 281 1083112911
212 263 1083113199
27 184 1083113383
281 308 1083113428
51 324 1083113618
324 51 1083113699
350 6 1083114319
351 299 1083114475
350 299 1083114639
239 349 1083115099
304 228 1083115308
263 352 1083115356
350 299 1083115436
319 349 1083115463
101 208 1083115776
353 254 1083115808
103 134 1083115870
353 254 1083116167
317 319 1083116285
176 101 1083116435
317 308 1083116497
281 352 1083116783
62 354 1083117117
316 355 1083117394
316 263 1083117461
316 281 1083117490
103 353 1083117970
281 316 1083118047
272 316 1083118315
99 349 1083119116
204 184 1083119288
172 128 1083119324
321 233 1083119427
6 252 1083119900
8 349 1083120013
332 281 1083120107
277 263 1083120564
3 51 1083120835
356 63 1083121409
308 281 1083121502
237 191 1083121868
357 358 1083122396
32 263 1083122477
3 51 1083122495
289 359 1083122681
176 101 1083122770
308 281 1083122831
281 308 1083122855
308 281 1083122881
204 184 1083122905
204 271 1083122952
332 308 1083123030
332 308 1083123188
69 349 1083123209
191 237 1083123211
69 155 1083123217
332 308 1083123239
263 32 1083123605
291 32 1083123614
291 72 1083123705
317 308 1083123744
289 86 1083123926
3 51 1083123956
72 291 1083124059
323 340 1083124107
323 281 1083124221
332 263 1083124339
263 316 1083124442
61 105 1083124541
61 105 1083124549
323 34 1083124567
316 263 1083124601
323 281 1083124713
316 263 1083124795
3 308 1083124835
323 281 1083124936
176 61 1083124980
328 52 1083125071
323 281 1083125213
281 323 1083125349
323 281 1083125400
281 323 1083125532
32 291 1083125667
12 360 1083125878
235 191 1083126430
235 263 1083126449
357 358 1083128409
357 128 1083128724
357 175 1083128819
60 194 1083129305
60 194 1083129425
103 314 1083130095
103 360 1083130334
103 158 1083130437
12 360 1083131104
48 314 1083131165
12 316 1083131167
332 316 1083131203
103 360 1083131885
308 337 1083132247
221 211 1083132310
221 128 1083132431
44 308 1083132852
44 308 1083132933
44 308 1083133066
323 281 1083133100
323 340 1083133114
131 297 1083133383
211 221 1083133705
323 102 1083133785
323 191 1083133846
302 281 1083133883
323 102 1083133977
41 308 1083134153
34 313 1083134189
277 263 1083134259
323 191 1083134389
313 34 1083134433
41 308 1083134624
34 313 1083134771
323 191 1083134978
323 88 1083135153
349 8 1083135530
307 48 1083135577
63 74 1083135684
41 32 1083135702
131 297 1083135788
317 263 1083135894
209 242 1083135954
355 316 1083135991
316 355 1083136032
266 50 1083136067
316 263 1083136393
53 305 1083136411
316 308 1083136498
263 316 1083136514
307 48 1083136547
316 263 1083136550
272 316 1083136551
88 323 1083136552
349 297 1083136578
272 263 1083136599
307 48 1083136620
323 88 1083136665
272 316 1083136669
297 349 1083136808
272 316 1083136812
297 349 1083136923
263 316 1083136937
263 316 1083136956
272 260 1083136970
297 248 1083137013
316 263 1083137033
281 323 1083137057
316 263 1083137060
297 349 1083137068
323 281 1083137141
323 281 1083137184
281 302 1083137194
323 281 1083137249
294 339 1083137261
281 323 1083137333
263 316 1083137340
297 349 1083137362
316 263 1083137394
323 281 1083137436
323 281 1083137494
297 349 1083137510
281 323 1083137527
323 88 1083137549
263 316 1083137588
323 281 1083137598
316 263 1083137621
281 323 1083137707
297 349 1083137730
124 323 1083137742
349 97 1083137749
162 161 1083137757
323 281 1083137758
281 323 1083137899
323 281 1083137978
323 281 1083137998
297 349 1083138057
99 349 1083138260
281 323 1083138267
277 308 1083138279
277 361 1083138354
323 281 1083138365
124 323 1083138370
281 323 1083138424
88 323 1083138433
281 323 1083138436
323 281 1083138504
277 362 1083138524
97 316 1083138532
97 349 1083138543
323 88 1083138554
323 281 1083138578
344 128 1083138597
363 364 1083138653
212 51 1083138754
212 211 1083138789
355 316 1083138845
323 281 1083138883
212 263 1083139085
302 281 1083139159
242 209 1083139161
19 302 1083139273
323 281 1083139285
97 349 1083139355
281 323 1083139359
323 281 1083139423
323 281 1083139452
316 355 1083139485
308 316 1083139493
316 308 1083139527
281 302 1083139552
308 316 1083139564
88 323 1083139566
316 308 1083139579
323 88 1083139641
307 281 1083139730
307 281 1083139798
228 314 1083139818
281 323 1083139845
332 281 1083139859
281 323 1083139880
332 281 1083139887
332 281 1083139923
307 254 1083139925
334 364 1083139926
212 88 1083139956
332 281 1083139957
323 102 1083139959
323 281 1083140008
323 88 1083140071
323 281 1083140081
307 254 1083140090
75 313 1083140095
307 281 1083140151
209 365 1083140178
307 254 1083140197
307 281 1083140206
323 75 1083140220
307 254 1083140320
308 254 1083140339
323 88 1083140377
19 331 1083140395
254 308 1083140402
323 75 1083140433
19 365 1083140542
212 75 1083140553
323 75 1083140593
313 75 1083140652
365 209 1083140659
323 124 1083140684
19 365 1083140686
323 75 1083140743
75 313 1083140759
212 88 1083140760
345 318 1083140780
323 124 1083140829
19 365 1083140865
19 365 1083140900
19 365 1083140921
212 75 1083140966
308 60 1083141016
313 75 1083141058
308 254 1083141276
19 365 1083141296
286 221 1083141392
9 308 1083141393
88 212 1083141602
19 365 1083141617
74 63 1083141620
75 313 1083141669
88 358 1083141673
9 308 1083141709
313 75 1083141716
72 337 1083141737
358 88 1083141742
323 75 1083141817
9 177 1083141822
9 311 1083141836
75 313 1083141854
36 75 1083141855
88 358 1083141858
9 366 1083141867
323 281 1083141867
9 358 1083141913
19 365 1083141919
323 75 1083141939
36 75 1083141951
212 88 1083141961
60 308 1083142028
358 88 1083142055
212 224 1083142078
36 75 1083142144
97 349 1083142162
286 367 1083142193
19 365 1083142289
9 282 1083142352
9 358 1083142388
19 365 1083142492
286 202 1083142568
286 202 1083142579
286 202 1083142586
9 358 1083142760
19 365 1083142780
368 367 1083142794
212 75 1083142865
355 316 1083142975
36 361 1083143010
128 236 1083143145
334 128 1083143150
367 368 1083143181
254 337 1083143233
254 281 1083143250
254 281 1083143321
281 254 1083143413
20 21 1083143438
254 281 1083143446
20 275 1083143511
368 367 1083143556
75 313 1083143574
9 212 1083143604
32 63 1083143617
212 75 1083143621
63 74 1083143647
63 32 1083143685
368 288 1083143729
327 144 1083143813
74 63 1083143924
288 368 1083143972
32 63 1083144020
144 281 1083144039
32 263 1083144116
313 75 1083144164
144 88 1083144298
63 74 1083144301
63 32 1083144339
368 288 1083144342
97 349 1083144400
97 327 1083144424
316 355 1083144442
144 142 1083144518
288 368 1083144550
74 63 1083144650
368 288 1083144704
355 316 1083144802
314 228 1083144830
144 369 1083144841
288 368 1083144846
323 281 1083144858
314 48 1083144869
212 74 1083144891
144 370 1083144904
314 48 1083144924
63 74 1083144940
371 306 1083144947
314 95 1083144949
368 288 1083144961
311 48 1083144967
144 359 1083144977
288 368 1083145087
323 372 1083145100
368 288 1083145118
63 74 1083145146
316 355 1083145159
212 75 1083145284
289 212 1083145400
144 283 1083145535
355 316 1083145556
316 355 1083145734
316 263 1083145881
263 316 1083145985
277 191 1083146053
316 263 1083146121
144 48 1083146144
355 316 1083146268
263 316 1083146306
316 355 1083146448
332 281 1083146562
235 191 1083146576
373 308 1083146660
248 283 1083146712
308 373 1083146755
308 373 1083146778
338 144 1083146817
212 263 1083146862
308 281 1083146863
248 374 1083146867
103 316 1083146901
355 316 1083146903
316 355 1083146969
355 316 1083147144
220 221 1083147259
316 355 1083147270
355 316 1083147291
316 355 1083147342
103 375 1083147394
372 242 1083147394
128 324 1083147464
103 365 1083147541
44 174 1083147556
44 373 1083147626
103 316 1083147664
368 340 1083147683
95 365 1083147693
44 372 1083147763
372 368 1083147779
9 177 1083147862
281 308 1083148043
9 371 1083148055
44 365 1083148067
365 95 1083148075
281 323 1083148151
308 281 1083148170
9 368 1083148197
44 372 1083148205
372 371 1083148231
281 308 1083148266
340 368 1083148319
48 314 1083148340
368 340 1083148356
372 375 1083148414
95 365 1083148554
48 311 1083148567
332 281 1083148649
236 128 1083148697
365 95 1083148838
372 375 1083148880
95 365 1083148914
372 376 1083148965
376 372 1083149047
376 377 1083149099
365 95 1083149166
335 72 1083149193
372 376 1083149202
102 97 1083149286
335 155 1083149427
337 72 1083149431
103 375 1083149543
335 88 1083149664
103 378 1083149875
103 365 1083149939
103 375 1083150105
176 374 1083150228
9 368 1083150297
337 72 1083150341
53 305 1083150411
248 375 1083150520
375 248 1083150545
335 155 1083150570
248 375 1083150611
72 337 1083150661
335 368 1083150769
379 349 1083150819
335 72 1083150875
332 352 1083150975
335 72 1083151011
335 98 1083151115
335 98 1083151122
335 368 1083151288
335 98 1083151307
41 380 1083151332
41 371 1083151398
98 97 1083151401
335 50 1083151412
41 381 1083151428
335 365 1083151479
41 382 1083151499
41 343 1083151551
335 368 1083151617
41 383 1083151668
335 368 1083151813
335 368 1083152042
103 365 1083152089
335 368 1083152177
128 236 1083152220
335 368 1083152305
368 194 1083152391
194 368 1083152429
335 72 1083152450
368 194 1083152490
335 368 1083152504
335 368 1083152718
368 236 1083152743
368 322 1083152810
335 368 1083152968
335 368 1083153200
171 56 1083153402
368 309 1083155520
62 102 1083159370
62 347 1083159981
176 378 1083161080
176 378 1083161781
