1127 1340 1095088355
52 1543 1095090266
1641 970 1095090573
1237 843 1095092595
1038 132 1095092778
1052 1792 1095094089
1756 1781 1095094573
557 561 1095095819
1543 1282 1095096580
1543 52 1095096802
1543 109 1095097972
1675 1543 1095098134
1771 1127 1095099603
1312 1434 1095100460
27 652 1095101908
9 1644 1095103093
9 1190 1095103147
9 1255 1095103203
9 1255 1095103205
9 1255 1095103206
9 1255 1095103209
9 1308 1095103305
9 1839 1095103576
9 1839 1095103578
561 557 1095106350
561 1750 1095106777
398 1624 1095106829
1624 398 1095106876
561 431 1095107198
1543 1675 1095108855
1750 561 1095109761
1543 1637 1095110598
557 561 1095111069
398 1624 1095111977
503 1756 1095111999
652 27 1095112046
27 652 1095113256
1644 9 1095113552
42 27 1095114681
1700 429 1095115568
1052 635 1095117088
1052 420 1095117533
1750 561 1095117702
697 1517 1095117880
652 27 1095119066
1756 503 1095120687
1791 1724 1095121385
1791 32 1095121415
1839 9 1095124388
620 27 1095124440
1839 681 1095124494
1079 983 1095124745
1624 398 1095124829
398 1624 1095125155
1624 398 1095125290
398 1624 1095125463
1700 1839 1095125958
1839 1700 1095126052
1700 1839 1095126348
1839 1700 1095126483
1700 1839 1095126593
1839 1700 1095126840
1700 1839 1095127446
503 1756 1095127571
398 1624 1095127895
1624 398 1095128072
1624 398 1095128085
398 1624 1095128267
1624 398 1095128296
398 1624 1095128327
398 1624 1095128368
1624 398 1095128390
1624 398 1095128410
398 1624 1095128442
398 1624 1095128470
1624 398 1095128690
1624 398 1095128706
1839 1700 1095128874
398 1624 1095129000
1624 398 1095129013
1406 843 1095129414
398 1624 1095129786
398 1624 1095130018
1624 346 1095130275
1624 398 1095130301
398 1624 1095130426
1624 398 1095130560
1624 1052 1095131441
1624 1700 1095131958
398 1624 1095131978
1624 398 1095132159
1700 1624 1095132187
1624 1700 1095132227
398 1624 1095132323
1619 1644 1095132488
1700 1624 1095132490
398 1624 1095132741
1644 1619 1095133022
1724 1791 1095133299
429 1700 1095133380
1700 429 1095133587
475 341 1095133712
1312 1 1095138147
1535 303 1095138395
1403 95 1095138402
1535 1434 1095138610
1756 503 1095139107
1 1312 1095139564
1657 1624 1095139657
1756 1565 1095139775
1783 536 1095140067
681 1839 1095140138
1657 536 1095140194
681 1839 1095140268
1789 32 1095142095
1543 1839 1095142968
1434 1312 1095143289
1789 1052 1095143340
1565 1756 1095143974
975 1543 1095144284
1624 1700 1095144799
1624 398 1095144814
1624 398 1095144826
1624 1657 1095144866
95 697 1095144929
1781 1756 1095145000
95 1649 1095145267
843 1237 1095146290
1227 1127 1095147883
431 561 1095148177
1756 1565 1095173107
1756 1781 1095173371
