454 482 1088434656
1136 249 1088437292
1543 1565 1088439974
1543 1280 1088440319
1543 525 1088440507
277 1688 1088441294
105 1281 1088441641
1190 1723 1088442664
1339 474 1088443074
1314 1346 1088443344
644 719 1088445106
1713 1072 1088445229
1713 525 1088445475
1713 1624 1088445706
67 32 1088445780
1624 1713 1088445816
525 1713 1088445958
1713 1624 1088445978
1713 525 1088446002
1713 1215 1088446031
525 1713 1088446043
1713 525 1088446086
525 1713 1088446134
1713 525 1088446198
525 1713 1088446200
525 1713 1088446218
32 67 1088446555
32 1675 1088446770
1060 249 1088446952
63 249 1088447951
1713 63 1088448298
1346 1314 1088449258
474 249 1088449278
1713 1346 1088449923
1713 1231 1088450004
1713 638 1088450050
1231 1713 1088450169
1713 1231 1088450361
1231 1713 1088450605
1713 1231 1088450669
1231 1713 1088450738
1713 1231 1088450866
1231 1713 1088450917
1713 1231 1088451102
312 1 1088451720
1713 1231 1088451924
1244 249 1088452208
1717 784 1088453530
1713 1724 1088453666
1068 674 1088455013
1543 1724 1088455552
1667 1231 1088455598
1717 353 1088455771
1717 908 1088455791
1647 1688 1088456200
1624 1713 1088456454
1713 1624 1088457756
768 1280 1088458246
1346 1713 1088458355
1713 1346 1088458397
1346 1713 1088458427
1713 1346 1088458453
1346 1713 1088458481
1713 1346 1088458518
1346 1713 1088458653
1713 1346 1088458865
1713 378 1088458898
1346 1713 1088458932
1713 1346 1088458969
1713 1346 1088459412
447 395 1088459477
1285 27 1088460046
561 1713 1088460773
1543 1485 1088461247
27 1285 1088461407
124 1565 1088461922
124 1255 1088461965
1713 44 1088462119
124 1644 1088462130
44 1713 1088462250
1713 44 1088462361
44 1713 1088462570
1713 44 1088462607
1713 277 1088462911
1624 1713 1088462940
1642 822 1088463126
1255 124 1088463536
1713 1181 1088464610
1713 1181 1088464681
175 224 1088464823
1231 1713 1088466691
1231 1667 1088466732
525 1543 1088466792
431 1346 1088467972
1688 1647 1088468144
1667 1231 1088468268
1688 277 1088468611
1329 1644 1088468802
1231 1667 1088468830
85 1713 1088468853
61 1721 1088469003
249 1136 1088469194
249 474 1088469256
249 1244 1088469322
557 152 1088469513
249 1402 1088470044
1644 1329 1088470046
1346 431 1088470303
1231 1605 1088470344
799 302 1088471662
1255 1231 1088473064
674 1068 1088474353
429 191 1088476247
1713 379 1088477647
1713 1554 1088477750
1713 1554 1088477771
598 652 1088477812
1136 249 1088478274
1713 757 1088479597
27 652 1088480323
1285 27 1088480514
1713 598 1088480653
474 249 1088481244
1725 1072 1088481562
1713 1346 1088481828
1713 1387 1088482547
1387 557 1088482582
1387 95 1088482740
1387 1285 1088482870
1387 1535 1088482934
1387 1285 1088483016
1387 1713 1088483067
1408 1720 1088483325
353 1717 1088483589
353 950 1088483626
1408 1624 1088483728
1343 1342 1088483741
1712 1726 1088484273
843 249 1088484310
1712 1726 1088484341
249 474 1088484524
249 389 1088484559
1713 282 1088485715
1713 1648 1088485933
1713 72 1088486198
282 1713 1088486389
1713 282 1088486414
282 1713 1088486542
1713 282 1088486651
282 1713 1088486710
1713 282 1088486745
249 63 1088486962
249 282 1088487025
1713 282 1088487045
1346 1314 1088487047
282 1713 1088487176
1713 282 1088487235
282 1713 1088487434
1346 393 1088487469
1713 282 1088487499
1255 42 1088487671
317 311 1088488521
314 644 1088488533
27 1285 1088488773
644 314 1088488797
1079 282 1088489186
1079 27 1088489300
1253 644 1088489344
1079 27 1088489346
1130 214 1088489478
1079 27 1088489813
1253 673 1088490106
1713 1130 1088490122
312 644 1088490647
124 1255 1088490852
1579 42 1088490952
27 1079 1088491073
1158 1072 1088491192
72 1713 1088491619
431 1346 1088491679
1255 124 1088491988
1535 1387 1088492116
1535 1339 1088492168
1723 1190 1088492318
1535 644 1088492443
1606 843 1088492581
1346 431 1088492786
1725 898 1088493724
1543 173 1088494822
1647 1688 1088494885
393 1346 1088494932
1543 1712 1088494989
1721 61 1088495116
1346 393 1088495167
1543 1627 1088495268
27 620 1088495375
1647 544 1088495455
1647 1005 1088495878
1647 193 1088495922
1543 525 1088495954
878 1647 1088495993
1647 878 1088496062
302 799 1088496499
1688 1647 1088497659
242 783 1088497904
242 783 1088497939
1727 995 1088497956
1727 346 1088498195
1280 768 1088498588
1280 1543 1088498604
783 242 1088499040
544 1647 1088499267
1727 1453 1088502117
1717 353 1088502885
1713 617 1088504784
191 429 1088510053
214 1130 1088514220
42 1255 1088514911
42 1579 1088515005
199 1717 1088518601
