821 583 1096826789
536 1543 1096827411
1713 536 1096828081
1167 809 1096831734
312 1 1096832534
620 27 1096833009
1783 697 1096833725
1 312 1096836850
1862 601 1096839775
1781 847 1096839895
1713 561 1096841372
1713 617 1096841604
1713 233 1096841724
233 1713 1096841959
1713 233 1096842044
561 1713 1096846943
1713 561 1096847399
1280 768 1096851619
1864 697 1096854192
1543 1870 1096857228
93 1624 1096860923
1624 93 1096862193
172 523 1096863623
1713 1117 1096864272
1601 1875 1096864446
27 652 1096864660
697 1864 1096864677
27 620 1096864788
1117 1713 1096865040
1876 868 1096865096
1876 27 1096865157
1876 1117 1096865275
1362 1624 1096865747
312 1 1096867354
620 27 1096867417
1864 697 1096871490
1878 1864 1096871575
1878 1865 1096871990
1624 1362 1096872646
1836 1724 1096872977
1700 429 1096875519
1700 1540 1096875576
27 1876 1096877243
27 620 1096877342
1730 1878 1096881203
