1831 12 1095348348
1781 1601 1095349765
1781 398 1095349806
1781 469 1095349926
398 1781 1095351971
652 1565 1095352588
27 652 1095352706
652 27 1095352822
1781 398 1095356546
1000 1285 1095361685
1624 456 1095361873
456 1624 1095363324
1308 9 1095363794
652 585 1095363999
398 1781 1095365508
143 1619 1095366777
1255 9 1095371154
492 1565 1095371560
1452 95 1095371789
95 1452 1095371851
95 1839 1095371913
1452 95 1095371953
95 1403 1095372230
1452 346 1095372307
95 1452 1095372327
492 1565 1095372389
1452 95 1095372454
95 1452 1095372879
1624 456 1095375378
1540 1700 1095376167
1540 1725 1095376223
1314 1346 1095377070
456 105 1095378611
503 1756 1095379422
503 469 1095379474
1756 503 1095381543
1181 469 1095381654
1756 1781 1095381656
1181 469 1095381695
1181 9 1095381763
1781 398 1095381831
1781 1756 1095381850
1756 1781 1095381913
1624 1349 1095385447
525 469 1095385855
525 1811 1095385894
1624 492 1095385911
1624 652 1095386803
652 1624 1095386833
1624 652 1095386957
398 1781 1095389352
1811 525 1095389685
1217 1841 1095389872
1811 1624 1095389946
1624 1811 1095390662
1624 398 1095391057
398 1624 1095392042
1781 1756 1095392058
1781 398 1095392089
95 697 1095392532
398 1781 1095392796
398 1624 1095394264
398 1624 1095394315
105 456 1095394652
105 1831 1095394748
1675 1601 1095397156
821 483 1095397305
1601 1675 1095397697
1237 673 1095399308
1413 454 1095401820
1413 969 1095402378
1413 969 1095402411
1282 1543 1095405850
1565 652 1095405876
1231 1783 1095407168
483 821 1095420316
1756 1781 1095431639
