1349 1183 1091380264
561 431 1091382059
1585 3 1091382652
3 1585 1091384338
431 561 1091384914
32 9 1091386547
1127 36 1091387131
1312 12 1091389701
768 593 1091389703
768 1280 1091391528
431 969 1091393025
969 431 1091393197
431 969 1091393315
969 431 1091393400
969 431 1091393428
431 969 1091393556
431 1312 1091394014
271 277 1091397537
1624 1313 1091397922
1624 1052 1091397977
1716 1308 1091398112
1285 1624 1091403238
1285 1021 1091403393
1181 19 1091405025
1009 27 1091405089
1009 27 1091405926
1312 431 1091408113
1052 1624 1091408285
1624 1285 1091409932
1624 1052 1091409975
431 1312 1091412167
1285 1624 1091412889
1312 431 1091413036
431 1312 1091413106
1773 1253 1091413870
1624 1285 1091414341
19 1181 1091414477
1280 768 1091416695
1253 1773 1091416703
198 809 1091418081
431 1255 1091419790
9 1313 1091421014
1285 1624 1091422827
32 938 1091422950
32 67 1091423390
1313 9 1091424292
1624 1285 1091425648
642 711 1091425984
67 1304 1091425992
1533 594 1091426101
1686 358 1091426109
711 642 1091426112
358 1686 1091426186
1686 358 1091426248
431 358 1091426388
1686 1624 1091426413
358 1686 1091426442
358 431 1091426598
1686 358 1091426640
1758 474 1091426657
431 358 1091426717
642 711 1091426882
358 1686 1091426982
358 431 1091427065
711 642 1091427327
431 358 1091427346
474 1758 1091428458
19 447 1091428574
1052 1624 1091430003
812 1253 1091430333
1021 1285 1091431873
557 302 1091432268
377 32 1091433850
302 557 1091434994
809 198 1091440738
1346 1314 1091446814
271 27 1091456906
271 1644 1091457017
1675 67 1091457697
