276 1343 1087056277
1686 220 1087057536
1554 1189 1087058270
462 1646 1087059156
462 1638 1087059214
1646 462 1087059313
249 1021 1087059757
713 884 1087060104
1373 713 1087060181
713 1326 1087060185
713 1158 1087060244
779 1308 1087061343
249 547 1087062050
1668 454 1087063254
342 544 1087063334
1586 1580 1087064717
1189 128 1087064717
1189 1688 1087064734
1314 1346 1087065036
1387 12 1087065664
1387 1313 1087065701
1387 1313 1087065722
1474 598 1087066492
1387 1313 1087066637
1474 598 1087066704
1189 1282 1087067000
42 1161 1087067019
1282 1189 1087067040
42 1689 1087067108
1158 713 1087067160
42 1487 1087067176
1638 462 1087067343
1158 1423 1087067377
606 1362 1087067462
606 128 1087067541
1408 1253 1087068283
1648 481 1087068480
1608 799 1087068653
1196 9 1087068958
41 1029 1087069000
281 708 1087069665
799 1608 1087069672
1608 799 1087069762
547 1443 1087070555
1021 249 1087070584
32 1689 1087071313
1013 398 1087071333
1365 810 1087071847
42 1690 1087071880
1690 42 1087072068
1681 41 1087072619
454 1668 1087073895
1362 606 1087074647
41 1681 1087074754
42 1691 1087075046
799 1608 1087075766
1690 1344 1087075783
1344 1690 1087076312
1690 1344 1087076408
919 1514 1087076683
919 1520 1087076706
474 1339 1087076708
1344 1690 1087076808
1344 1690 1087076820
1690 1344 1087076898
1316 1039 1087077063
1253 1408 1087077168
389 1688 1087077217
234 1231 1087077258
919 1598 1087077411
234 53 1087077532
812 1644 1087078190
1190 393 1087078232
713 1373 1087078490
713 1158 1087078577
713 41 1087078632
257 135 1087078652
1189 1282 1087078855
1189 523 1087078947
1657 300 1087079383
9 1580 1087079814
9 1313 1087079885
191 1060 1087080223
1402 1185 1087080669
393 1190 1087080681
1402 1619 1087080684
1402 1539 1087080692
1402 1539 1087080698
1402 1681 1087080717
249 1692 1087080755
708 281 1087080928
1029 41 1087081332
176 1565 1087081372
1272 1253 1087081409
1403 1313 1087081448
1253 1272 1087081911
1272 1253 1087082047
281 708 1087082377
1248 131 1087082402
199 63 1087082559
199 63 1087082576
1237 1029 1087083336
1413 199 1087083343
317 307 1087083756
429 1568 1087083808
1680 1256 1087084791
474 520 1087085295
859 547 1087085652
949 1472 1087085721
199 1255 1087085863
547 859 1087086242
1312 1344 1087086309
871 592 1087086475
41 1029 1087086641
1326 713 1087086672
1326 713 1087086692
1029 1237 1087086723
1029 41 1087086791
1255 199 1087086822
1189 429 1087086884
249 194 1087086941
249 621 1087087117
468 1585 1087087127
708 281 1087087127
810 1365 1087087221
41 1029 1087087279
249 1255 1087087325
1158 1072 1087087720
1158 713 1087088018
1158 542 1087088045
52 1237 1087088526
143 201 1087088546
544 342 1087088605
52 1185 1087088651
1332 520 1087088717
53 234 1087090080
1313 1387 1087090878
1313 1387 1087090998
281 708 1087091202
1313 1403 1087091334
1313 9 1087091421
1623 1644 1087091515
1623 1644 1087091581
1383 1636 1087091695
1383 1636 1087091700
1344 1312 1087091932
621 249 1087092118
1312 1344 1087092206
1387 1313 1087092443
1387 1313 1087092477
41 919 1087092655
474 400 1087092730
1111 393 1087092743
593 1619 1087092895
1648 719 1087092971
1313 1387 1087092987
701 858 1087093019
1313 1387 1087093029
9 1313 1087093322
1346 1314 1087093346
1313 9 1087093390
1029 41 1087093395
9 1313 1087093437
41 1029 1087093438
199 1255 1087093654
199 1413 1087093856
199 1582 1087093912
440 1384 1087093960
440 1384 1087094013
440 1384 1087094051
440 1384 1087094092
440 1384 1087094113
620 701 1087094251
768 1280 1087094417
768 593 1087094467
1373 713 1087094679
161 1673 1087094681
713 1326 1087094748
713 1326 1087094757
1373 621 1087094775
713 1373 1087094905
1644 1623 1087095246
1373 713 1087095263
249 621 1087095265
1644 949 1087095471
1648 949 1087095667
249 1504 1087095802
779 128 1087095815
1555 400 1087095873
779 744 1087095961
1555 257 1087095965
249 1648 1087096118
1623 1644 1087096236
393 1111 1087096396
1540 376 1087097061
1282 1189 1087097152
1060 199 1087097233
429 1189 1087097633
1060 1187 1087097798
1060 191 1087097948
394 429 1087097971
429 394 1087098269
621 1373 1087098414
1540 47 1087098499
621 249 1087098570
1647 1608 1087098739
1647 621 1087098778
277 687 1087098825
277 1688 1087098854
249 621 1087098878
1647 193 1087098904
621 1647 1087098935
1189 1282 1087098956
621 249 1087098966
1189 429 1087099005
1647 621 1087099057
621 1647 1087099086
84 1647 1087099162
1647 621 1087099235
1647 84 1087099260
1647 84 1087099278
1647 498 1087099387
1280 768 1087099528
878 1647 1087099559
84 1647 1087099663
1668 454 1087099864
1190 393 1087099970
249 621 1087100052
1190 62 1087100073
249 1540 1087100156
1190 393 1087100192
220 1686 1087100216
768 1280 1087100364
193 1647 1087100596
84 451 1087100654
84 451 1087100660
84 451 1087100665
84 1211 1087100735
84 1211 1087100750
361 638 1087100857
393 1190 1087100904
1072 1158 1087100995
84 901 1087101129
84 523 1087101238
249 44 1087101613
686 1676 1087101874
686 621 1087101911
242 429 1087102263
495 1332 1087102316
495 172 1087102354
1520 919 1087103371
1485 1367 1087103650
621 1647 1087103793
878 1426 1087103937
474 242 1087103998
454 1668 1087104013
1403 1313 1087104275
518 1580 1087104521
1513 1520 1087104576
242 474 1087104750
1158 1072 1087105262
1255 249 1087105297
1565 176 1087105500
249 1255 1087105632
42 1255 1087105654
1255 42 1087105730
42 1255 1087105907
919 1520 1087105920
1255 42 1087106183
1136 234 1087106534
42 1255 1087106559
1136 781 1087106627
1136 1052 1087106705
189 1641 1087106747
1668 454 1087106796
189 708 1087106926
357 1426 1087106961
1136 41 1087107049
679 1281 1087107181
429 1189 1087107191
679 1281 1087107223
429 242 1087107234
1493 372 1087107257
357 1554 1087107269
1189 429 1087107348
1281 679 1087107349
1554 357 1087107455
679 1281 1087107514
429 1289 1087107766
357 1554 1087107812
1554 357 1087107918
357 1554 1087107979
357 135 1087108027
357 429 1087108181
1554 357 1087108264
357 1554 1087108306
281 1281 1087108338
357 1554 1087108354
1668 912 1087108373
912 1668 1087108384
1554 357 1087108386
1554 357 1087108420
357 1554 1087108464
357 973 1087108543
1554 357 1087108621
706 1383 1087108657
357 1554 1087108690
357 1554 1087108721
973 357 1087108750
1554 357 1087108778
1554 357 1087108790
357 973 1087108814
357 1554 1087108854
176 1565 1087108946
973 357 1087109042
41 1136 1087109130
357 1554 1087109152
1554 357 1087109164
1554 357 1087109191
357 1546 1087109507
357 1554 1087109934
544 797 1087109944
357 1015 1087109957
1554 357 1087110022
357 475 1087110031
357 1554 1087110054
1554 357 1087110182
708 281 1087110187
708 189 1087110231
357 1554 1087110244
357 708 1087110265
1290 1677 1087110347
1383 706 1087110549
281 708 1087110695
338 475 1087110726
1554 357 1087110781
1312 1013 1087110783
257 1555 1087110810
398 1013 1087110827
234 1136 1087110907
398 337 1087110925
234 1312 1087110989
1312 234 1087111088
104 713 1087111090
1540 249 1087111279
1676 686 1087111296
1540 372 1087111306
234 1312 1087111311
1540 714 1087111372
686 1676 1087111674
1312 234 1087111766
1676 686 1087111789
234 1312 1087111899
1269 523 1087112186
475 357 1087112741
415 997 1087112743
1657 1316 1087112801
1316 1657 1087112931
1657 1316 1087112996
1657 1641 1087113015
686 1676 1087113461
41 1554 1087113589
1676 686 1087113640
799 1475 1087113654
686 1676 1087113763
128 1189 1087113829
1013 1312 1087113832
1676 686 1087113865
128 779 1087113881
1013 398 1087113930
1540 440 1087114317
1554 41 1087114402
440 1540 1087114531
1676 686 1087114687
1676 686 1087114718
1540 440 1087115136
1546 193 1087115344
949 1644 1087115463
949 1648 1087115519
1346 48 1087115751
1280 768 1087115807
1522 1616 1087116057
781 1136 1087116365
1185 52 1087116658
415 841 1087116936
1540 1283 1087117856
321 392 1087120116
1438 639 1087120264
779 128 1087120694
272 1253 1087120778
1248 1676 1087120820
41 1554 1087121051
469 463 1087121226
48 1346 1087121399
48 1624 1087121450
1624 48 1087121502
48 1624 1087121534
48 1248 1087121588
1624 48 1087121594
234 309 1087123686
234 708 1087124948
234 708 1087124954
234 708 1087124958
1029 41 1087128972
1185 528 1087133393
1227 1039 1087133541
