1167 396 1093624582
1167 809 1093626071
1543 1582 1093626765
1543 1312 1093627054
1543 561 1093628276
1543 1624 1093628947
713 696 1093630249
1312 1543 1093632036
518 1436 1093633803
1624 1543 1093634472
1811 525 1093635689
298 1488 1093639327
1786 1344 1093639527
1436 518 1093640823
969 1669 1093642409
503 1756 1093645847
1543 1312 1093646975
1543 1624 1093647022
1756 503 1093647741
63 494 1093648463
525 1811 1093648586
1625 105 1093649202
1488 298 1093650490
847 1488 1093650639
503 1756 1093651759
1362 1608 1093652393
1756 503 1093652482
1603 342 1093653168
1312 1543 1093653869
342 1603 1093656718
456 1313 1093656922
503 1756 1093657178
696 713 1093658654
1312 1344 1093659075
105 1625 1093659698
525 357 1093663477
105 1731 1093666401
1756 503 1093668565
1756 1624 1093668656
1346 1314 1093670171
1313 456 1093670526
503 1756 1093671126
415 1467 1093671188
1669 969 1093674464
1756 503 1093675609
12 1343 1093677040
12 1312 1093677076
12 143 1093678491
1344 1312 1093685805
1344 1786 1093685852
1167 1050 1093687567
503 1756 1093690636
