214 768 1083857515
41 687 1083857742
523 325 1083858037
41 794 1083858472
41 754 1083858628
626 762 1083859420
626 590 1083859455
626 309 1083859500
626 590 1083859629
474 400 1083860351
474 741 1083860395
536 782 1083861528
220 479 1083861542
498 548 1083862176
514 386 1083862206
567 753 1083863274
51 523 1083863506
713 327 1083864319
713 325 1083864506
713 714 1083864677
277 794 1083864679
277 603 1083864785
713 41 1083864848
713 716 1083864875
713 105 1083864958
713 738 1083865067
713 103 1083865205
277 603 1083865230
32 780 1083865601
277 263 1083865741
589 513 1083866102
297 683 1083866251
244 415 1083866388
3 68 1083866746
786 783 1083867148
583 795 1083867544
204 181 1083867630
204 794 1083867675
498 297 1083867697
297 498 1083867986
278 27 1083868041
626 590 1083868631
739 540 1083868697
534 625 1083868765
739 317 1083868879
424 343 1083869233
796 747 1083869351
496 523 1083869684
496 316 1083869847
765 309 1083869929
339 286 1083869944
27 278 1083870081
752 278 1083870259
513 589 1083870306
697 640 1083870515
422 297 1083870614
679 72 1083870692
728 607 1083870776
679 317 1083870896
342 598 1083871127
297 422 1083871185
283 687 1083871290
297 263 1083871298
342 598 1083871381
679 404 1083871470
342 598 1083871489
697 224 1083871563
342 598 1083871777
177 514 1083871846
514 177 1083872037
30 404 1083872458
9 142 1083872507
9 177 1083872524
9 282 1083872580
342 598 1083872648
342 797 1083872664
586 309 1083872804
586 309 1083872947
738 626 1083873013
615 365 1083873090
254 30 1083873106
456 697 1083873169
629 128 1083873212
626 738 1083873262
598 342 1083873309
599 534 1083873326
52 681 1083873407
309 52 1083873436
52 309 1083873467
309 52 1083873510
309 798 1083873666
282 34 1083873970
590 440 1083874010
590 513 1083874035
401 639 1083874036
204 303 1083874091
401 776 1083874149
388 761 1083874167
53 250 1083874184
401 773 1083874189
590 626 1083874249
551 400 1083874266
103 683 1083874289
103 731 1083874318
798 513 1083874387
547 711 1083874404
687 41 1083874413
103 462 1083874430
620 27 1083874440
437 625 1083874558
372 569 1083874795
372 128 1083874930
204 303 1083874932
372 761 1083874985
372 536 1083875043
372 799 1083875082
372 798 1083875147
372 278 1083875194
398 782 1083875234
212 321 1083875251
372 437 1083875354
372 765 1083875392
277 603 1083875488
798 309 1083875497
754 41 1083875601
220 624 1083875675
711 547 1083875683
220 644 1083875774
220 678 1083875847
547 711 1083875863
299 462 1083875881
220 372 1083875942
711 547 1083875955
547 711 1083876080
299 321 1083876106
277 498 1083876316
27 620 1083876363
711 547 1083876368
277 603 1083876394
713 372 1083876453
154 719 1083876470
154 644 1083876513
689 626 1083876549
713 738 1083876586
547 154 1083876698
626 689 1083876723
277 603 1083876731
626 590 1083876733
713 567 1083876801
713 727 1083876840
755 386 1083876867
713 161 1083876917
713 644 1083877029
758 753 1083877052
713 103 1083877110
687 128 1083877324
713 624 1083877326
713 90 1083877357
713 252 1083877390
687 616 1083877410
713 714 1083877506
713 48 1083877553
713 321 1083877564
321 212 1083877568
766 642 1083877590
766 372 1083877603
766 372 1083877615
586 784 1083877616
321 299 1083877643
713 542 1083877652
681 52 1083877655
605 734 1083877699
689 626 1083877730
766 372 1083877731
321 766 1083877738
713 479 1083877747
321 758 1083877806
766 321 1083877825
782 398 1083877828
586 598 1083877830
712 189 1083877843
713 242 1083877846
321 766 1083877864
626 689 1083877927
758 321 1083877978
321 784 1083877985
713 462 1083877987
337 649 1083877990
321 758 1083878017
509 364 1083878019
337 769 1083878032
101 514 1083878070
713 102 1083878084
713 716 1083878115
586 534 1083878154
321 765 1083878171
770 534 1083878248
586 244 1083878256
297 321 1083878273
321 798 1083878274
713 283 1083878318
321 297 1083878328
616 321 1083878386
321 616 1083878387
321 616 1083878431
770 454 1083878541
297 321 1083878553
454 181 1083878560
321 297 1083878578
555 754 1083878596
766 321 1083878602
758 321 1083878622
372 766 1083878637
372 766 1083878657
372 766 1083878683
321 766 1083878715
766 372 1083878749
321 758 1083878753
766 321 1083878759
372 766 1083878775
321 766 1083878779
67 8 1083878810
297 321 1083878816
128 629 1083878857
189 712 1083878909
799 372 1083878946
770 454 1083879092
103 721 1083879204
103 799 1083879240
799 103 1083879302
456 454 1083879370
103 799 1083879379
41 687 1083879407
212 678 1083879419
766 372 1083879440
766 321 1083879458
766 372 1083879477
799 103 1083879484
212 765 1083879517
372 799 1083879544
372 766 1083879571
372 766 1083879619
799 372 1083879623
454 456 1083879635
372 799 1083879637
103 799 1083879677
799 372 1083879718
770 454 1083879725
799 103 1083879753
509 364 1083879862
509 316 1083879883
509 454 1083879918
725 719 1083879924
605 617 1083880110
605 337 1083880162
770 454 1083880170
220 644 1083880181
605 332 1083880249
212 48 1083880310
103 799 1083880391
128 687 1083880454
770 454 1083880515
799 103 1083880540
252 616 1083880652
396 400 1083880668
536 372 1083880791
321 297 1083880835
321 766 1083880860
800 766 1083880904
95 638 1083880934
801 768 1083880993
460 542 1083881049
128 372 1083881145
321 460 1083881178
644 220 1083881247
34 761 1083881313
619 389 1083881379
704 617 1083881401
619 502 1083881439
404 30 1083881542
619 784 1083881612
687 128 1083881615
9 282 1083881676
9 282 1083881688
687 757 1083881777
679 404 1083882078
705 788 1083882139
705 788 1083882186
34 802 1083882261
400 721 1083882347
679 404 1083882404
400 683 1083882436
762 562 1083882501
705 803 1083882545
802 34 1083882558
705 803 1083882561
462 103 1083882622
752 502 1083882682
462 299 1083882687
350 617 1083882818
586 804 1083882837
400 474 1083882838
372 128 1083882876
350 802 1083882954
431 299 1083883036
802 350 1083883068
350 802 1083883226
350 802 1083883262
802 762 1083883278
400 396 1083883323
551 400 1083883451
639 687 1083883593
34 802 1083883804
760 212 1083883854
640 697 1083883871
211 597 1083883892
754 570 1083883896
697 640 1083884025
697 640 1083884077
296 63 1083884168
299 462 1083884259
325 523 1083884328
625 437 1083884347
103 462 1083884358
625 534 1083884412
801 321 1083884459
697 640 1083884525
683 194 1083884530
299 321 1083884593
683 297 1083884625
67 683 1083884781
321 299 1083884830
708 224 1083884974
48 683 1083885129
299 321 1083885161
569 372 1083885176
483 325 1083885259
483 583 1083885279
483 583 1083885292
483 194 1083885306
474 400 1083885323
483 782 1083885403
474 646 1083885516
325 483 1083885540
67 798 1083885562
646 474 1083885651
683 48 1083885662
474 224 1083885677
48 683 1083885750
220 644 1083885792
474 646 1083885798
67 683 1083885892
683 48 1083885916
683 67 1083885958
429 372 1083886122
689 626 1083886276
9 569 1083886342
48 683 1083886511
9 683 1083886542
9 27 1083886607
9 788 1083886718
9 753 1083886747
683 48 1083886755
48 683 1083886886
9 783 1083886924
9 784 1083886952
626 689 1083886955
9 798 1083886989
9 802 1083887013
248 603 1083887024
9 569 1083887049
9 683 1083887108
683 48 1083887118
9 683 1083887120
9 569 1083887194
317 343 1083887234
9 683 1083887380
9 569 1083887409
48 683 1083887439
9 569 1083887443
9 783 1083887461
9 683 1083887532
9 569 1083887585
9 569 1083887680
683 48 1083887693
341 638 1083887702
9 569 1083887957
483 325 1083887978
621 774 1083888119
128 372 1083888216
74 788 1083888618
439 212 1083888714
439 795 1083888760
1 146 1083888926
552 769 1083888947
462 103 1083888968
27 9 1083889114
350 617 1083889157
224 708 1083889197
103 617 1083889513
617 236 1083889664
617 103 1083889753
708 224 1083889821
704 617 1083889874
1 159 1083889917
708 32 1083889939
704 504 1083889966
57 596 1083889973
708 74 1083890064
514 101 1083890111
52 309 1083890266
57 708 1083890308
607 728 1083890335
738 654 1083890336
708 57 1083890366
504 771 1083890404
52 681 1083890412
224 708 1083890442
57 708 1083890516
57 802 1083890794
795 439 1083890822
605 341 1083890843
254 408 1083890847
687 283 1083890908
805 41 1083890919
586 504 1083890959
57 798 1083891038
437 625 1083891066
704 617 1083891069
57 798 1083891085
683 617 1083891096
683 379 1083891263
704 504 1083891305
708 57 1083891408
681 617 1083891523
57 708 1083891674
681 52 1083891749
805 41 1083891789
681 617 1083891833
36 644 1083891840
805 241 1083891902
805 325 1083892031
469 806 1083892065
805 807 1083892183
806 469 1083892186
805 780 1083892242
244 808 1083892259
809 325 1083892325
514 799 1083892451
617 73 1083892552
514 617 1083892552
605 617 1083892573
805 144 1083892582
617 514 1083892636
605 617 1083892712
809 281 1083892761
73 617 1083892763
617 400 1083892776
183 644 1083892925
617 73 1083892954
626 795 1083893014
605 617 1083893018
605 272 1083893097
73 617 1083893162
771 504 1083893202
189 708 1083893258
795 626 1083893432
705 299 1083893575
626 795 1083893588
681 617 1083893601
405 793 1083893648
681 617 1083893655
586 244 1083893670
795 626 1083893678
625 437 1083893721
586 183 1083893766
799 514 1083894010
586 504 1083894324
400 474 1083894410
400 617 1083894467
810 349 1083894590
342 598 1083894666
52 681 1083894772
562 795 1083895194
599 41 1083895229
274 212 1083895268
342 544 1083895309
342 544 1083895313
425 407 1083895327
342 698 1083895479
342 698 1083895484
274 645 1083895485
400 683 1083895594
639 401 1083895717
274 639 1083895948
274 639 1083896039
250 297 1083896330
586 244 1083896428
586 244 1083896483
327 589 1083896522
681 52 1083896547
327 316 1083896566
283 687 1083896597
41 183 1083896636
805 41 1083896677
327 798 1083896697
327 784 1083896777
805 274 1083896787
41 766 1083896812
767 741 1083896816
805 41 1083896823
770 365 1083896881
605 734 1083896883
327 774 1083896916
617 681 1083896973
448 244 1083896990
599 250 1083897025
617 400 1083897036
599 41 1083897037
493 339 1083897195
770 101 1083897320
131 753 1083897327
753 131 1083897389
131 753 1083897435
250 502 1083897447
770 617 1083897483
549 794 1083897503
771 364 1083897524
679 714 1083897573
640 783 1083897587
599 41 1083897598
599 250 1083897607
770 316 1083897630
753 131 1083897645
277 448 1083897669
131 753 1083897854
712 640 1083897877
753 131 1083897929
131 125 1083897943
640 712 1083897947
770 365 1083897959
712 640 1083898041
679 714 1083898101
599 250 1083898118
640 712 1083898122
357 783 1083898143
131 753 1083898145
53 785 1083898170
712 640 1083898244
753 131 1083898291
357 402 1083898302
783 640 1083898314
640 712 1083898360
9 753 1083898378
640 783 1083898386
9 802 1083898403
9 708 1083898437
9 753 1083898446
712 640 1083898461
181 454 1083898506
124 598 1083898586
783 542 1083898613
131 753 1083898619
9 753 1083898623
67 8 1083898628
640 712 1083898633
339 493 1083898636
9 569 1083898640
783 640 1083898673
753 131 1083898687
640 783 1083898705
542 325 1083898726
712 640 1083898837
124 712 1083898862
357 299 1083898866
640 712 1083898872
131 753 1083898915
753 131 1083899015
387 481 1083899116
387 252 1083899128
131 753 1083899143
387 386 1083899159
654 738 1083899238
783 640 1083899356
63 296 1083899528
63 547 1083899591
514 617 1083899610
514 799 1083899666
244 448 1083899681
811 376 1083899709
376 811 1083899743
278 27 1083899822
635 812 1083899855
704 813 1083899866
364 771 1083899874
811 376 1083899893
811 58 1083899934
805 41 1083899953
704 798 1083899969
805 617 1083899990
313 63 1083899997
801 313 1083900022
800 766 1083900049
603 814 1083900063
681 617 1083900075
805 250 1083900077
681 654 1083900141
34 313 1083900254
799 514 1083900263
801 313 1083900268
448 244 1083900314
204 181 1083900320
547 63 1083900338
448 365 1083900357
342 364 1083900362
448 784 1083900369
313 34 1083900375
342 364 1083900385
454 181 1083900425
12 101 1083900501
514 799 1083900515
705 712 1083900532
705 712 1083900538
103 799 1083900548
801 313 1083900557
364 815 1083900577
12 784 1083900607
342 364 1083900631
74 708 1083900638
815 364 1083900693
3 132 1083900742
342 815 1083900778
103 617 1083900778
364 342 1083900793
513 626 1083900801
12 8 1083900843
74 463 1083900854
342 364 1083900861
454 467 1083900899
103 454 1083900918
34 313 1083900920
34 815 1083901037
176 603 1083901068
308 155 1083901073
357 816 1083901079
814 603 1083901084
771 364 1083901085
74 592 1083901097
302 557 1083901105
103 817 1083901133
357 818 1083901140
654 762 1083901203
357 798 1083901219
103 815 1083901220
41 811 1083901271
364 771 1083901299
41 741 1083901304
3 814 1083901316
686 542 1083901326
794 549 1083901417
74 753 1083901475
770 454 1083901485
686 131 1083901488
599 250 1083901491
599 41 1083901505
557 302 1083901533
74 617 1083901557
770 626 1083901578
603 814 1083901675
302 557 1083901711
189 712 1083901712
626 513 1083901773
12 308 1083901810
603 157 1083901844
603 157 1083901861
74 607 1083901905
12 288 1083901942
733 297 1083901967
733 168 1083902030
733 302 1083902058
814 3 1083902161
814 603 1083902170
603 814 1083902275
557 302 1083902285
460 321 1083902342
277 448 1083902409
498 815 1083902522
770 460 1083902576
635 74 1083902745
586 244 1083902761
302 557 1083902825
557 302 1083902879
586 815 1083902879
586 816 1083902908
799 514 1083902944
74 460 1083903016
799 103 1083903023
74 635 1083903049
766 41 1083903080
41 766 1083903117
635 74 1083903208
372 569 1083903212
766 482 1083903212
766 41 1083903239
372 128 1083903251
41 766 1083903285
766 769 1083903299
766 41 1083903315
635 74 1083903318
372 429 1083903322
364 429 1083903327
277 448 1083903340
766 283 1083903366
343 74 1083903391
372 766 1083903470
41 766 1083903521
372 560 1083903551
805 41 1083903597
766 372 1083903604
766 41 1083903639
429 372 1083903641
793 785 1083903688
805 41 1083903695
41 766 1083903700
372 766 1083903702
41 805 1083903738
766 41 1083903774
640 175 1083903810
621 372 1083903817
41 766 1083903830
805 41 1083903859
621 819 1083903861
766 372 1083903871
297 683 1083903875
640 323 1083903882
766 41 1083903885
297 321 1083903890
41 805 1083903897
41 766 1083903907
297 250 1083903913
617 74 1083903920
766 41 1083903955
482 766 1083903985
621 542 1083903987
41 766 1083904007
272 632 1083904007
805 41 1083904016
41 805 1083904048
560 372 1083904077
766 482 1083904084
766 41 1083904111
482 766 1083904142
766 482 1083904174
617 103 1083904199
683 400 1083904224
482 766 1083904275
617 734 1083904341
766 482 1083904354
482 766 1083904497
725 547 1083904535
389 598 1083904568
212 48 1083904675
379 683 1083904678
617 681 1083904698
41 766 1083904709
770 617 1083904757
272 448 1083904770
372 621 1083904811
617 734 1083904812
389 448 1083904920
372 448 1083904939
27 278 1083904965
654 632 1083904984
400 617 1083904989
474 400 1083905059
389 640 1083905089
617 734 1083905143
725 547 1083905182
599 250 1083905184
599 41 1083905254
400 683 1083905279
617 400 1083905321
777 798 1083905328
777 795 1083905347
379 51 1083905452
29 389 1083905473
365 448 1083905484
29 697 1083905548
708 57 1083905553
12 402 1083905574
617 640 1083905578
725 547 1083905611
708 74 1083905617
283 766 1083905622
299 705 1083905638
12 389 1083905639
617 734 1083905672
473 708 1083905686
172 820 1083905778
617 272 1083905842
540 439 1083905862
473 771 1083905902
708 473 1083905907
821 805 1083905919
617 734 1083905942
351 815 1083905992
617 124 1083906047
679 308 1083906208
617 734 1083906226
68 598 1083906232
308 794 1083906239
448 272 1083906255
448 372 1083906301
679 308 1083906313
448 365 1083906318
617 308 1083906378
617 734 1083906421
617 201 1083906476
679 308 1083906491
296 63 1083906570
617 308 1083906582
679 308 1083906632
12 617 1083906726
681 617 1083906889
249 617 1083906891
795 777 1083906942
128 372 1083906983
800 766 1083907005
249 654 1083907050
504 771 1083907077
249 454 1083907097
617 681 1083907118
249 654 1083907130
617 644 1083907316
249 617 1083907391
617 272 1083907407
249 654 1083907437
605 734 1083907496
617 734 1083907543
605 74 1083907546
244 448 1083907569
617 734 1083907582
617 272 1083907667
605 734 1083907671
617 734 1083907685
323 640 1083907711
617 272 1083907832
389 29 1083907879
617 734 1083907890
761 372 1083907912
605 272 1083907953
617 272 1083908054
249 454 1083908129
617 272 1083908157
12 617 1083908169
617 272 1083908211
733 639 1083908215
272 617 1083908223
272 617 1083908239
617 272 1083908263
605 272 1083908266
12 617 1083908270
272 617 1083908302
617 272 1083908343
617 272 1083908386
12 617 1083908409
272 617 1083908438
626 649 1083908458
819 822 1083908475
12 617 1083908492
272 448 1083908536
649 626 1083908631
626 649 1083908697
626 649 1083908703
681 617 1083908703
626 649 1083908704
12 617 1083908738
605 32 1083908785
12 617 1083908961
12 823 1083909017
474 74 1083909147
770 617 1083909282
705 299 1083909308
12 617 1083909329
605 224 1083909359
697 341 1083909373
697 29 1083909404
679 504 1083909427
770 617 1083909483
823 824 1083909485
12 823 1083909539
823 325 1083909565
605 224 1083909675
12 823 1083909679
819 825 1083909735
12 825 1083909791
770 454 1083909797
681 626 1083909804
605 224 1083909812
704 617 1083909954
12 823 1083909961
681 626 1083909965
12 823 1083910031
770 617 1083910162
605 194 1083910177
12 823 1083910199
770 617 1083910358
249 454 1083910404
681 626 1083910458
777 795 1083910464
12 823 1083910490
821 805 1083910626
741 41 1083910712
154 547 1083910879
342 638 1083911018
581 582 1083911066
581 328 1083911107
296 823 1083911295
474 651 1083911417
700 481 1083911423
605 74 1083911428
605 74 1083911446
9 697 1083911798
700 68 1083911818
823 296 1083911873
771 364 1083911924
823 29 1083911934
700 626 1083911948
681 626 1083911995
700 654 1083911997
9 697 1083912017
9 598 1083912096
181 454 1083912104
296 823 1083912116
29 823 1083912129
9 607 1083912141
771 473 1083912173
679 308 1083912177
823 296 1083912202
733 654 1083912233
823 29 1083912236
296 823 1083912240
679 67 1083912248
29 823 1083912258
826 814 1083912268
29 823 1083912296
733 626 1083912299
733 654 1083912322
644 617 1083912329
771 504 1083912357
823 296 1083912358
733 654 1083912401
296 823 1083912454
765 321 1083912460
765 212 1083912496
765 372 1083912507
823 29 1083912559
765 532 1083912582
29 823 1083912685
733 654 1083912695
103 799 1083912743
823 296 1083912751
823 29 1083912810
605 263 1083912812
296 823 1083912913
827 61 1083912977
733 708 1083913006
29 823 1083913048
605 263 1083913063
733 761 1083913107
617 644 1083913129
605 263 1083913208
220 654 1083913226
617 681 1083913276
733 626 1083913439
605 263 1083913450
823 296 1083913458
823 29 1083913480
296 823 1083913510
805 821 1083913551
733 708 1083913580
638 342 1083913629
705 825 1083913632
638 341 1083913643
638 95 1083913656
638 95 1083913656
638 744 1083913690
733 626 1083913703
29 823 1083913731
9 598 1083913766
448 272 1083913788
9 697 1083913793
325 823 1083913795
688 103 1083913808
9 569 1083913822
712 705 1083913841
163 658 1083913903
638 646 1083913922
9 569 1083913931
448 244 1083913949
599 250 1083913979
712 124 1083913982
586 504 1083913991
557 583 1083914008
9 598 1083914034
644 617 1083914043
733 475 1083914054
9 569 1083914062
9 569 1083914071
9 569 1083914097
569 372 1083914106
283 766 1083914111
103 688 1083914149
605 74 1083914159
9 598 1083914168
9 569 1083914200
9 569 1083914218
9 569 1083914231
9 569 1083914241
777 784 1083914248
9 683 1083914296
386 343 1083914304
733 626 1083914317
733 475 1083914329
9 569 1083914367
386 790 1083914382
733 708 1083914407
9 212 1083914448
32 825 1083914495
599 250 1083914497
605 32 1083914499
638 794 1083914523
9 569 1083914526
586 244 1083914553
343 386 1083914556
9 569 1083914560
9 569 1083914579
728 607 1083914583
63 313 1083914591
549 794 1083914594
9 601 1083914619
63 547 1083914643
155 308 1083914646
9 697 1083914648
357 708 1083914648
9 569 1083914668
605 32 1083914670
9 569 1083914679
364 771 1083914717
249 659 1083914721
249 163 1083914750
828 96 1083914763
708 357 1083914774
605 32 1083914795
605 32 1083914891
9 569 1083914919
9 569 1083914953
9 569 1083915038
9 569 1083915076
617 103 1083915083
542 460 1083915115
829 819 1083915131
542 783 1083915138
9 569 1083915149
596 57 1083915194
9 569 1083915217
704 605 1083915223
757 687 1083915227
9 569 1083915229
9 569 1083915247
758 741 1083915272
250 638 1083915288
542 621 1083915309
728 758 1083915324
757 212 1083915337
9 569 1083915342
638 250 1083915348
9 598 1083915362
542 816 1083915362
830 364 1083915387
9 569 1083915398
741 758 1083915416
9 569 1083915428
372 128 1083915469
364 830 1083915474
372 761 1083915496
826 32 1083915516
617 681 1083915522
372 765 1083915550
679 557 1083915564
372 569 1083915582
697 638 1083915629
638 697 1083915676
569 372 1083915684
128 372 1083915706
32 605 1083915730
189 708 1083915807
342 638 1083915817
372 569 1083915836
605 32 1083915849
638 323 1083915851
32 681 1083915874
372 128 1083915874
569 372 1083915905
638 697 1083916009
189 712 1083916014
605 32 1083916026
758 741 1083916068
605 73 1083916078
638 697 1083916178
638 87 1083916182
787 73 1083916205
787 73 1083916221
787 73 1083916226
128 372 1083916268
638 697 1083916283
69 498 1083916285
638 87 1083916293
638 697 1083916307
175 640 1083916338
495 263 1083916343
599 250 1083916351
679 557 1083916351
697 73 1083916352
372 765 1083916365
638 758 1083916378
495 181 1083916382
638 697 1083916394
189 708 1083916396
697 475 1083916417
437 625 1083916472
681 617 1083916473
495 831 1083916475
638 323 1083916492
681 32 1083916502
617 90 1083916507
624 437 1083916509
679 654 1083916516
475 697 1083916525
638 643 1083916563
697 475 1083916565
697 475 1083916586
539 765 1083916610
475 697 1083916637
475 697 1083916661
644 712 1083916665
697 475 1083916675
679 654 1083916676
697 475 1083916706
719 712 1083916712
250 72 1083916748
638 637 1083916803
644 39 1083916809
250 260 1083916814
638 697 1083916816
250 536 1083916840
644 711 1083916842
475 697 1083916859
308 823 1083916892
617 681 1083916902
697 475 1083916927
372 569 1083916943
372 128 1083916960
679 654 1083916985
475 697 1083917001
67 825 1083917015
638 697 1083917053
124 712 1083917073
697 475 1083917075
72 250 1083917086
757 252 1083917123
638 697 1083917145
686 542 1083917162
583 557 1083917188
400 683 1083917194
679 557 1083917205
400 396 1083917237
569 372 1083917252
679 654 1083917259
719 753 1083917278
638 697 1083917286
337 769 1083917311
475 697 1083917326
128 372 1083917336
644 59 1083917348
683 400 1083917355
67 806 1083917371
199 72 1083917375
233 481 1083917405
624 343 1083917411
644 30 1083917424
400 683 1083917434
704 617 1083917445
697 475 1083917463
96 828 1083917469
683 400 1083917482
644 378 1083917507
679 654 1083917523
400 639 1083917528
475 697 1083917528
124 474 1083917546
250 617 1083917553
679 557 1083917579
638 719 1083917594
605 337 1083917595
189 708 1083917610
400 683 1083917629
68 832 1083917633
557 583 1083917660
617 250 1083917664
679 833 1083917677
719 638 1083917694
679 7 1083917729
638 719 1083917729
708 557 1083917739
681 617 1083917748
400 286 1083917766
644 389 1083917780
783 542 1083917805
400 396 1083917841
19 525 1083917863
68 798 1083917894
644 659 1083917927
400 626 1083918036
679 557 1083918047
415 244 1083918056
799 103 1083918064
590 626 1083918095
68 475 1083918121
712 124 1083918122
475 68 1083918188
753 74 1083918212
400 250 1083918242
68 475 1083918258
753 719 1083918265
475 68 1083918288
712 719 1083918299
801 103 1083918345
259 256 1083918390
233 193 1083918423
638 719 1083918435
712 644 1083918491
834 175 1083918499
557 708 1083918592
250 475 1083918603
741 758 1083918622
57 708 1083918635
644 712 1083918644
475 250 1083918665
400 708 1083918689
644 708 1083918703
250 475 1083918749
400 638 1083918770
475 250 1083918815
794 549 1083918842
644 598 1083918863
250 475 1083918863
400 712 1083918894
475 250 1083919005
400 323 1083919044
68 475 1083919112
475 68 1083919157
87 475 1083919186
193 233 1083919194
598 644 1083919197
250 475 1083919203
712 400 1083919209
598 68 1083919220
644 598 1083919232
679 557 1083919247
12 288 1083919254
41 741 1083919279
708 557 1083919282
400 466 1083919287
199 638 1083919289
400 712 1083919334
596 400 1083919334
712 644 1083919345
475 250 1083919365
596 57 1083919375
9 681 1083919391
418 475 1083919402
400 596 1083919407
9 8 1083919410
9 569 1083919432
9 683 1083919452
712 400 1083919457
598 124 1083919472
9 598 1083919477
475 418 1083919481
741 41 1083919516
9 598 1083919518
199 823 1083919534
68 598 1083919568
638 400 1083919590
686 400 1083919604
498 495 1083919606
638 102 1083919628
400 712 1083919634
462 617 1083919636
719 686 1083919641
596 400 1083919649
741 212 1083919719
440 795 1083919739
638 753 1083919769
596 388 1083919784
346 345 1083919808
41 741 1083919850
638 753 1083919888
542 753 1083919963
542 753 1083919970
120 222 1083920044
643 638 1083920046
12 402 1083920102
557 708 1083920112
753 542 1083920150
595 193 1083920292
595 321 1083920315
595 321 1083920340
712 400 1083920380
220 654 1083920383
605 557 1083920420
712 644 1083920436
12 588 1083920470
12 140 1083920508
514 832 1083920598
605 29 1083920633
640 389 1083920698
12 140 1083920715
220 654 1083920721
741 607 1083920740
252 757 1083920740
9 681 1083920760
9 8 1083920774
12 753 1083920860
220 372 1083920865
52 681 1083920867
617 250 1083920887
617 462 1083920933
454 249 1083920933
454 181 1083920965
679 557 1083920990
678 212 1083921000
495 498 1083921008
605 795 1083921053
681 52 1083921067
590 835 1083921084
462 617 1083921151
498 495 1083921153
835 590 1083921163
590 835 1083921192
396 400 1083921199
12 96 1083921200
686 719 1083921212
12 569 1083921263
605 557 1083921271
640 617 1083921285
617 462 1083921314
605 29 1083921317
12 830 1083921333
12 140 1083921376
605 263 1083921376
617 640 1083921388
12 569 1083921394
835 590 1083921434
721 400 1083921443
640 617 1083921453
194 836 1083921509
488 120 1083921541
617 640 1083921558
640 617 1083921613
605 29 1083921676
12 101 1083921680
605 557 1083921736
305 212 1083921744
307 317 1083921745
12 569 1083921783
757 252 1083921864
586 832 1083921897
681 795 1083921927
193 595 1083922018
704 617 1083922033
679 557 1083922061
9 681 1083922071
9 8 1083922082
462 675 1083922123
160 638 1083922145
605 557 1083922171
12 830 1083922184
801 313 1083922201
32 681 1083922272
605 32 1083922295
704 835 1083922352
12 569 1083922369
605 596 1083922390
12 689 1083922452
498 831 1083922465
363 816 1083922505
681 32 1083922515
12 757 1083922556
605 557 1083922625
801 313 1083922642
12 527 1083922668
321 460 1083922672
321 765 1083922707
321 595 1083922733
605 462 1083922741
142 762 1083922742
321 595 1083922743
282 462 1083922744
679 557 1083922822
463 687 1083922885
194 679 1083922891
605 557 1083922907
795 681 1083922912
463 74 1083922970
605 462 1083922984
289 460 1083923004
313 34 1083923088
12 569 1083923107
638 160 1083923203
605 462 1083923256
624 8 1083923276
679 557 1083923291
605 557 1083923317
549 794 1083923351
321 774 1083923356
605 462 1083923438
12 569 1083923466
282 462 1083923562
801 313 1083923574
801 313 1083923723
837 346 1083923732
638 646 1083923737
8 624 1083923758
605 462 1083923762
838 644 1083923782
120 488 1083923868
638 643 1083923881
460 542 1083923976
12 569 1083924010
801 313 1083924030
583 557 1083924050
638 640 1083924116
801 313 1083924131
605 462 1083924198
801 313 1083924217
603 814 1083924232
801 313 1083924309
289 835 1083924349
676 719 1083924407
823 308 1083924415
103 462 1083924421
761 372 1083924468
99 194 1083924477
823 199 1083924548
835 289 1083924569
313 801 1083924575
766 283 1083924578
289 835 1083924621
462 103 1083924622
12 689 1083924625
766 283 1083924666
9 681 1083924677
12 681 1083924686
605 29 1083924687
313 801 1083924694
766 41 1083924702
814 603 1083924706
103 462 1083924713
9 142 1083924720
801 313 1083924727
835 289 1083924734
9 569 1083924737
9 569 1083924746
801 313 1083924763
462 103 1083924771
313 801 1083924788
289 835 1083924793
683 400 1083924863
605 29 1083924889
355 316 1083924899
835 289 1083924952
313 801 1083924955
103 462 1083924959
605 640 1083924961
605 704 1083924979
605 704 1083925012
297 234 1083925034
679 504 1083925035
605 704 1083925036
605 704 1083925056
103 839 1083925058
297 573 1083925070
289 835 1083925080
63 801 1083925114
297 573 1083925115
573 297 1083925188
9 569 1083925207
605 704 1083925216
234 297 1083925226
103 840 1083925226
9 569 1083925235
283 766 1083925247
605 462 1083925248
603 814 1083925255
9 569 1083925260
297 573 1083925264
801 313 1083925277
9 569 1083925282
297 234 1083925282
504 586 1083925303
605 442 1083925305
573 297 1083925318
605 704 1083925358
617 640 1083925376
283 766 1083925387
605 704 1083925388
313 801 1083925389
801 313 1083925395
9 569 1083925415
801 63 1083925416
679 504 1083925420
297 573 1083925424
801 313 1083925446
555 641 1083925450
9 569 1083925458
617 688 1083925469
679 841 1083925479
790 386 1083925499
605 704 1083925523
617 704 1083925537
713 842 1083925556
605 704 1083925581
721 782 1083925624
605 704 1083925628
573 297 1083925630
605 704 1083925658
95 63 1083925659
835 289 1083925682
605 704 1083925683
9 569 1083925687
9 569 1083925698
103 841 1083925701
297 573 1083925705
814 603 1083925708
617 462 1083925724
400 396 1083925730
9 569 1083925733
103 843 1083925736
843 576 1083925746
704 617 1083925746
462 617 1083925755
400 596 1083925762
95 753 1083925779
313 801 1083925792
617 704 1083925793
400 712 1083925793
605 704 1083925821
313 801 1083925835
843 798 1083925841
573 297 1083925851
603 814 1083925853
442 144 1083925880
534 625 1083925885
9 8 1083925891
400 683 1083925896
605 704 1083925911
9 569 1083925912
617 462 1083925916
297 573 1083925925
9 569 1083925931
400 721 1083925933
289 835 1083925935
617 704 1083925956
462 617 1083925990
704 617 1083925996
605 704 1083926003
605 704 1083926027
835 289 1083926035
9 569 1083926043
617 462 1083926071
400 504 1083926075
9 569 1083926079
372 823 1083926079
256 48 1083926115
400 783 1083926118
605 704 1083926122
617 704 1083926141
823 372 1083926154
194 823 1083926182
704 605 1083926194
372 835 1083926199
704 617 1083926216
194 586 1083926231
617 704 1083926254
701 103 1083926256
372 844 1083926268
701 193 1083926277
605 704 1083926281
845 808 1083926288
704 617 1083926294
701 372 1083926297
573 297 1083926303
704 605 1083926310
194 683 1083926310
194 296 1083926335
605 704 1083926344
504 400 1083926349
194 99 1083926359
808 244 1083926364
605 372 1083926390
372 765 1083926390
843 783 1083926400
194 482 1083926410
372 823 1083926415
704 605 1083926416
823 372 1083926428
289 835 1083926429
679 504 1083926441
823 372 1083926442
297 573 1083926443
194 422 1083926454
835 372 1083926474
442 753 1083926475
605 704 1083926477
704 605 1083926502
783 400 1083926511
372 605 1083926516
194 555 1083926517
372 823 1083926527
845 808 1083926532
845 808 1083926540
845 808 1083926548
194 583 1083926549
605 704 1083926551
372 835 1083926553
194 456 1083926586
482 194 1083926588
605 372 1083926588
573 297 1083926595
704 605 1083926597
783 843 1083926604
372 835 1083926613
194 482 1083926633
704 605 1083926634
372 605 1083926639
99 194 1083926641
9 569 1083926664
9 569 1083926691
9 256 1083926704
504 719 1083926711
605 704 1083926715
9 256 1083926716
605 372 1083926730
814 603 1083926732
9 343 1083926745
704 605 1083926754
482 194 1083926754
605 704 1083926791
9 844 1083926807
605 704 1083926815
9 569 1083926829
704 605 1083926841
704 605 1083926857
605 704 1083926868
704 605 1083926904
605 704 1083926925
704 605 1083927009
590 795 1083927040
482 823 1083927054
835 289 1083927069
605 704 1083927083
835 372 1083927135
704 605 1083927160
289 835 1083927160
605 704 1083927216
681 590 1083927255
605 317 1083927301
704 605 1083927310
605 704 1083927339
704 605 1083927395
801 313 1083927407
605 704 1083927477
605 681 1083927511
835 289 1083927540
590 681 1083927548
835 388 1083927602
289 835 1083927646
701 103 1083927728
372 835 1083927807
289 835 1083927880
701 103 1083927892
835 289 1083927916
103 835 1083927937
289 835 1083927966
701 48 1083928058
95 175 1083928072
835 289 1083928105
289 835 1083928248
41 766 1083928356
543 640 1083928368
681 605 1083928376
9 343 1083928462
835 103 1083928463
835 289 1083928545
289 835 1083928656
846 588 1083928674
835 289 1083928748
128 542 1083929112
847 97 1083929139
189 774 1083929147
713 498 1083929253
758 741 1083929287
289 835 1083929361
758 719 1083929385
625 437 1083929404
625 534 1083929433
683 400 1083929448
323 400 1083929470
289 835 1083929505
75 120 1083929522
36 73 1083929544
835 289 1083929565
388 835 1083929572
683 194 1083929590
534 625 1083929607
617 704 1083929645
289 835 1083929737
289 835 1083929763
754 438 1083929772
841 848 1083929791
835 388 1083929802
625 534 1083929839
835 289 1083929924
297 573 1083929951
683 413 1083930004
388 835 1083930102
289 835 1083930123
835 289 1083930225
289 835 1083930423
835 289 1083930517
73 605 1083930568
588 846 1083930592
73 697 1083930613
687 757 1083930615
289 835 1083930649
835 289 1083930772
704 617 1083930847
311 321 1083930993
289 835 1083931003
687 815 1083931006
687 823 1083931169
835 289 1083931192
687 783 1083931234
289 835 1083931288
687 586 1083931340
687 832 1083931407
542 128 1083931542
439 540 1083931569
439 795 1083931579
439 795 1083931591
823 687 1083931684
783 687 1083931690
823 482 1083931735
651 765 1083931754
651 765 1083931762
809 281 1083931813
540 439 1083931814
128 542 1083931821
540 439 1083931833
809 340 1083931860
97 726 1083932129
809 823 1083932150
97 726 1083932161
513 263 1083932324
422 297 1083932672
422 297 1083932701
689 626 1083933948
308 823 1083934452
308 311 1083934494
781 642 1083934506
781 642 1083934576
308 849 1083934596
781 642 1083934694
72 701 1083935096
468 830 1083935746
263 513 1083937053
236 617 1083938967
