847 1280 1093709443
1756 503 1093710949
1543 1312 1093712181
494 63 1093714164
1312 1344 1093714497
1312 1543 1093714594
1312 1344 1093714654
1316 1543 1093715659
1316 503 1093715692
518 1436 1093715993
523 32 1093716342
523 182 1093716365
523 1635 1093716384
523 141 1093716401
523 1332 1093716419
523 1149 1093716432
523 1817 1093716510
523 629 1093716548
523 36 1093716566
523 875 1093716595
523 612 1093716618
523 89 1093716642
523 1806 1093716654
523 64 1093716666
523 1114 1093716677
523 899 1093716709
523 1818 1093716723
523 591 1093716749
523 15 1093716761
523 1380 1093716773
523 1182 1093716791
523 1819 1093716803
523 1820 1093716820
523 70 1093716853
523 44 1093717000
523 920 1093717023
523 111 1093717033
523 172 1093717052
523 137 1093717136
523 418 1093717155
523 1821 1093717186
523 298 1093717233
523 1822 1093717248
523 708 1093717286
523 1823 1093717298
523 799 1093717328
523 1137 1093717360
523 846 1093717376
523 1541 1093717401
523 1566 1093717414
523 1041 1093717428
523 1394 1093717441
523 328 1093717455
523 334 1093717470
523 812 1093717498
523 118 1093717532
523 1824 1093717545
523 1825 1093717556
523 122 1093717567
523 1592 1093717578
523 1826 1093717600
523 1827 1093717610
523 1343 1093717646
523 1022 1093717675
523 1814 1093717695
1032 523 1093718367
1624 1756 1093719040
1814 175 1093723871
1814 8 1093723916
1814 523 1093725859
12 1808 1093729417
1310 561 1093732593
105 1789 1093733168
357 525 1093733169
1310 1792 1093733378
396 1472 1093734475
525 357 1093736267
1344 1312 1093737619
431 561 1093738477
1472 396 1093738764
1608 1362 1093741031
143 12 1093743814
1436 518 1093745445
1312 1387 1093746331
12 143 1093746577
1641 1619 1093747779
1362 1608 1093748794
95 626 1093750090
105 1771 1093751300
105 367 1093752234
1808 12 1093753196
1808 95 1093753514
12 1808 1093753918
95 1808 1093755161
1789 681 1093755744
1789 1472 1093756032
1472 1789 1093756424
1771 105 1093756567
1789 1472 1093756662
105 1771 1093756679
1608 1362 1093756744
1472 1789 1093756883
1771 105 1093756915
105 1771 1093757036
1771 105 1093757095
105 1771 1093757227
1771 105 1093757279
105 1789 1093757285
105 1771 1093757301
1789 105 1093757316
105 1789 1093757342
1771 1789 1093757355
1771 105 1093757402
1686 1789 1093757410
105 1771 1093757442
1789 1686 1093757494
1789 1771 1093757503
1789 105 1093757517
105 1789 1093757571
1771 1789 1093757618
1789 1771 1093757710
1789 105 1093757733
1771 1789 1093757807
105 1789 1093757931
1789 105 1093758134
105 1789 1093758220
1789 105 1093758337
105 1789 1093758487
1789 105 1093758692
105 1789 1093758996
503 1756 1093760238
1686 27 1093762733
847 152 1093763051
152 847 1093763110
152 847 1093763156
847 152 1093763267
152 847 1093763382
1792 1310 1093764630
1280 847 1093765174
1669 1641 1093766099
1786 1280 1093767354
