1756 503 1093532244
27 967 1093532360
1543 561 1093538562
143 12 1093542244
1042 1624 1093542259
503 1756 1093543325
224 538 1093543569
357 525 1093543758
357 525 1093543937
1756 503 1093544485
1624 1042 1093547708
1624 1340 1093547979
713 1059 1093549244
538 224 1093550199
12 1312 1093550697
224 538 1093551987
1312 12 1093556470
1312 1543 1093556523
538 224 1093556660
224 538 1093561206
1543 1312 1093561398
538 224 1093561487
224 538 1093561657
272 674 1093563291
1280 1287 1093563535
1585 1669 1093563667
503 1756 1093564033
1669 1585 1093564836
1811 1814 1093565522
244 142 1093565710
1624 1811 1093566035
1814 1811 1093566053
1756 503 1093566782
1811 1624 1093567551
1624 1811 1093567603
175 810 1093568019
1474 1793 1093568182
1474 1375 1093568309
503 1756 1093569393
1756 503 1093569507
245 710 1093570240
1756 1624 1093571307
1624 1756 1093571509
1624 105 1093572326
1756 1624 1093572551
105 1624 1093572560
1624 1756 1093573489
1624 105 1093573527
105 1624 1093574085
1756 1624 1093574278
1624 105 1093574295
585 523 1093574552
969 1669 1093574650
105 1624 1093574840
1624 1756 1093576025
1624 105 1093576040
396 586 1093576979
1624 224 1093577999
105 1624 1093578602
696 713 1093578735
561 1543 1093578928
561 105 1093579303
357 1796 1093579353
1488 298 1093579379
1343 415 1093579604
1343 12 1093579671
1796 67 1093579688
105 561 1093579964
1669 969 1093580204
1312 1543 1093580648
561 105 1093582136
105 561 1093582705
1582 1543 1093582866
105 874 1093586185
1762 1281 1093586950
1585 1669 1093587224
494 63 1093587224
1585 1349 1093587377
415 1343 1093590070
1026 1717 1093591909
423 1026 1093592565
1026 423 1093592594
1338 1815 1093594190
1669 1585 1093596879
105 1771 1093602309
105 474 1093602450
1186 1816 1093606937
