970 1255 1088696238
970 1641 1088696265
1118 1542 1088698897
1624 1408 1088699522
1624 725 1088699641
1339 1255 1088700850
1489 249 1088701012
1489 249 1088701044
1313 9 1088702330
1313 507 1088702362
1313 1403 1088702603
1314 1346 1088703927
27 1079 1088705492
908 1717 1088705556
199 1624 1088706726
1346 1314 1088708203
1272 1238 1088708328
1624 199 1088708670
1667 1181 1088709566
710 1283 1088712014
1113 710 1088712263
1520 1181 1088713185
1520 63 1088713202
969 176 1088714514
1190 394 1088715318
1113 969 1088715697
969 1113 1088716160
1113 969 1088716405
429 191 1088716778
710 1113 1088716869
1113 710 1088717101
725 1624 1088717626
1644 249 1088719036
1624 725 1088719136
1406 1362 1088719180
1513 970 1088719236
176 969 1088719573
970 1513 1088720296
1727 361 1088720543
1727 1183 1088720668
42 257 1088720802
42 1255 1088720838
42 1255 1088720860
557 525 1088721524
1255 42 1088721879
495 1713 1088723752
495 249 1088723786
495 1406 1088723804
495 456 1088723832
1713 495 1088724028
495 741 1088724356
495 1713 1088724363
1656 1493 1088724679
1343 249 1088724779
1343 1113 1088724804
710 1113 1088725534
63 1520 1088726187
710 699 1088726247
1113 1343 1088726324
1113 710 1088726358
1079 27 1088729639
561 95 1088729803
249 61 1088729980
1387 557 1088730787
1387 1285 1088730847
1387 1285 1088730918
1387 95 1088731006
1343 1113 1088731121
525 557 1088731620
525 547 1088731831
1113 1343 1088732070
547 525 1088732096
1111 1190 1088732123
1713 525 1088732128
1181 1667 1088732141
249 1343 1088732155
249 1489 1088732181
1713 1181 1088732255
525 547 1088732363
525 1713 1088732382
1713 525 1088732548
547 525 1088732592
525 1713 1088732606
1713 525 1088732755
525 547 1088732759
525 1713 1088732773
1190 1111 1088733164
1295 431 1088734374
394 1190 1088735136
1667 1181 1088735952
27 1079 1088736616
1079 27 1088736828
9 1731 1088737363
9 1343 1088737378
1290 1677 1088737653
431 1295 1088737804
1130 1713 1088738030
1713 1130 1088738265
711 642 1088738330
249 1644 1088740440
1713 1312 1088740763
249 1136 1088740783
249 819 1088740832
249 843 1088740910
1731 9 1088741162
249 852 1088741449
249 592 1088741498
852 249 1088741670
249 852 1088741881
318 67 1088742198
249 475 1088743104
475 249 1088743142
249 475 1088743242
475 249 1088743346
249 475 1088743492
475 249 1088743512
249 475 1088743662
249 809 1088743938
809 847 1088744121
809 249 1088744162
249 809 1088744197
475 249 1088744343
249 475 1088744546
475 249 1088744613
1713 1299 1088744773
1713 1733 1088744802
249 475 1088745726
259 1732 1088745968
582 1436 1088746148
582 1343 1088746160
249 152 1088746569
1434 1679 1088746573
1434 970 1088746629
1713 1434 1088746667
1713 536 1088746771
1434 1713 1088746780
1713 1434 1088746810
249 394 1088746899
969 176 1088747157
1434 488 1088747159
1434 1713 1088747207
1713 969 1088747223
1713 409 1088747937
1317 652 1088748012
27 1079 1088748391
620 393 1088748602
54 1128 1088748675
1713 282 1088750243
1548 95 1088750569
557 708 1088750575
1548 1713 1088750601
1548 482 1088750656
1500 144 1088750695
1713 1548 1088750781
1548 1713 1088750917
1713 1548 1088751105
1713 495 1088751450
1395 1113 1088751571
495 1713 1088751579
1500 708 1088751676
557 1387 1088751851
1548 1713 1088751973
1493 1656 1088752096
1338 67 1088752403
1713 1548 1088752411
1713 1493 1088752465
557 525 1088752482
1713 697 1088752584
1713 1554 1088752696
1548 1713 1088752705
1548 1713 1088752737
1667 799 1088752856
1339 1554 1088752945
1667 799 1088752967
447 95 1088753003
1548 878 1088753004
1667 1548 1088753017
1667 1548 1088753079
1667 447 1088753180
1554 1339 1088753358
1231 1667 1088753494
1079 27 1088753512
1713 1548 1088753869
1554 1713 1088753917
1548 1713 1088754227
1546 1554 1088754639
1713 1548 1088754811
1554 1546 1088755598
984 1231 1088755610
878 1548 1088757764
1113 1395 1088758218
1656 1493 1088760199
400 1280 1088761435
1181 1713 1088765543
1181 1667 1088765551
372 353 1088767610
32 1731 1088776967
