536 1713 1096905671
620 27 1096905896
1878 1730 1096910043
652 1565 1096914981
27 620 1096915834
1724 1836 1096940719
1 312 1096940808
1624 1866 1096940837
1624 1727 1096941688
1781 1624 1096941694
1624 1781 1096941726
1781 1624 1096941873
1730 1878 1096941947
1781 1624 1096941962
1624 1781 1096942060
1624 1781 1096942308
1781 1624 1096942348
1713 536 1096943155
868 1876 1096945333
342 1362 1096945496
1836 1362 1096946140
1836 1724 1096949114
1864 1878 1096949165
1750 561 1096949222
9 1624 1096949699
1876 868 1096949899
1876 27 1096949985
1624 9 1096950746
27 1876 1096951156
312 1 1096952349
1601 711 1096953014
1565 652 1096953670
1338 1601 1096953702
1724 1836 1096953925
1344 1783 1096955849
9 1624 1096965702
1773 1282 1096966033
1362 342 1096982964
1362 1836 1096983210
