617 1713 1094829565
1675 1756 1094834471
342 27 1094837306
1756 1675 1094837443
27 342 1094841013
132 1 1094841489
312 1 1094843744
557 561 1094853351
1624 557 1094853606
983 1079 1094854930
1127 1573 1094857276
342 561 1094859874
1758 1644 1094860953
847 1488 1094863191
1 312 1094863344
561 557 1094867021
561 342 1094867445
1756 1833 1094868715
843 1834 1094870763
843 1835 1094871129
1675 1756 1094872786
810 1792 1094874827
1042 1624 1094878928
1042 1675 1094879214
697 492 1094879475
1132 847 1094882272
42 1724 1094882520
42 27 1094882741
1644 1758 1094882842
1644 398 1094883855
1644 1758 1094884577
67 1403 1094884903
398 1644 1094885829
1434 1312 1094885930
710 1517 1094886928
1675 1042 1094890738
847 1132 1094895266
