1132 456 1095001181
1 1626 1095005437
1 312 1095008066
1626 1 1095013915
1756 503 1095014240
1756 1675 1095014468
1756 1629 1095014574
312 1 1095015197
1626 312 1095015281
312 1626 1095015345
1626 312 1095015373
557 1624 1095015470
312 1626 1095015486
1626 312 1095015550
312 1626 1095015652
1626 312 1095015801
312 1626 1095015857
1624 557 1095017899
193 1565 1095018332
557 1624 1095018537
1624 557 1095019129
1624 557 1095019166
557 1624 1095019475
1626 312 1095020331
67 1675 1095028346
1624 341 1095028522
341 1624 1095028644
394 1190 1095031420
1624 341 1095033136
810 175 1095033583
1624 1052 1095033842
1624 810 1095033910
1052 1624 1095034147
1624 1052 1095034466
1624 755 1095034893
146 3 1095035168
1781 755 1095035465
1675 67 1095036623
1675 1756 1095036680
1675 67 1095036799
1624 105 1095037295
3 146 1095039209
3 146 1095039246
1 312 1095039319
1644 1758 1095041792
697 808 1095041934
1624 1811 1095042293
1624 95 1095042914
1756 1781 1095043003
95 1624 1095043197
1756 1675 1095043338
561 1750 1095043391
561 557 1095043746
1282 1543 1095044175
561 95 1095044662
431 561 1095044778
1 1626 1095045556
1 132 1095045756
697 95 1095045818
1783 710 1095046171
27 42 1095046345
27 620 1095046363
1724 42 1095046856
1811 1624 1095047967
1624 1811 1095048192
1800 44 1095048514
1332 1312 1095048773
1836 536 1095048983
1800 1801 1095049071
1657 1624 1095049173
1543 975 1095049461
1624 1657 1095049659
1624 725 1095049759
1781 1756 1095050177
429 1720 1095051210
429 1700 1095051648
429 372 1095052769
146 3 1095053349
44 1 1095053966
1 44 1095054461
44 1 1095054539
1 44 1095054808
44 1 1095055086
1406 843 1095055549
621 830 1095056043
621 1647 1095056144
32 1838 1095056497
1836 398 1095057465
843 1406 1095057755
398 1836 1095057863
1792 1052 1095057886
1 44 1095058298
1434 1312 1095059689
105 1624 1095064285
3 1649 1095064723
847 1132 1095065913
1750 561 1095069194
536 1836 1095084638
1756 429 1095086572
