1312 1313 1091631385
1756 483 1091632053
27 398 1091638874
1332 1545 1091642574
398 27 1091645947
1758 144 1091648331
494 429 1091652332
494 1440 1091652361
398 1738 1091653459
105 639 1091658345
1183 1349 1091658803
431 483 1091661671
105 308 1091661719
358 105 1091661930
483 1756 1091668489
483 249 1091668507
483 431 1091668543
431 483 1091671895
431 1748 1091671921
1748 431 1091672093
1748 431 1091672132
1748 1472 1091672192
1748 830 1091672411
1472 1748 1091672526
1748 1472 1091672559
1748 1472 1091672629
105 358 1091673047
358 105 1091674621
1713 1585 1091677139
1585 1713 1091677201
1713 1585 1091677257
1585 1713 1091678251
1713 1585 1091678831
483 431 1091679576
1313 1332 1091679937
642 36 1091680044
1783 1585 1091680936
1346 1783 1091681194
3 1784 1091681940
1783 1346 1091682441
105 1585 1091682547
1313 19 1091682902
1346 1783 1091683852
1013 398 1091684325
1034 1313 1091684360
172 1748 1091684614
398 1013 1091685420
1487 132 1091685521
105 1487 1091685561
1487 620 1091685780
1487 105 1091685824
105 398 1091685978
105 1487 1091686084
1783 1346 1091686084
431 483 1091686185
431 1748 1091686233
1783 1346 1091686345
398 105 1091686803
1346 1783 1091686894
1238 1052 1091687260
1434 1313 1091687331
1783 1346 1091687451
1346 1783 1091687700
36 642 1091688812
483 431 1091689191
27 398 1091689721
3 1748 1091689852
42 72 1091692367
431 483 1091692646
483 431 1091693063
353 1772 1091695424
1052 1238 1091695465
431 483 1091695632
431 353 1091695689
431 429 1091697374
431 773 1091698073
249 483 1091698289
483 431 1091701834
483 249 1091701916
9 1731 1091703076
9 1313 1091703097
9 1313 1091703116
1 312 1091717235
