1677 1290 1090854404
1756 1644 1090855019
1756 1312 1090855079
1403 1756 1090856866
1748 970 1090857782
1281 1762 1090858735
27 582 1090859223
27 1285 1090859384
1042 67 1090859859
1042 1730 1090859911
561 431 1090861671
1624 48 1090862469
561 1310 1090862765
1713 561 1090863442
167 1758 1090864427
1765 1253 1090866615
431 561 1090868535
211 1742 1090870577
1762 1281 1090871442
1762 308 1090871501
1762 308 1090871527
1742 211 1090871714
312 1 1090872472
1509 1744 1090872793
1 312 1090872905
1281 1762 1090873507
105 713 1090874054
105 1624 1090874674
105 42 1090874826
105 1644 1090874875
308 1762 1090875009
1624 105 1090877577
1644 105 1090880775
1644 1756 1090881000
12 1312 1090881362
12 1343 1090881381
12 1312 1090881452
1756 1644 1090881734
1756 8 1090882063
1644 1756 1090882134
1756 1644 1090882441
1130 652 1090882458
67 710 1090882572
8 1756 1090882920
1756 8 1090883234
810 175 1090883488
8 1756 1090883535
105 1644 1090883982
105 1624 1090884061
494 389 1090885473
233 1647 1090886463
233 1676 1090886645
1624 105 1090890094
1343 12 1090890101
1676 233 1090890106
12 1343 1090890267
1343 12 1090890362
1343 9 1090890387
12 1343 1090890476
582 27 1090890554
1343 12 1090890557
12 1343 1090890653
1343 12 1090891648
1310 561 1090891680
1285 27 1090893052
1644 1756 1090893064
1644 105 1090893109
1285 1312 1090893146
12 1343 1090893180
12 1313 1090893257
12 1644 1090893305
12 27 1090893531
1313 1285 1090893556
1644 12 1090893569
12 1644 1090893607
1644 12 1090893733
12 1644 1090893852
727 1280 1090893924
1644 12 1090894030
1440 1748 1090894856
1343 12 1090895514
1312 12 1090898518
1312 1756 1090898632
1312 12 1090898702
1034 1624 1090899088
44 1669 1090899438
12 1644 1090899683
12 1312 1090899735
12 1343 1090899757
27 12 1090899766
12 27 1090899851
12 67 1090900271
1624 1034 1090901212
1624 48 1090901776
1762 1281 1090901902
1758 144 1090903055
9 1343 1090903078
1678 1118 1090903277
1644 12 1090904857
172 1748 1090905550
32 3 1090906593
1343 12 1090908292
1343 9 1090908322
9 1343 1090908753
32 1042 1090908763
1238 32 1090909064
1343 9 1090909089
32 1238 1090909127
9 1343 1090909203
32 9 1090909236
9 32 1090909276
9 32 1090909293
1238 32 1090909324
1343 9 1090909423
9 1343 1090909465
1343 9 1090909558
1343 9 1090909593
9 1343 1090909662
9 1343 1090909688
9 1343 1090909706
1343 9 1090909729
1343 9 1090909749
9 1343 1090909778
9 1343 1090909798
1343 9 1090909827
9 1343 1090909846
9 1343 1090909856
9 1118 1090909898
144 1758 1090911926
95 561 1090912258
1280 727 1090913079
95 175 1090913370
1762 308 1090916437
67 1770 1090917635
48 1624 1090919660
189 358 1090920866
189 443 1090920970
189 1749 1090921153
105 1644 1090922340
105 1624 1090922452
3 32 1090922454
105 1624 1090922603
105 1624 1090923315
105 474 1090924020
189 708 1090925069
189 44 1090925191
1756 8 1090939728
1756 1403 1090939838
1756 1644 1090940153
