1509 847 1093103728
1332 1246 1093107843
1285 27 1093111091
95 1246 1093115930
95 1246 1093116369
1127 1603 1093119326
1246 95 1093120670
224 770 1093122789
224 770 1093122805
224 621 1093123226
1756 503 1093127434
1565 193 1093128946
868 95 1093129829
95 868 1093130245
868 95 1093130713
95 868 1093130788
868 95 1093131073
95 868 1093131260
868 95 1093131560
95 868 1093131642
868 95 1093132061
95 868 1093132401
868 95 1093132759
95 868 1093132962
868 95 1093133028
1332 1246 1093134719
538 615 1093136006
1246 1332 1093138852
615 538 1093139111
105 1789 1093140437
1042 1792 1093141295
1624 1042 1093142115
1624 398 1093142500
1624 95 1093142527
749 1724 1093142677
12 1312 1093142709
503 1756 1093142795
398 1624 1093144057
1312 12 1093145976
1624 398 1093150599
1783 1624 1093151116
1624 1783 1093151148
1783 1624 1093151184
1783 1624 1093151209
1624 1783 1093153613
1624 1783 1093153621
1783 1624 1093153784
1624 1783 1093154439
1783 1624 1093154735
1542 1246 1093154763
1724 749 1093154870
1796 224 1093154886
193 1565 1093154935
1343 1796 1093155024
1343 415 1093155079
1756 503 1093155428
1246 1542 1093155742
1624 1756 1093156805
621 224 1093157214
1517 1786 1093157732
1517 1343 1093157790
175 95 1093157867
1796 125 1093158242
12 1312 1093158482
12 1343 1093158512
12 143 1093158739
415 997 1093159772
1716 1796 1093161601
125 1796 1093161848
503 1756 1093163629
