32 144 1082916711
32 243 1082917027
204 241 1082920909
63 127 1082921464
227 144 1082922014
194 209 1082924527
168 95 1082925314
63 127 1082925927
44 214 1082926341
41 32 1082928441
9 244 1082929648
245 191 1082929848
228 97 1082930135
211 228 1082932458
211 246 1082932673
19 52 1082932884
233 88 1082933693
34 242 1082933989
19 233 1082934223
127 63 1082935467
143 32 1082935765
143 95 1082935814
9 235 1082936101
9 177 1082936128
63 127 1082936805
32 88 1082936843
211 233 1082937060
88 32 1082937580
32 88 1082937803
247 248 1082937885
248 247 1082937994
176 248 1082938175
176 248 1082938396
211 232 1082939235
88 32 1082939473
176 248 1082939913
176 63 1082939964
32 88 1082940004
249 63 1082940059
41 250 1082940866
41 248 1082940869
95 168 1082940878
41 251 1082940883
34 242 1082941180
176 72 1082941624
44 88 1082942825
103 177 1082943527
103 86 1082943650
12 168 1082944411
51 86 1082944567
212 252 1082944891
176 63 1082944983
41 97 1082945103
168 95 1082945228
249 63 1082945257
212 34 1082945287
212 252 1082945306
176 63 1082945312
212 252 1082945495
176 63 1082945596
212 34 1082945648
249 63 1082945798
212 34 1082946058
103 63 1082946164
144 247 1082946205
204 51 1082946226
103 63 1082946267
101 208 1082946301
212 34 1082946540
212 252 1082946633
53 253 1082948735
9 251 1082948778
164 8 1082950430
8 164 1082950522
212 34 1082950910
44 88 1082951104
44 48 1082951267
44 88 1082951300
44 48 1082951438
254 8 1082951480
8 254 1082951551
44 88 1082951704
254 8 1082951755
95 168 1082951893
254 8 1082952078
8 254 1082952225
254 8 1082952345
8 254 1082952399
254 8 1082952539
1 255 1082953823
103 256 1082955438
143 32 1082955515
204 257 1082956140
52 48 1082956481
258 76 1082956655
168 95 1082957133
259 260 1082957380
261 256 1082957450
19 52 1082957505
204 81 1082957673
19 52 1082957685
259 256 1082957765
51 260 1082957918
260 51 1082958043
204 262 1082958047
19 52 1082958105
103 260 1082958123
263 254 1082958138
263 254 1082958311
204 51 1082958356
260 51 1082958564
204 51 1082958693
41 256 1082958864
204 51 1082958867
204 51 1082958883
36 254 1082958907
204 51 1082958919
36 222 1082958944
204 51 1082959027
204 51 1082959053
204 51 1082959263
204 51 1082959303
62 215 1082959336
204 51 1082959459
264 158 1082959529
6 122 1082959563
204 51 1082959897
36 254 1082959982
36 6 1082960026
41 265 1082960053
204 51 1082960057
204 51 1082960298
36 6 1082960602
36 254 1082960649
260 51 1082960659
204 51 1082960672
36 222 1082960750
96 6 1082960820
204 51 1082960837
96 6 1082960895
256 259 1082960931
204 48 1082960943
36 254 1082960952
36 6 1082960970
204 51 1082960973
96 6 1082960993
36 6 1082961076
96 6 1082961084
204 51 1082961176
96 6 1082961242
204 51 1082961242
36 6 1082961311
36 254 1082961339
36 254 1082961365
204 48 1082961392
96 6 1082961537
211 251 1082961570
204 266 1082961699
204 51 1082961727
267 260 1082961748
267 256 1082961772
260 51 1082961860
260 267 1082961870
12 260 1082961879
263 191 1082961929
12 101 1082962022
204 48 1082962113
204 51 1082962153
204 266 1082962179
12 175 1082962234
204 48 1082962262
204 51 1082962447
51 267 1082962531
260 51 1082962543
204 48 1082962575
260 51 1082962615
268 149 1082962676
267 51 1082962686
189 8 1082962975
63 127 1082963055
51 267 1082963180
204 48 1082963303
204 221 1082963419
127 63 1082963512
204 48 1082963526
212 6 1082963598
204 48 1082963698
204 48 1082963741
267 51 1082963914
140 6 1082963954
12 175 1082963984
103 267 1082963990
204 48 1082963999
69 254 1082964096
212 34 1082964277
212 48 1082964379
103 267 1082964745
176 269 1082964847
204 48 1082964990
103 166 1082965148
19 265 1082965192
95 168 1082965334
212 254 1082965685
212 48 1082965883
176 270 1082966014
176 267 1082966042
212 48 1082966218
69 271 1082966219
212 48 1082966415
69 271 1082966429
69 271 1082966689
69 271 1082966760
272 273 1082966813
69 271 1082966844
48 256 1082966852
69 271 1082966928
274 48 1082967168
69 271 1082967206
274 48 1082967462
144 260 1082967605
103 265 1082967629
212 48 1082967716
263 222 1082967817
198 256 1082967828
103 270 1082967931
176 256 1082968126
212 48 1082968173
263 239 1082968223
212 48 1082968537
135 105 1082968737
263 239 1082968947
103 228 1082968955
212 48 1082969098
103 228 1082969149
204 48 1082969190
101 271 1082969403
101 34 1082969638
275 20 1082969709
103 228 1082969738
276 8 1082969738
20 275 1082969776
20 275 1082969785
101 34 1082969792
263 277 1082969961
263 277 1082970044
140 6 1082970336
9 135 1082970407
140 278 1082970440
9 135 1082970857
34 101 1082970979
127 260 1082971101
9 135 1082971150
101 68 1082971275
260 127 1082971353
103 52 1082971457
199 279 1082971533
199 260 1082971702
260 199 1082971964
260 127 1082971984
41 101 1082972294
63 127 1082972379
19 52 1082972464
41 280 1082972502
271 101 1082972614
68 101 1082972625
176 101 1082972650
260 127 1082972760
281 254 1082972822
41 280 1082973198
41 280 1082973247
277 68 1082973381
282 34 1082973381
176 283 1082973436
176 283 1082973442
41 280 1082973474
176 283 1082973512
176 283 1082973527
41 280 1082973742
176 248 1082973961
176 284 1082974060
176 166 1082974144
220 271 1082974197
41 270 1082974249
12 101 1082974280
220 67 1082974303
9 135 1082974309
12 101 1082974386
67 256 1082974526
12 101 1082974579
36 285 1082974655
12 101 1082974853
220 67 1082974962
286 221 1082974992
36 285 1082975725
36 285 1082975764
101 32 1082976041
189 132 1082977240
220 221 1082977423
220 221 1082977768
221 3 1082979630
181 180 1082979777
181 177 1082979788
181 177 1082979801
181 260 1082980205
260 287 1082980899
236 239 1082984436
260 181 1082990408
