1644 431 1089644300
1644 346 1089644600
847 969 1089646152
1624 431 1089648414
27 1285 1089649200
1190 394 1089651221
32 3 1089651938
67 1338 1089655709
969 847 1089659313
1359 1343 1089659998
8 644 1089660668
1540 1669 1089660668
495 1406 1089660989
431 1644 1089661144
431 1624 1089661166
1579 431 1089662159
1667 1579 1089666044
1624 431 1089666553
127 1072 1089666607
127 233 1089666985
95 561 1089667068
127 1724 1089667101
398 447 1089667806
127 1050 1089667969
127 809 1089668440
127 1021 1089668598
127 1338 1089668905
127 1312 1089669100
127 1198 1089669111
127 495 1089670485
319 317 1089670853
12 1312 1089670889
9 1132 1089671103
95 319 1089671186
1312 12 1089671980
1312 127 1089672019
127 1312 1089672376
319 95 1089672881
85 1434 1089673196
211 36 1089673452
211 1742 1089673576
95 319 1089673602
1406 495 1089673642
1655 1641 1089674518
36 211 1089674590
1655 1397 1089674641
12 1312 1089675425
1542 249 1089675731
1344 1713 1089676042
9 1752 1089676249
1749 644 1089677400
644 8 1089677520
1127 1203 1089678037
1647 1669 1089678299
1647 1713 1089678330
1647 1282 1089678366
1647 1132 1089678396
1647 724 1089678450
1667 969 1089678472
8 644 1089681340
1282 1647 1089681566
969 172 1089681577
969 1667 1089681704
1132 1647 1089683234
172 969 1089683377
431 1579 1089683796
431 1624 1089683815
431 1132 1089683889
969 172 1089683989
1132 431 1089685313
431 1132 1089686841
1713 1072 1089687723
809 127 1089688090
724 1647 1089689149
95 1749 1089689789
1434 85 1089689968
1677 1290 1089691891
1312 12 1089692060
1203 1127 1089692072
431 1111 1089692838
1579 1667 1089693139
1579 431 1089693156
431 1579 1089693233
1579 431 1089693335
431 1579 1089693385
1713 1178 1089696393
281 708 1089697610
172 969 1089698644
127 809 1089699502
1669 1540 1089699609
1669 1647 1089699684
1423 1669 1089699815
95 175 1089701322
1343 1359 1089701639
1343 9 1089701787
19 353 1089702126
1647 1132 1089702635
1647 1282 1089702720
1647 724 1089702775
1647 1669 1089702910
1752 9 1089703807
724 1647 1089703938
429 191 1089704757
1669 1423 1089704899
1669 1647 1089705013
1669 1655 1089705068
1669 429 1089705148
1647 724 1089705228
1647 1669 1089705313
1647 1269 1089705401
1423 1669 1089706345
708 281 1089707545
124 1255 1089707994
1472 1489 1089712448
1009 27 1089712620
1009 1346 1089713015
201 143 1089713737
1255 124 1089714964
9 1343 1089715920
9 97 1089716181
3 32 1089722951
1644 431 1089730524
