712 1042 1084892178
250 128 1084892478
415 1121 1084892621
697 487 1084892953
598 1071 1084893196
598 1070 1084893205
32 638 1084894567
67 1103 1084894590
1127 654 1084894644
679 453 1084895008
67 343 1084895135
749 173 1084895176
1127 1137 1084895364
1127 123 1084895511
1127 971 1084895704
1026 252 1084895867
1127 405 1084895879
1127 265 1084895965
654 1127 1084895967
209 598 1084896020
337 605 1084896661
1120 306 1084896961
398 260 1084896995
739 781 1084897523
41 1041 1084897810
1126 289 1084897829
1070 598 1084898307
454 777 1084898623
317 679 1084898993
67 1039 1084899006
143 201 1084899094
781 739 1084899594
53 739 1084899722
713 950 1084899816
713 545 1084899899
53 250 1084900053
32 698 1084900165
781 50 1084900281
342 319 1084900570
224 175 1084900606
667 540 1084901015
288 1162 1084901114
224 862 1084901137
1162 288 1084901170
224 839 1084901227
105 1033 1084901323
440 1097 1084901407
595 172 1084901477
1162 27 1084901536
1132 341 1084901541
288 1162 1084901621
527 19 1084901765
1162 288 1084901782
1162 27 1084901910
990 969 1084902062
36 525 1084902419
36 1127 1084902440
36 1033 1084902494
483 193 1084902537
483 42 1084902573
626 586 1084902732
586 626 1084902822
626 590 1084902912
50 781 1084902994
586 626 1084903101
586 626 1084903299
814 603 1084903685
950 1131 1084903823
840 1031 1084904032
498 495 1084904078
840 176 1084904110
498 378 1084904135
431 840 1084904646
68 495 1084905201
181 495 1084905272
605 181 1084905310
431 605 1084905366
431 605 1084905993
590 1144 1084906136
431 605 1084906185
431 605 1084906197
431 605 1084906268
431 605 1084906284
853 1034 1084906332
431 605 1084906467
498 495 1084906770
463 469 1084906965
758 712 1084907028
463 469 1084907046
758 1023 1084907056
463 80 1084907062
463 687 1084907102
463 252 1084907128
176 840 1084907807
27 1162 1084907850
598 1070 1084907896
50 755 1084908268
342 1039 1084908453
396 378 1084908790
9 177 1084908966
509 1103 1084909122
509 454 1084909148
509 454 1084909161
509 389 1084909185
725 673 1084909226
342 1039 1084909339
783 1004 1084909454
118 1070 1084909474
67 938 1084909514
67 1039 1084909617
288 1162 1084909690
342 1039 1084909799
252 463 1084910442
1031 840 1084910495
1031 42 1084910536
1031 840 1084910595
477 317 1084910668
509 1039 1084910719
41 1163 1084910724
323 73 1084910751
540 667 1084910814
323 1164 1084910837
687 463 1084910846
1163 41 1084910868
679 317 1084910887
41 1163 1084910900
42 1031 1084910979
41 1041 1084910987
1163 41 1084911071
67 1039 1084911083
12 415 1084911412
252 97 1084911687
425 765 1084911792
557 926 1084911869
67 1039 1084912042
67 1039 1084912298
687 605 1084912326
131 314 1084912366
389 509 1084912493
67 1039 1084912581
1004 687 1084912594
1103 939 1084913061
617 728 1084913213
830 389 1084913345
617 681 1084913345
617 966 1084913400
252 1103 1084913409
1103 252 1084913447
252 1103 1084913479
338 343 1084913658
3 317 1084913833
926 557 1084913873
343 338 1084913942
342 1039 1084914589
105 654 1084914648
105 314 1084914728
105 332 1084914742
834 1130 1084914775
654 105 1084914805
254 378 1084914855
603 814 1084914930
105 654 1084914970
1047 545 1084915114
1104 1021 1084915219
105 343 1084915245
105 1051 1084915403
252 105 1084915591
105 938 1084915592
105 938 1084915619
938 67 1084915647
431 605 1084916393
431 605 1084916591
431 605 1084916716
431 727 1084916758
431 605 1084916947
431 727 1084916959
204 777 1084916973
204 250 1084916984
431 605 1084917169
191 1049 1084917272
1097 687 1084917453
1097 440 1084917511
840 176 1084918034
840 309 1084918089
621 924 1084918102
687 1097 1084918327
1049 191 1084918643
1097 191 1084919057
483 193 1084919179
317 477 1084919241
317 679 1084919327
840 352 1084919386
840 317 1084919410
679 317 1084919481
317 840 1084919501
840 317 1084919542
840 317 1084919570
317 679 1084919608
679 317 1084919704
667 540 1084919723
191 1097 1084919734
317 679 1084919846
1054 277 1084920012
1054 212 1084920050
1045 654 1084920236
542 495 1084920526
333 317 1084920699
1165 841 1084920701
317 333 1084920764
555 1117 1084920862
333 317 1084920888
1120 408 1084920941
408 590 1084920951
853 881 1084921017
514 840 1084921275
9 598 1084921278
536 532 1084921286
605 734 1084921349
67 1039 1084921376
734 605 1084921391
514 853 1084921392
67 343 1084921398
1070 598 1084921427
658 193 1084921449
605 734 1084921450
734 605 1084921489
67 1039 1084921503
658 1110 1084921513
840 514 1084921525
605 734 1084921569
830 840 1084921572
555 1117 1084921605
734 605 1084921614
542 1070 1084921624
67 1039 1084921645
605 734 1084921656
734 605 1084921677
1039 67 1084921728
605 734 1084921739
734 1023 1084921740
734 605 1084921759
615 277 1084921826
9 598 1084921862
333 317 1084921890
1032 840 1084921896
306 408 1084921901
1166 1034 1084921933
277 615 1084921951
734 605 1084921960
605 734 1084921987
840 1032 1084922006
72 679 1084922016
317 333 1084922024
1032 840 1084922030
615 277 1084922042
840 1032 1084922056
1032 840 1084922108
1034 1166 1084922125
840 1032 1084922146
1032 840 1084922186
532 536 1084922215
840 1032 1084922238
884 536 1084922253
1032 840 1084922254
1107 1012 1084922265
536 884 1084922310
536 532 1084922323
254 1039 1084922325
884 536 1084922344
1060 199 1084922359
840 1032 1084922373
1032 840 1084922395
254 654 1084922410
884 495 1084922416
536 884 1084922448
309 840 1084922707
189 712 1084922774
333 317 1084922793
884 536 1084922800
317 333 1084922876
333 317 1084922916
536 884 1084922936
884 536 1084923003
333 317 1084923006
342 1039 1084923009
536 884 1084923062
1039 254 1084923080
609 971 1084923086
884 536 1084923129
817 346 1084923151
536 884 1084923180
884 536 1084923244
254 1039 1084923290
63 814 1084923298
536 884 1084923322
884 536 1084923378
536 884 1084923515
884 536 1084923618
415 1121 1084923625
415 997 1084923651
36 189 1084923747
405 250 1084923775
536 884 1084923813
405 950 1084923830
495 546 1084923852
405 777 1084923892
1069 317 1084923923
495 498 1084923930
823 498 1084923959
884 536 1084923962
536 884 1084924007
415 840 1084924065
495 68 1084924074
9 282 1084924080
495 181 1084924144
495 498 1084924151
679 72 1084924159
884 536 1084924189
495 542 1084924308
536 884 1084924415
1034 311 1084924431
498 495 1084924475
495 884 1084924532
495 498 1084924541
495 815 1084924739
586 495 1084924895
498 495 1084924902
654 254 1084924936
498 831 1084924938
654 1045 1084924978
679 720 1084924980
652 954 1084925033
683 679 1084925034
498 495 1084925045
498 495 1084925060
884 536 1084925264
536 884 1084925309
1032 783 1084925332
814 603 1084925336
679 683 1084925394
884 495 1084925465
884 536 1084925516
840 415 1084925524
652 753 1084925540
302 155 1084925603
654 302 1084925627
323 1036 1084925722
302 654 1084925741
831 498 1084925749
783 1032 1084925800
536 884 1084925857
389 830 1084925951
884 536 1084926008
536 884 1084926079
884 536 1084926327
536 884 1084926447
884 536 1084926616
725 840 1084926652
536 884 1084926745
884 840 1084926792
884 536 1084926874
337 352 1084926980
498 831 1084927068
1043 840 1084927093
779 475 1084927134
536 884 1084927149
155 302 1084927150
1021 939 1084927249
302 155 1084927281
1021 1104 1084927394
323 966 1084927394
884 536 1084927476
42 353 1084927526
105 758 1084927539
155 302 1084927562
536 884 1084927575
884 536 1084927655
302 155 1084927802
1070 542 1084927804
536 884 1084927834
908 1004 1084927914
12 415 1084927956
884 536 1084928102
704 1131 1084928109
12 926 1084928162
536 884 1084928336
884 536 1084928458
704 958 1084928459
155 302 1084928473
823 498 1084928533
536 884 1084928536
302 155 1084928570
884 536 1084928635
685 128 1084928849
372 569 1084928860
1097 191 1084928914
536 884 1084928961
992 545 1084928969
448 831 1084929018
546 495 1084929061
448 454 1084929067
712 189 1084929243
884 536 1084929244
454 448 1084929353
542 1070 1084929485
1113 495 1084929598
555 1167 1084929641
105 498 1084929993
542 495 1084930079
498 105 1084930110
105 739 1084930130
105 498 1084930302
679 954 1084930318
954 250 1084930345
323 779 1084930391
954 652 1084930402
954 679 1084930431
189 712 1084930446
498 105 1084930464
569 372 1084930511
954 679 1084930553
840 1043 1084930561
105 498 1084930627
105 704 1084930648
498 105 1084930788
598 1070 1084930860
598 209 1084930868
598 560 1084930882
105 498 1084930939
249 72 1084930981
346 817 1084930987
1168 520 1084931024
9 598 1084931046
72 249 1084931050
308 333 1084931167
72 1039 1084931177
617 966 1084931248
439 514 1084931301
817 346 1084931372
323 367 1084931470
617 681 1084931472
437 1033 1084931511
103 1072 1084931529
617 704 1084931605
103 954 1084931661
830 389 1084931705
617 73 1084931772
1113 437 1084931773
333 308 1084931805
547 1169 1084931824
1169 547 1084931932
1087 341 1084932003
1136 739 1084932287
1136 19 1084932320
1136 586 1084932374
323 367 1084932391
1136 306 1084932440
308 281 1084932453
654 302 1084932463
318 513 1084932766
831 498 1084932796
831 448 1084932816
323 367 1084932997
617 704 1084933104
323 367 1084933151
323 367 1084933228
346 817 1084933267
1097 1170 1084933306
323 367 1084933570
1004 908 1084933889
323 367 1084933895
367 323 1084933944
1136 586 1084933980
323 1036 1084933983
536 532 1084933993
1136 48 1084934006
323 367 1084934066
277 815 1084934098
323 753 1084934107
296 199 1084934211
367 323 1084934244
448 454 1084934246
423 536 1084934284
448 831 1084934291
9 598 1084934307
560 598 1084934317
296 1083 1084934361
378 498 1084934386
323 367 1084934402
367 323 1084934467
323 367 1084934498
378 254 1084934575
617 704 1084934600
367 323 1084934604
323 367 1084934666
367 323 1084934703
323 367 1084934724
367 323 1084934751
97 726 1084934755
323 367 1084934794
176 840 1084934803
367 323 1084934945
323 367 1084934974
367 323 1084935017
323 367 1084935073
73 617 1084935224
598 560 1084935233
199 296 1084935234
704 617 1084935239
143 201 1084935265
367 323 1084935267
199 1060 1084935288
199 296 1084935297
323 367 1084935336
367 323 1084935424
1132 725 1084935437
323 367 1084935473
101 198 1084935475
204 777 1084935478
1132 950 1084935836
1083 296 1084935885
367 323 1084935996
481 586 1084935996
323 367 1084936028
367 323 1084936096
1136 1132 1084936180
586 481 1084936209
481 586 1084936272
997 415 1084936289
440 1097 1084936321
586 481 1084936333
323 367 1084936406
514 439 1084936415
950 1132 1084936445
323 1006 1084936452
372 569 1084936467
367 323 1084936474
199 569 1084936475
372 454 1084936481
199 971 1084936502
323 367 1084936532
41 1163 1084936546
367 323 1084936577
323 367 1084936627
367 323 1084936656
323 367 1084936685
372 753 1084936754
1042 389 1084936761
415 840 1084936769
1136 29 1084936792
1042 712 1084936794
712 1042 1084936850
199 840 1084936869
372 1163 1084936889
498 831 1084937004
372 482 1084937006
1042 712 1084937022
498 378 1084937056
323 367 1084937091
712 1042 1084937102
1042 318 1084937128
617 73 1084937195
586 616 1084937287
263 449 1084937322
1042 712 1084937436
430 32 1084937543
734 605 1084937546
430 63 1084937561
734 617 1084937599
367 323 1084937606
220 224 1084937621
1070 598 1084937634
617 734 1084937644
323 753 1084937673
734 617 1084937713
323 367 1084937718
430 857 1084937773
617 734 1084937798
1072 103 1084937808
430 32 1084937816
1004 1103 1084937903
1004 1072 1084937976
734 617 1084938048
679 1083 1084938077
430 598 1084938085
617 734 1084938111
734 617 1084938179
199 598 1084938202
367 323 1084938228
431 617 1084938233
367 323 1084938246
617 734 1084938320
697 870 1084938349
734 617 1084938351
337 272 1084938396
734 617 1084938399
337 263 1084938433
617 734 1084938441
870 697 1084938450
342 1039 1084938475
272 337 1084938493
272 337 1084938527
704 617 1084938574
199 509 1084938597
323 367 1084938606
939 1021 1084938613
697 870 1084938653
175 224 1084938654
367 323 1084938661
9 1132 1084938690
9 1132 1084938702
302 654 1084938707
1004 60 1084938716
9 1132 1084938716
1018 41 1084938728
323 367 1084938737
777 405 1084938748
41 1018 1084938783
199 1139 1084938783
1018 41 1084938818
520 1168 1084938852
755 50 1084938905
617 1171 1084938916
41 1018 1084938942
1004 302 1084938994
1018 41 1084938996
244 142 1084939024
1018 697 1084939035
302 1004 1084939076
8 32 1084939112
41 1018 1084939114
1004 302 1084939149
697 1018 1084939264
1113 437 1084939296
342 1039 1084939308
654 302 1084939356
1172 1173 1084939456
302 654 1084939464
654 302 1084939582
302 654 1084939668
523 308 1084939686
881 853 1084939723
1018 1173 1084939775
302 1174 1084939778
654 302 1084939796
302 654 1084939866
654 302 1084939901
477 317 1084939961
1137 1127 1084939962
67 683 1084939984
697 469 1084939997
498 105 1084940001
477 526 1084940022
469 697 1084940101
1113 101 1084940112
654 498 1084940192
498 654 1084940242
498 654 1084940268
423 1039 1084940272
1128 1034 1084940318
654 498 1084940380
569 372 1084940404
654 498 1084940408
498 654 1084940434
654 498 1084940534
498 378 1084940541
1043 454 1084940594
950 840 1084940601
777 908 1084940722
454 1043 1084940723
1174 302 1084940818
1043 454 1084940836
1136 950 1084940883
1018 697 1084940889
712 1042 1084940901
638 105 1084940946
1043 454 1084941020
840 176 1084941077
840 199 1084941097
840 950 1084941106
638 1175 1084941157
1110 658 1084941177
193 302 1084941210
9 617 1084941297
376 212 1084941327
856 122 1084941329
302 193 1084941384
536 423 1084941432
856 1176 1084941438
638 726 1084941449
536 884 1084941455
454 1043 1084941466
263 337 1084941481
638 590 1084941544
308 523 1084941586
856 7 1084941598
884 536 1084941638
725 1132 1084941665
638 462 1084941736
1113 840 1084941736
638 726 1084941755
1043 454 1084941762
212 376 1084941765
193 658 1084941791
212 6 1084941795
1113 840 1084941851
454 1043 1084941864
176 840 1084941878
212 6 1084941896
1136 50 1084941910
396 191 1084941973
1113 840 1084941989
1043 454 1084942060
1113 815 1084942106
378 498 1084942106
396 400 1084942121
1034 711 1084942122
378 396 1084942125
720 679 1084942148
726 992 1084942151
536 884 1084942165
483 193 1084942177
396 378 1084942177
638 726 1084942395
638 462 1084942418
638 881 1084942432
884 536 1084942434
9 142 1084942543
652 954 1084942575
483 193 1084942655
498 378 1084942678
840 142 1084942685
121 495 1084942740
532 536 1084942746
378 396 1084942765
679 720 1084942768
378 396 1084942795
881 498 1084942833
638 462 1084942848
378 498 1084942880
536 532 1084942963
498 881 1084942974
726 308 1084942990
498 378 1084943010
32 8 1084943014
536 884 1084943039
308 726 1084943043
638 462 1084943070
308 422 1084943098
415 997 1084943166
532 536 1084943171
103 617 1084943183
68 495 1084943252
536 532 1084943255
378 498 1084943417
342 1039 1084943466
323 557 1084943512
638 726 1084943514
323 1036 1084943576
1132 950 1084943586
281 308 1084943621
396 378 1084943630
323 632 1084943649
396 378 1084943658
297 1001 1084943685
532 536 1084943697
753 652 1084943699
753 687 1084943708
396 378 1084943709
323 753 1084943725
638 1124 1084943745
681 617 1084943786
1001 297 1084943806
1132 725 1084943820
638 753 1084943840
884 536 1084943847
103 840 1084943852
297 1001 1084943882
378 396 1084943883
753 638 1084943889
681 758 1084943911
498 378 1084943920
561 1175 1084943924
536 884 1084943938
536 532 1084943950
638 753 1084943959
342 638 1084943962
1087 341 1084943989
323 339 1084943992
378 396 1084944026
396 378 1084944027
323 557 1084944031
1023 734 1084944072
254 654 1084944072
720 679 1084944086
297 1001 1084944126
254 378 1084944135
1087 595 1084944139
323 557 1084944140
681 513 1084944152
840 103 1084944157
1045 654 1084944158
30 161 1084944167
323 557 1084944197
30 679 1084944233
249 297 1084944250
1113 638 1084944296
297 1001 1084944297
323 557 1084944324
483 193 1084944346
378 254 1084944354
840 254 1084944421
1087 595 1084944424
739 105 1084944429
68 638 1084944436
378 396 1084944439
378 396 1084944458
1113 396 1084944477
739 781 1084944477
323 557 1084944571
378 498 1084944594
561 1177 1084944596
726 638 1084944597
396 378 1084944637
323 557 1084944685
297 640 1084944698
1113 396 1084944707
483 193 1084944753
323 557 1084944764
378 396 1084944769
396 378 1084944818
332 840 1084944822
884 536 1084944831
1093 341 1084944864
34 313 1084944885
536 884 1084944887
308 281 1084944933
193 483 1084944941
396 378 1084944995
249 598 1084945001
323 753 1084945003
332 281 1084945021
281 308 1084945046
281 332 1084945066
523 308 1084945114
308 281 1084945123
103 840 1084945140
142 840 1084945159
483 193 1084945174
884 536 1084945239
378 396 1084945271
332 281 1084945273
498 378 1084945279
332 281 1084945287
378 396 1084945293
142 9 1084945293
281 308 1084945329
378 498 1084945335
142 840 1084945338
1093 1131 1084945341
281 332 1084945363
454 1043 1084945365
249 318 1084945404
378 193 1084945410
332 281 1084945429
308 523 1084945431
308 281 1084945486
308 333 1084945510
396 378 1084945526
1043 454 1084945548
193 378 1084945551
323 557 1084945554
1178 586 1084945583
281 308 1084945584
396 378 1084945599
683 67 1084945603
281 332 1084945620
308 281 1084945639
536 884 1084945646
396 586 1084945647
396 378 1084945658
332 281 1084945684
840 332 1084945704
840 142 1084945743
281 308 1084945796
605 277 1084945801
586 396 1084945801
277 605 1084945852
308 281 1084945858
281 332 1084945865
281 308 1084945888
870 840 1084945932
870 840 1084945939
281 332 1084945955
199 840 1084945959
1136 1132 1084945968
378 586 1084945986
1136 739 1084945996
142 840 1084945996
1136 306 1084946006
396 586 1084946012
308 281 1084946017
378 396 1084946034
454 1043 1084946034
378 396 1084946053
281 308 1084946059
586 378 1084946068
332 281 1084946070
396 378 1084946075
586 396 1084946087
378 193 1084946107
308 281 1084946137
254 840 1084946141
211 525 1084946152
586 396 1084946160
378 396 1084946164
211 103 1084946180
1039 254 1084946191
475 870 1084946221
254 378 1084946227
396 586 1084946236
396 586 1084946245
840 142 1084946252
9 1132 1084946280
396 378 1084946290
254 1039 1084946310
586 396 1084946321
281 332 1084946336
142 840 1084946336
598 249 1084946350
870 475 1084946361
378 396 1084946364
378 586 1084946400
598 1070 1084946417
378 396 1084946423
378 254 1084946443
586 378 1084946451
687 409 1084946500
498 753 1084946539
679 720 1084946540
378 586 1084946569
687 639 1084946605
679 30 1084946616
766 181 1084946618
19 211 1084946619
103 211 1084946626
986 254 1084946658
766 372 1084946660
9 598 1084946667
199 595 1084946669
6 201 1084946679
843 62 1084946739
323 142 1084946759
753 1044 1084946771
753 1044 1084946781
704 6 1084946790
254 378 1084946799
6 794 1084946806
986 254 1084946815
1039 254 1084946818
323 341 1084946828
586 378 1084946855
1043 454 1084946856
596 1179 1084946891
454 1043 1084946967
6 1180 1084947005
1180 6 1084947027
523 308 1084947092
884 536 1084947095
605 277 1084947150
1043 454 1084947167
378 254 1084947192
6 1180 1084947212
142 1121 1084947269
378 586 1084947275
1033 437 1084947286
986 254 1084947316
1180 6 1084947326
332 281 1084947342
454 1043 1084947369
277 605 1084947408
536 884 1084947428
6 90 1084947439
254 1039 1084947443
254 378 1084947468
704 6 1084947473
986 254 1084947533
378 254 1084947544
1180 1031 1084947561
189 712 1084947632
555 802 1084947633
605 277 1084947640
586 378 1084947648
704 1181 1084947667
90 6 1084947668
277 605 1084947715
546 454 1084947733
1043 454 1084947759
1069 878 1084947801
704 1181 1084947817
454 546 1084947825
1039 254 1084947825
454 1043 1084947832
605 277 1084947854
712 189 1084947863
704 6 1084947906
277 605 1084947933
422 308 1084947947
323 642 1084947948
704 1181 1084947951
254 1039 1084947965
679 50 1084947971
1043 454 1084948011
254 378 1084948035
605 277 1084948040
986 254 1084948045
884 536 1084948050
249 1181 1084948056
704 1181 1084948063
277 605 1084948067
536 884 1084948087
1039 254 1084948095
307 341 1084948179
704 1181 1084948186
753 498 1084948188
254 1039 1084948190
454 1043 1084948215
341 307 1084948286
307 341 1084948307
341 323 1084948309
884 536 1084948311
341 307 1084948329
254 277 1084948342
1103 1004 1084948349
307 341 1084948379
341 307 1084948394
1043 454 1084948419
679 30 1084948420
50 679 1084948444
277 254 1084948449
307 341 1084948464
254 277 1084948532
494 454 1084948539
189 712 1084948546
341 307 1084948557
323 341 1084948558
762 1137 1084948582
986 254 1084948606
189 712 1084948622
277 254 1084948641
307 341 1084948651
454 1043 1084948652
679 50 1084948685
341 323 1084948692
712 189 1084948716
341 307 1084948735
712 189 1084948761
189 712 1084948771
1136 341 1084948802
986 254 1084948804
189 712 1084948821
1043 454 1084948823
448 314 1084948831
249 1181 1084948832
307 341 1084948845
189 712 1084948856
323 339 1084948889
1136 341 1084948901
341 307 1084948903
323 341 1084948909
254 277 1084948913
1136 341 1084948941
12 598 1084948947
307 341 1084948952
712 189 1084948968
254 986 1084948970
753 712 1084948997
454 1043 1084949007
712 189 1084949008
986 19 1084949011
19 1069 1084949025
161 679 1084949028
712 753 1084949038
341 323 1084949039
254 1039 1084949039
986 254 1084949051
12 598 1084949067
679 161 1084949069
189 712 1084949079
277 254 1084949089
341 307 1084949107
189 712 1084949110
1043 454 1084949114
1178 679 1084949138
1136 341 1084949139
323 341 1084949154
323 341 1084949170
1178 586 1084949182
189 712 1084949186
161 30 1084949188
1178 679 1084949211
483 34 1084949221
30 679 1084949230
161 679 1084949235
307 341 1084949246
341 323 1084949253
341 307 1084949273
323 341 1084949274
30 161 1084949277
254 277 1084949284
1136 1019 1084949325
1019 1136 1084949330
1136 1019 1084949353
307 341 1084949365
341 323 1084949380
323 341 1084949408
277 254 1084949412
341 307 1084949412
161 30 1084949426
341 323 1084949447
254 277 1084949474
149 823 1084949510
307 341 1084949531
679 30 1084949564
679 161 1084949579
323 341 1084949593
277 254 1084949600
161 679 1084949627
341 307 1084949627
307 341 1084949673
254 277 1084949679
181 495 1084949691
605 181 1084949715
254 277 1084949716
341 307 1084949729
181 766 1084949742
679 161 1084949748
277 254 1084949764
307 341 1084949765
277 254 1084949792
249 1181 1084949799
632 323 1084949809
193 149 1084949813
161 679 1084949840
834 8 1084949861
254 277 1084949862
254 277 1084949882
1039 254 1084949908
1124 638 1084949913
277 254 1084949922
605 181 1084949942
1043 454 1084949958
590 654 1084949970
704 277 1084949979
254 1039 1084950001
454 1043 1084950009
679 161 1084950062
8 834 1084950106
53 834 1084950112
161 679 1084950126
834 8 1084950152
679 161 1084950152
8 834 1084950181
834 8 1084950223
53 834 1084950235
1043 454 1084950239
357 840 1084950239
1043 454 1084950270
704 277 1084950289
53 834 1084950298
560 598 1084950346
53 181 1084950370
161 679 1084950373
53 834 1084950400
555 440 1084950401
679 161 1084950430
605 272 1084950430
8 834 1084950437
60 1004 1084950455
53 834 1084950472
454 1043 1084950474
357 1182 1084950491
834 8 1084950510
212 372 1084950560
161 679 1084950581
605 272 1084950602
679 161 1084950631
357 992 1084950631
161 679 1084950670
600 560 1084950692
605 272 1084950717
357 343 1084950727
1180 475 1084950753
679 161 1084950766
189 712 1084950770
357 1118 1084950803
605 272 1084950820
586 481 1084950828
1043 454 1084950835
454 1043 1084950907
652 199 1084950925
161 679 1084950936
143 201 1084950946
1180 1183 1084951079
277 80 1084951122
41 1182 1084951138
590 440 1084951138
357 1041 1084951174
357 1041 1084951174
609 784 1084951205
609 784 1084951214
609 784 1084951219
439 514 1084951226
779 323 1084951392
440 590 1084951414
799 400 1084951424
834 8 1084951433
1173 1172 1084951519
1041 41 1084951548
1173 1018 1084951553
1180 852 1084951554
609 1182 1084951559
357 1041 1084951570
8 834 1084951573
1182 609 1084951578
852 1180 1084951581
1180 852 1084951605
161 679 1084951630
852 1180 1084951659
1180 852 1084951713
357 1181 1084951726
834 8 1084951804
36 770 1084951815
834 8 1084951833
852 1180 1084951847
590 440 1084951860
357 1181 1084951871
609 39 1084951883
50 679 1084951907
357 1111 1084951916
1180 852 1084951919
1043 454 1084951935
815 364 1084951957
357 306 1084951964
600 1180 1084951981
357 1181 1084951986
36 770 1084952046
834 8 1084952120
357 1181 1084952174
191 396 1084952183
815 277 1084952223
815 495 1084952248
639 687 1084952275
357 1184 1084952284
1185 590 1084952321
600 667 1084952325
1185 388 1084952336
1042 712 1084952353
143 357 1084952416
103 841 1084952468
143 357 1084952469
103 1181 1084952490
80 277 1084952604
3 72 1084952617
1182 309 1084952684
309 1186 1084952694
498 639 1084952720
3 72 1084952728
277 80 1084952731
1185 590 1084952780
3 72 1084952793
309 1182 1084952799
80 277 1084952809
277 80 1084952828
1182 309 1084952828
639 498 1084952844
309 1182 1084952862
437 1033 1084952864
80 277 1084952866
600 667 1084952887
277 80 1084952890
600 560 1084952917
80 277 1084952966
3 477 1084953023
615 422 1084953068
277 80 1084953069
1182 309 1084953083
793 1187 1084953088
615 277 1084953093
80 277 1084953122
309 1182 1084953141
498 639 1084953142
309 307 1084953180
600 560 1084953207
1042 781 1084953222
1181 103 1084953250
482 372 1084953291
277 80 1084953312
277 615 1084953324
72 679 1084953333
80 277 1084953422
103 1181 1084953465
277 80 1084953479
1043 454 1084953519
80 277 1084953601
615 277 1084953677
621 772 1084953706
277 80 1084953746
80 277 1084953902
781 1042 1084953932
277 80 1084953984
1004 1103 1084954032
80 277 1084954070
105 498 1084954087
73 617 1084954096
768 772 1084954105
189 712 1084954246
41 1041 1084954285
277 80 1084954328
80 277 1084954370
277 80 1084954383
422 615 1084954539
1033 1188 1084954673
277 594 1084954681
1173 626 1084954700
105 712 1084954709
277 41 1084954763
105 1189 1084954802
768 1189 1084954810
1185 721 1084954811
41 277 1084954854
337 272 1084954885
337 272 1084954910
306 212 1084954945
1189 768 1084954962
277 41 1084954972
810 1184 1084954976
843 1167 1084955037
372 569 1084955046
768 1189 1084955059
317 477 1084955072
1189 768 1084955100
1189 714 1084955114
372 766 1084955136
372 482 1084955154
1189 878 1084955172
714 1189 1084955196
768 1189 1084955201
1189 372 1084955239
546 454 1084955251
1189 768 1084955269
1189 714 1084955286
810 99 1084955306
306 305 1084955380
681 440 1084955445
306 616 1084955453
242 1178 1084955463
1185 1077 1084955469
768 1189 1084955535
1189 768 1084955592
372 765 1084955604
1052 1184 1084955693
372 1189 1084955732
1189 372 1084955794
605 479 1084955806
605 479 1084955856
768 1189 1084955927
308 422 1084956066
1189 768 1084956100
714 460 1084956108
605 479 1084956140
605 479 1084956191
605 1185 1084956235
308 317 1084956451
317 308 1084956490
1189 277 1084956510
103 475 1084956541
475 103 1084956562
308 317 1084956587
103 475 1084956600
475 103 1084956636
103 475 1084956691
53 181 1084956766
768 1189 1084956776
1189 768 1084956784
118 616 1084956879
1189 768 1084956896
118 296 1084956944
118 1070 1084956954
252 815 1084956967
950 1132 1084956996
103 475 1084957048
475 103 1084957111
372 1050 1084957141
103 475 1084957145
475 103 1084957303
103 475 1084957435
475 103 1084957493
103 475 1084957638
475 103 1084957714
878 798 1084957725
103 475 1084957772
103 475 1084958053
475 103 1084958139
1189 482 1084958150
3 194 1084958160
1189 768 1084958172
482 1189 1084958218
884 1097 1084958250
1189 482 1084958313
1110 343 1084958334
103 475 1084958405
1033 1158 1084958508
1189 815 1084958541
1158 542 1084958555
242 454 1084958557
1158 1033 1084958615
1158 437 1084958675
105 308 1084958768
1190 1034 1084958773
482 1189 1084958843
212 306 1084958973
437 1158 1084958982
118 1070 1084959044
1158 638 1084959192
1189 482 1084959265
1189 482 1084959301
1158 297 1084959521
176 928 1084959862
377 856 1084959939
928 176 1084959942
377 415 1084959997
377 755 1084960138
542 1158 1084960195
1117 376 1084960308
176 928 1084960370
555 1173 1084960378
378 254 1084960394
928 176 1084960524
555 843 1084960538
350 1168 1084960585
176 1161 1084960608
176 928 1084960621
350 753 1084960664
642 547 1084960698
928 176 1084960714
547 642 1084960820
350 343 1084960957
422 308 1084960980
482 878 1084961032
176 928 1084961084
642 325 1084961091
377 48 1084961161
479 325 1084961189
535 594 1084961203
928 176 1084961288
555 843 1084961296
176 928 1084961320
1189 482 1084961339
928 176 1084961395
325 479 1084961601
479 325 1084961646
1189 598 1084961719
325 479 1084961805
1189 97 1084961878
479 325 1084961954
325 479 1084962025
479 325 1084962389
479 1033 1084962582
41 379 1084962677
687 1056 1084963096
542 379 1084963352
405 388 1084964675
928 176 1084964892
1033 479 1084965109
1033 1158 1084965145
368 545 1084965355
479 1033 1084965357
1029 939 1084965629
1029 586 1084965693
176 928 1084965773
928 176 1084965901
1033 437 1084965941
176 928 1084965972
1033 1072 1084971715
1033 479 1084971909
214 1181 1084972582
460 714 1084975761
398 546 1084975763
638 1158 1084975947
398 546 1084975959
638 1124 1084975979
638 68 1084976073
546 398 1084976777
342 1039 1084977928
