1167 1848 1095693112
1167 97 1095693652
1167 1853 1095693963
1543 1848 1095696604
1543 1540 1095696822
27 652 1095701541
175 810 1095706828
1756 503 1095710089
509 1839 1095718361
509 1026 1095718425
1758 1845 1095726261
1543 710 1095727483
520 1624 1095731786
810 175 1095732669
1852 1344 1095733202
1601 1246 1095733242
44 1852 1095739952
1026 509 1095740361
492 710 1095748504
1854 224 1095749755
1624 520 1095750294
1624 1362 1095750336
1220 27 1095751340
1624 1601 1095752067
1391 1741 1095752739
1601 784 1095752747
755 1624 1095753895
1624 755 1095753957
755 1624 1095754153
1 3 1095755826
1 3 1095755904
710 492 1095758438
710 1281 1095758802
