686 492 1097964589
1002 1052 1097965367
1888 1488 1097967095
1713 144 1097970754
3 176 1097971960
3 242 1097971960
3 249 1097971960
3 338 1097971960
3 83 1097971960
3 333 1097971960
3 9 1097971960
3 249 1097971960
3 285 1097971961
3 281 1097971961
3 26 1097971961
3 281 1097971961
3 741 1097971961
3 372 1097971961
3 545 1097971961
3 800 1097971961
3 615 1097971961
3 800 1097971961
3 800 1097971961
3 372 1097971961
3 1196 1097971961
3 740 1097971961
3 582 1097971961
3 249 1097971961
3 1180 1097971961
3 1189 1097971961
3 346 1097971961
3 2 1097971961
3 2 1097971961
3 1042 1097971961
3 1187 1097971961
3 249 1097971961
3 640 1097971961
3 752 1097971961
3 824 1097971961
3 41 1097971961
3 1262 1097971961
3 1419 1097971961
3 41 1097971961
3 1463 1097971961
3 482 1097971961
3 768 1097971961
3 610 1097971961
3 893 1097971961
3 283 1097971961
3 701 1097971961
1488 1888 1097996779
1013 1889 1098002144
1013 1894 1098002282
582 1882 1098011957
