1644 431 1089989997
874 620 1089999575
874 620 1090000015
561 431 1090001310
620 874 1090002480
561 95 1090003980
1395 1113 1090004082
36 211 1090004221
211 36 1090004613
431 1644 1090004768
431 561 1090004860
1423 1669 1090006328
874 620 1090006786
620 874 1090006993
1669 1423 1090009110
812 378 1090009415
874 620 1090009505
27 1285 1090010929
27 1009 1090011045
95 561 1090014407
319 95 1090015079
95 175 1090015349
95 319 1090015504
1127 1203 1090015558
1543 1724 1090016803
697 214 1090018877
1136 233 1090024392
440 1384 1090031396
997 415 1090032808
1423 1669 1090032835
495 1406 1090034162
214 697 1090041807
1669 1423 1090042568
233 1136 1090042889
233 193 1090043061
415 997 1090043636
193 233 1090043964
191 429 1090045141
233 193 1090047962
724 1647 1090050760
