209 242 1084546988
713 325 1084547070
713 842 1084547348
999 297 1084547414
713 716 1084547533
713 1032 1084547962
713 1028 1084548006
713 1043 1084548094
713 884 1084548545
934 128 1084549247
934 460 1084549285
523 724 1084549392
283 72 1084550048
1061 1062 1084550306
915 815 1084550319
915 297 1084550367
509 454 1084550671
509 364 1084550699
509 389 1084550731
509 389 1084550757
233 193 1084551012
509 583 1084551253
583 509 1084551386
509 583 1084551733
915 901 1084552051
915 536 1084552132
72 283 1084552255
542 783 1084553259
591 711 1084553614
323 632 1084553743
679 60 1084553920
639 1054 1084554180
944 569 1084554265
658 884 1084554338
372 536 1084554418
67 1042 1084554638
1042 1039 1084554639
342 502 1084554673
27 481 1084554696
944 569 1084554848
713 542 1084554985
342 502 1084555234
713 762 1084555246
342 502 1084555259
791 523 1084555361
944 569 1084555680
765 425 1084555690
915 701 1084555737
1026 487 1084555813
915 639 1084555827
1026 176 1084555843
536 372 1084556257
114 124 1084556403
586 616 1084556621
1063 835 1084556705
586 194 1084556716
765 425 1084556767
342 502 1084556812
342 502 1084556919
777 502 1084557026
9 1062 1084557047
9 1039 1084557153
713 738 1084557153
176 1026 1084557161
713 998 1084557258
713 400 1084557372
713 629 1084557458
176 263 1084557486
713 242 1084557840
783 542 1084557971
713 209 1084557979
713 363 1084558007
713 105 1084558055
590 439 1084558115
212 439 1084558273
713 479 1084558392
297 242 1084558729
297 999 1084558785
338 595 1084558878
713 1043 1084559144
617 728 1084559229
713 940 1084559242
713 124 1084559292
713 95 1084559345
377 992 1084559586
884 658 1084559628
835 1063 1084559814
1064 783 1084560000
777 882 1084560220
777 988 1084560285
603 814 1084560324
1023 460 1084560345
840 74 1084560348
34 282 1084560359
1064 783 1084560476
34 313 1084560493
34 313 1084560549
1064 783 1084560656
498 194 1084560898
588 342 1084561010
74 840 1084561055
498 194 1084561104
68 783 1084561689
454 242 1084561704
68 391 1084561744
454 509 1084561752
783 68 1084561823
68 783 1084561955
654 50 1084562079
1033 149 1084562213
783 68 1084562323
68 783 1084562353
212 303 1084562388
783 68 1084562435
68 783 1084562489
3 42 1084562818
1064 475 1084563185
362 765 1084563350
681 388 1084563507
609 840 1084563698
252 765 1084563790
681 388 1084563922
391 325 1084563994
853 400 1084564031
194 817 1084564088
840 609 1084564296
704 1053 1084564317
586 1065 1084564318
990 698 1084564339
990 698 1084564345
609 840 1084564437
391 68 1084564607
609 836 1084565252
609 836 1084565260
102 943 1084565404
68 391 1084565484
121 194 1084565595
609 151 1084565658
194 121 1084565807
263 176 1084565812
551 388 1084565866
609 783 1084566017
252 783 1084566038
783 252 1084566112
783 609 1084566143
783 252 1084566216
997 142 1084566231
609 783 1084566261
609 297 1084566730
297 609 1084566762
121 194 1084566843
297 609 1084567068
561 281 1084567140
840 609 1084567171
701 915 1084567259
339 1066 1084567303
609 840 1084567309
687 1056 1084567609
297 609 1084567812
415 997 1084567938
323 632 1084568250
283 72 1084568261
439 388 1084568394
303 212 1084568513
701 840 1084568645
616 517 1084568809
323 632 1084568903
50 654 1084568955
592 400 1084568958
323 632 1084568959
681 388 1084568994
1056 687 1084569014
681 590 1084569020
1056 609 1084569107
687 1056 1084569108
316 955 1084569129
1056 687 1084569186
323 687 1084569264
160 783 1084569266
713 609 1084569329
840 701 1084569401
817 194 1084569425
211 212 1084569458
323 632 1084569687
765 252 1084569733
617 701 1084569892
595 590 1084569962
687 1056 1084570024
1056 687 1084570196
53 250 1084570297
53 1018 1084570315
590 595 1084570366
296 42 1084570478
388 439 1084570741
704 617 1084570910
193 233 1084571029
1026 176 1084571236
679 60 1084571310
102 50 1084571424
1026 609 1084571442
679 60 1084571478
60 679 1084571548
704 1067 1084571553
679 60 1084571592
50 102 1084571691
523 791 1084571723
60 679 1084571746
1026 950 1084571923
950 1026 1084572055
1026 950 1084572180
950 1026 1084572312
242 209 1084572589
713 950 1084572637
679 60 1084572684
517 616 1084572822
242 454 1084572844
1026 950 1084572844
204 456 1084572974
517 709 1084572975
950 1026 1084572983
517 1065 1084573037
204 725 1084573057
102 50 1084573079
1026 950 1084573088
204 498 1084573088
204 250 1084573135
204 667 1084573166
463 339 1084573276
463 1004 1084573351
463 687 1084573377
463 400 1084573402
1026 1050 1084573438
841 915 1084573498
44 189 1084573555
830 765 1084573662
542 783 1084573776
586 394 1084573821
323 98 1084573857
32 1068 1084574083
389 498 1084574096
389 830 1084574165
389 667 1084574177
32 1042 1084574186
355 316 1084574187
389 242 1084574204
687 463 1084574332
1068 32 1084574559
242 389 1084574606
194 72 1084574842
482 194 1084574848
60 679 1084574983
194 289 1084574988
679 60 1084575123
60 679 1084575178
32 1068 1084575249
72 283 1084575372
50 102 1084575377
72 194 1084575398
297 242 1084575420
145 1033 1084575441
1068 32 1084575444
44 129 1084575536
151 609 1084575551
151 602 1084575580
1069 586 1084575600
830 389 1084575612
679 60 1084575792
60 679 1084575895
697 1070 1084576097
679 60 1084576101
9 938 1084576319
9 391 1084576331
357 818 1084576534
713 950 1084576785
357 938 1084576835
626 590 1084576883
509 454 1084576907
357 964 1084576909
357 626 1084577040
542 543 1084577094
475 468 1084577154
697 73 1084577155
357 1068 1084577162
357 626 1084577243
357 1068 1084577372
542 543 1084577409
738 626 1084577448
282 1071 1084577452
590 408 1084577457
357 818 1084577566
542 598 1084577587
1004 463 1084577589
357 1068 1084577592
626 738 1084577612
357 626 1084577644
590 371 1084577669
543 542 1084577727
598 542 1084577751
357 654 1084577789
598 542 1084577800
357 626 1084577890
357 1039 1084578057
475 468 1084578079
214 1068 1084578322
1037 595 1084578327
214 1072 1084578385
1037 311 1084578413
543 356 1084578716
543 542 1084578923
986 991 1084578963
986 991 1084578973
986 752 1084579029
542 543 1084579078
986 991 1084579081
986 48 1084579094
915 701 1084579228
915 841 1084579253
67 938 1084579280
252 765 1084579317
422 394 1084580053
308 422 1084580593
308 1068 1084580686
934 460 1084580749
934 128 1084580846
308 1056 1084580899
101 847 1084581132
323 1073 1084581194
101 1002 1084581259
697 50 1084581310
323 1073 1084581317
697 50 1084581422
323 1073 1084581484
1068 308 1084581645
1033 437 1084581668
823 498 1084581732
823 567 1084581762
1050 495 1084581802
823 242 1084581837
823 1033 1084581849
101 282 1084581963
454 242 1084582013
454 509 1084582034
701 915 1084582367
823 1033 1084582413
997 142 1084582486
282 1071 1084582556
242 454 1084582632
561 281 1084582827
282 101 1084582891
997 415 1084583039
176 1026 1084583194
101 176 1084583288
823 915 1084583320
282 101 1084583353
859 325 1084583395
176 101 1084583450
342 588 1084583455
859 400 1084583482
859 388 1084583575
454 242 1084583749
697 1070 1084583836
823 239 1084583908
131 1039 1084583960
131 990 1084583999
823 41 1084584188
834 1074 1084584238
41 495 1084584665
823 41 1084584702
724 523 1084584775
342 502 1084585014
830 1072 1084585033
581 779 1084585080
1072 830 1084585242
915 701 1084585341
847 101 1084585587
823 915 1084585594
701 915 1084585609
342 1068 1084585666
1070 697 1084585881
325 1072 1084585901
239 823 1084585942
713 542 1084585971
927 536 1084586077
713 927 1084586077
600 42 1084586235
732 701 1084586240
701 732 1084586279
600 289 1084586344
915 701 1084586370
1072 325 1084586468
823 915 1084586527
325 1072 1084586818
297 482 1084586865
713 1032 1084586929
701 915 1084587002
1 123 1084587048
600 823 1084587218
713 325 1084587231
431 475 1084587247
1036 58 1084587257
713 884 1084587351
600 823 1084587360
713 1043 1084587418
915 701 1084587571
708 1058 1084587573
708 1075 1084587678
675 462 1084587799
1039 131 1084587821
1039 72 1084587952
823 915 1084588020
834 168 1084588319
834 1068 1084588358
834 144 1084588397
34 1072 1084588669
713 325 1084588861
53 834 1084589379
252 687 1084589403
371 590 1084589415
53 26 1084589527
244 415 1084589549
783 160 1084589554
325 1033 1084589692
203 866 1084589745
1036 701 1084589767
934 460 1084589957
26 679 1084590173
356 543 1084590203
768 501 1084590490
713 1043 1084590864
713 325 1084590921
145 1033 1084591116
53 26 1084591333
53 834 1084591344
1033 325 1084591455
713 325 1084591639
1033 823 1084591919
325 1033 1084591935
697 1070 1084592012
555 391 1084592015
1033 325 1084592079
325 1033 1084592269
555 1019 1084592292
53 834 1084592341
697 1076 1084592470
555 1060 1084592490
783 542 1084592500
1076 783 1084592734
697 1076 1084592740
53 1018 1084592987
53 834 1084593030
439 1019 1084593207
539 212 1084593325
103 154 1084593366
176 840 1084593397
176 502 1084593473
176 697 1084593482
72 1039 1084593489
469 463 1084593530
176 94 1084593531
176 439 1084593543
176 154 1084593563
687 302 1084593590
1068 834 1084593638
1068 342 1084593673
551 388 1084593701
551 371 1084593721
590 371 1084593722
536 927 1084593776
502 176 1084593800
325 840 1084593969
53 176 1084593974
176 502 1084593981
53 26 1084593987
1077 926 1084594050
9 391 1084594242
176 638 1084594607
638 176 1084594644
176 638 1084594657
176 502 1084594703
638 176 1084594730
697 1076 1084594752
176 638 1084594782
697 927 1084594829
638 176 1084594853
1019 439 1084594871
9 1062 1084594884
176 638 1084594892
638 176 1084594960
176 638 1084594980
306 1019 1084595005
638 176 1084595045
377 3 1084595068
176 638 1084595104
1019 306 1084595157
638 176 1084595168
176 1056 1084595205
176 638 1084595220
638 176 1084595259
1076 697 1084595286
176 638 1084595287
638 176 1084595398
1076 1053 1084595494
662 625 1084595922
662 625 1084595942
53 176 1084596109
191 1060 1084596168
555 676 1084596307
555 626 1084596321
555 654 1084596352
555 626 1084596446
767 502 1084596474
462 675 1084596513
997 415 1084596612
997 415 1084596629
697 1042 1084596681
1042 32 1084596688
555 371 1084596708
971 199 1084596910
439 176 1084596984
439 1019 1084597004
638 439 1084597060
371 590 1084597105
439 638 1084597360
638 439 1084597391
713 535 1084597459
1042 638 1084597502
1042 638 1084597605
199 971 1084597649
242 454 1084597689
1042 638 1084597695
638 758 1084597778
758 638 1084597808
1034 638 1084597822
199 978 1084597831
638 758 1084597838
638 346 1084597942
1072 34 1084598050
1072 325 1084598085
1060 191 1084598116
555 1060 1084598136
199 971 1084598244
551 371 1084598401
199 445 1084598646
674 1068 1084598665
704 768 1084598739
377 1060 1084598788
1078 1079 1084599117
1080 638 1084599402
103 1078 1084599468
638 1080 1084599479
462 103 1084599545
638 779 1084599663
306 783 1084599695
306 783 1084599706
1078 103 1084599794
132 333 1084599797
454 242 1084599809
83 1060 1084599816
638 527 1084599823
1080 1072 1084599964
834 1068 1084599965
199 1050 1084600020
176 817 1084600116
103 1078 1084600166
103 462 1084600205
306 438 1084600272
313 34 1084600464
462 103 1084600543
313 34 1084600552
638 830 1084600584
638 103 1084600603
1078 103 1084600666
834 313 1084600774
313 834 1084600831
638 1081 1084600839
834 313 1084600871
103 1078 1084600880
834 1068 1084600896
103 638 1084601020
1080 638 1084601073
1078 103 1084601092
103 462 1084601160
103 1078 1084601211
830 638 1084601292
462 103 1084601438
926 557 1084601472
926 1077 1084601500
971 199 1084601501
834 72 1084601527
483 176 1084601545
313 1 1084601640
72 834 1084601658
199 971 1084601806
1050 199 1084601845
557 926 1084601975
199 1050 1084601994
1078 103 1084602000
103 462 1084602031
834 72 1084602092
72 834 1084602483
834 1068 1084602500
834 72 1084602527
1039 72 1084602555
72 834 1084602585
72 1039 1084602641
834 72 1084602654
681 626 1084602684
959 958 1084602782
973 103 1084602787
462 103 1084602791
1039 72 1084602803
704 1072 1084602848
973 400 1084602884
72 1039 1084602988
72 834 1084602996
834 72 1084603129
72 834 1084603201
1072 1080 1084603261
1039 72 1084603306
834 72 1084603381
90 1072 1084603410
949 1068 1084603437
801 768 1084603545
801 313 1084603560
72 834 1084603666
72 1039 1084603722
834 72 1084603768
339 1068 1084603780
638 830 1084603927
638 1080 1084603962
638 103 1084603974
72 834 1084604207
834 72 1084604274
72 834 1084604293
871 1050 1084604311
834 72 1084604323
1033 765 1084604423
72 834 1084604501
345 346 1084604573
834 72 1084604584
345 1058 1084604595
242 454 1084604903
638 388 1084605203
1049 325 1084605332
72 834 1084605359
834 72 1084605490
1042 758 1084605531
638 881 1084605533
638 373 1084605571
681 626 1084605626
1049 638 1084605764
638 1049 1084605787
638 1049 1084605853
681 638 1084605892
638 1049 1084605934
765 1033 1084605942
1068 834 1084605992
1068 834 1084605999
681 638 1084606026
1068 834 1084606029
1049 638 1084606038
638 1049 1084606067
881 638 1084606093
75 1041 1084606104
1068 72 1084606117
638 881 1084606121
415 840 1084606129
1042 638 1084606192
143 442 1084606197
143 1037 1084606211
638 254 1084606221
638 758 1084606253
638 254 1084606293
339 463 1084606323
1042 638 1084606459
539 1072 1084606520
72 1068 1084606614
415 195 1084606705
103 938 1084606889
422 308 1084606955
1068 72 1084606961
377 755 1084607172
103 1072 1084607419
1033 765 1084607482
377 627 1084607502
830 339 1084607573
260 1028 1084607746
260 949 1084607814
214 1072 1084607861
1082 1076 1084607907
377 313 1084607950
1039 72 1084608032
765 1033 1084608136
679 26 1084608155
377 281 1084608170
103 1060 1084608204
377 50 1084608248
72 1039 1084608270
1082 1076 1084608300
389 242 1084608367
460 934 1084608432
389 830 1084608439
1033 765 1084608498
242 823 1084608522
543 356 1084608576
242 389 1084608577
377 313 1084608586
254 1039 1084608609
555 352 1084608613
801 313 1084608874
1033 847 1084608932
144 834 1084608970
765 1033 1084609231
681 388 1084609342
318 72 1084609372
834 1068 1084609519
34 313 1084609527
834 144 1084609542
539 1072 1084609572
101 41 1084609637
34 1072 1084609749
555 641 1084609753
193 626 1084610041
1039 72 1084610117
1036 475 1084610200
193 847 1084610239
356 543 1084610355
475 1036 1084610786
388 638 1084610797
834 1068 1084610836
1080 1072 1084611051
374 248 1084611069
626 193 1084611143
990 513 1084611326
928 999 1084611327
928 714 1084611413
928 103 1084611439
588 1019 1084611622
928 103 1084611653
189 144 1084611699
313 34 1084611747
454 242 1084611781
437 1033 1084611866
801 313 1084611940
928 103 1084611997
928 103 1084612257
1068 834 1084612315
810 708 1084612375
543 356 1084612457
297 242 1084612642
297 999 1084612799
34 313 1084613257
801 313 1084613365
34 155 1084613853
1036 475 1084614104
928 915 1084614238
794 277 1084614581
242 454 1084614697
313 34 1084614722
928 794 1084614914
928 794 1084614920
793 393 1084615126
831 1050 1084615391
34 313 1084615511
422 1060 1084615571
72 1039 1084615701
1033 437 1084616644
1033 765 1084616774
194 1083 1084617427
1032 1056 1084617429
67 595 1084617536
194 131 1084617722
619 654 1084617725
194 289 1084617894
194 296 1084618005
437 1033 1084618053
194 296 1084618071
194 449 1084618203
194 842 1084618213
194 241 1084618223
194 1084 1084618230
194 242 1084618239
194 80 1084618244
194 222 1084618254
194 913 1084618262
194 619 1084618360
194 1051 1084618366
194 599 1084618373
194 206 1084618378
194 322 1084618384
194 516 1084618390
194 498 1084618426
194 456 1084618457
194 209 1084618496
194 97 1084618606
194 254 1084618795
194 132 1084619005
194 1063 1084619141
194 376 1084619259
194 404 1084619383
1049 325 1084619385
194 1004 1084619526
194 817 1084619560
194 586 1084619583
194 277 1084619703
194 1039 1084620095
194 527 1084620475
194 573 1084620548
194 815 1084620653
194 598 1084621820
194 125 1084621938
194 644 1084622213
194 1056 1084622274
194 1085 1084622289
194 1086 1084622555
194 798 1084622627
194 753 1084622936
194 237 1084622981
194 575 1084623081
194 465 1084623176
194 60 1084623214
194 453 1084623262
194 342 1084623322
194 295 1084623336
194 949 1084623352
194 679 1084623378
194 711 1084623453
194 596 1084623479
194 915 1084623607
194 673 1084623837
194 774 1084623976
194 98 1084624288
189 708 1084628108
189 1068 1084628242
626 590 1084629604
