871 1412 1085756976
777 514 1085758700
1349 366 1085759039
27 1425 1085759315
831 325 1085759337
1349 366 1085759786
1127 318 1085760098
1127 1383 1085760498
1127 1137 1085760794
598 88 1085760920
1189 1187 1085761215
454 1127 1085761401
415 263 1085761469
1189 482 1085761470
1189 482 1085761531
1189 482 1085761586
1246 456 1085762357
1409 1105 1085762834
431 544 1085763631
1313 507 1085763695
431 544 1085763794
1313 507 1085763885
431 544 1085763912
765 1328 1085763983
431 544 1085764060
398 465 1085764192
431 544 1085764210
638 1480 1085764222
317 482 1085764318
204 1269 1085764433
431 544 1085764453
431 544 1085764645
431 544 1085764883
431 544 1085765031
342 638 1085765037
389 1472 1085765091
431 544 1085765178
389 1438 1085765208
389 830 1085765241
431 544 1085765313
431 544 1085765487
342 1039 1085765549
261 835 1085765667
1269 1091 1085766116
317 315 1085766125
1269 1301 1085766146
1269 316 1085766171
1269 1039 1085766196
1269 437 1085766206
714 1400 1085766229
297 482 1085766245
1393 283 1085766273
297 497 1085766336
415 1433 1085766864
1393 1365 1085766906
1393 1427 1085766990
654 224 1085767043
475 1480 1085767067
204 1415 1085767290
654 224 1085767417
1246 224 1085767630
249 402 1085767946
105 52 1085769009
105 621 1085769028
1236 706 1085769295
1021 1199 1085769374
1244 415 1085769374
1244 131 1085769393
1021 1422 1085769416
249 1021 1085769473
352 309 1085769518
249 1217 1085769550
1375 1269 1085769647
1375 1474 1085769818
1021 1449 1085769881
627 993 1085770011
627 1019 1085770114
204 1269 1085770210
1089 765 1085770225
1365 1412 1085770293
1365 1393 1085770580
840 1241 1085770588
309 352 1085770610
1326 1142 1085770847
1393 1365 1085771099
1365 1393 1085771401
1189 1481 1085771428
447 224 1085771499
1037 595 1085771538
632 838 1085771995
1274 792 1085772002
1215 303 1085772184
792 1036 1085772311
1274 792 1085772361
609 463 1085772387
706 740 1085772462
792 1274 1085772528
1189 305 1085772901
609 80 1085772991
1241 840 1085773247
257 142 1085773366
212 289 1085773398
212 263 1085773497
1463 373 1085773725
257 142 1085773830
212 1289 1085773830
257 142 1085773901
1248 1323 1085773977
532 765 1085774067
532 882 1085774131
800 1072 1085774131
933 1214 1085774201
1474 1375 1085774233
463 609 1085774257
598 1474 1085774434
609 463 1085774462
298 323 1085774618
463 609 1085774750
352 309 1085774840
298 323 1085774914
609 463 1085774944
315 263 1085775073
1387 357 1085775137
1142 1287 1085775150
1387 357 1085775284
1328 627 1085775438
1328 840 1085775446
257 142 1085775453
263 315 1085775529
1387 357 1085775970
1344 1312 1085776005
1387 357 1085776244
1383 1127 1085776623
392 1295 1085776857
504 353 1085776869
1142 1227 1085776977
105 621 1085777429
353 504 1085777946
1 312 1085778086
1 312 1085778107
257 298 1085778225
1 312 1085778238
1142 1320 1085778310
298 257 1085778346
1 312 1085778476
1142 312 1085778490
1127 1169 1085778496
547 1127 1085778518
1 312 1085778571
358 847 1085778699
1142 312 1085778776
9 142 1085779205
1214 933 1085779570
547 1127 1085779573
1183 991 1085779705
176 1474 1085779736
1183 824 1085779893
544 511 1085779907
67 1260 1085779909
536 993 1085780019
257 298 1085780144
67 52 1085780185
797 1142 1085780348
1142 1368 1085780490
1142 797 1085780535
1364 1393 1085780540
1158 1072 1085780676
511 544 1085780693
454 1269 1085780758
454 1326 1085780789
1169 1127 1085780896
1183 1482 1085780953
1340 1326 1085780974
439 778 1085781064
504 353 1085781191
991 358 1085781285
358 991 1085781333
991 358 1085781364
346 838 1085781498
1127 1169 1085781717
358 991 1085781763
1421 1449 1085782155
1244 131 1085782176
250 263 1085782220
1421 236 1085782240
105 439 1085782859
32 799 1085783212
809 67 1085783313
12 343 1085783429
32 482 1085783473
9 766 1085783485
12 142 1085783488
481 586 1085783680
586 481 1085783716
993 536 1085783761
250 1453 1085783927
250 1420 1085784502
933 1214 1085784584
1033 463 1085784789
105 52 1085784801
1402 1213 1085785088
1118 632 1085786198
1387 12 1085786291
1461 1253 1085786504
1280 1287 1085786592
1214 933 1085786898
871 260 1085786920
831 325 1085787332
199 1364 1085787729
578 6 1085787763
847 358 1085787897
72 1039 1085787940
252 766 1085788072
542 352 1085788259
864 993 1085788345
864 990 1085788396
1422 1021 1085788572
357 1431 1085788606
933 1214 1085788960
220 482 1085790250
811 58 1085790648
42 1482 1085791025
919 60 1085791176
468 329 1085791994
19 1483 1085792094
1246 224 1085792199
189 712 1085792450
792 1036 1085792623
770 97 1085792625
536 993 1085793068
792 142 1085793193
843 575 1085793473
843 575 1085793481
843 575 1085793494
358 847 1085793532
298 257 1085793559
6 578 1085793582
6 753 1085793820
1272 862 1085793933
993 536 1085794099
1423 325 1085794132
358 1484 1085794345
358 1484 1085794352
325 1423 1085794610
793 863 1085795003
341 1423 1085795334
249 282 1085795394
32 799 1085795466
1018 1335 1085795506
864 993 1085795768
6 1020 1085795901
1246 224 1085796182
758 741 1085796311
249 1485 1085796349
125 131 1085796430
1468 575 1085796461
1468 755 1085796552
536 993 1085796902
204 645 1085797027
1173 1323 1085797431
249 1359 1085797504
1189 543 1085798371
1302 338 1085798480
1403 357 1085798974
644 1420 1085799382
644 1420 1085799385
644 1420 1085799390
765 532 1085799563
1072 1158 1085799656
1236 706 1085799753
1236 1043 1085799798
1486 135 1085799881
1190 50 1085800443
1089 765 1085801370
1283 699 1085802593
245 1283 1085802740
245 1283 1085802847
245 191 1085802921
245 1049 1085803039
245 1283 1085803179
400 822 1085804054
249 1487 1085804296
400 776 1085804318
400 396 1085804456
1488 576 1085804569
254 758 1085805167
704 1487 1085805905
1313 507 1085806037
704 1478 1085806044
1101 638 1085806320
1340 58 1085806378
1284 793 1085806486
704 1489 1085806545
701 782 1085806960
1271 1 1085807255
1344 1283 1085807589
322 1056 1085808015
94 516 1085808046
317 1260 1085809577
1018 755 1085809597
1018 755 1085809677
42 358 1085809786
1018 1485 1085810158
645 144 1085810440
1018 1485 1085810681
97 1480 1085811404
1313 507 1085811728
1018 1440 1085811815
1189 1407 1085811986
1189 835 1085812141
1169 1127 1085812152
85 322 1085812348
994 378 1085812881
994 632 1085813065
792 1413 1085813255
871 738 1085813296
72 1253 1085813378
871 452 1085813719
1406 1184 1085813807
787 1490 1085813922
250 1184 1085813924
1406 1184 1085813947
1189 1282 1085814137
323 421 1085814295
871 364 1085814377
1406 1487 1085814460
1252 787 1085814541
1252 787 1085814567
1397 473 1085815062
787 1252 1085815098
80 609 1085815334
1252 787 1085815420
502 994 1085815594
1236 706 1085815695
502 998 1085815778
1189 523 1085815909
475 250 1085815953
1189 523 1085815975
792 1413 1085816051
1158 1072 1085816320
1321 198 1085816537
421 1395 1085816565
1284 578 1085816753
871 250 1085816889
85 1236 1085817330
1105 1440 1085817336
643 1365 1085817442
643 1371 1085817453
298 323 1085817596
250 1056 1085818213
538 48 1085818273
847 358 1085818530
871 1491 1085818784
298 323 1085818868
128 1381 1085818978
261 835 1085819628
1440 1105 1085820183
72 1253 1085820284
9 994 1085820386
1021 1422 1085820844
1103 1441 1085821071
9 654 1085821124
1339 1491 1085821225
1018 1491 1085821301
1072 1158 1085821352
749 1383 1085821386
1072 1158 1085821399
1018 1491 1085821775
1339 1491 1085821846
1339 1491 1085822096
1492 638 1085822418
128 1381 1085822576
254 758 1085823016
375 912 1085823161
1444 1168 1085823559
341 6 1085824238
1493 1474 1085824253
809 1494 1085824291
1493 1449 1085824371
1493 1474 1085824425
338 1302 1085824566
1235 52 1085826585
101 198 1085829312
101 282 1085829423
809 542 1085829524
809 542 1085829526
809 560 1085829603
993 536 1085829807
1244 1317 1085830084
1207 797 1085831114
1168 520 1085833342
1402 993 1085833479
