456 1542 1094051378
429 1167 1094051722
1543 561 1094053653
1167 429 1094054532
868 12 1094054940
1756 503 1094055017
1556 1545 1094055178
1237 843 1094055234
1542 456 1094059662
415 1676 1094062229
456 1542 1094062746
518 1830 1094065729
1624 1042 1094065743
193 393 1094066650
1246 547 1094067038
547 1246 1094068098
983 431 1094068328
249 1540 1094069068
1542 456 1094069184
494 63 1094072357
431 983 1094073640
456 1542 1094078924
1436 51 1094080846
95 1808 1094082010
582 1436 1094083629
1624 456 1094085882
456 1624 1094086689
1624 456 1094086822
1624 456 1094087660
1624 1398 1094091063
1398 1624 1094091100
1398 1624 1094091132
1624 1398 1094091288
1624 1398 1094091404
1398 1624 1094091530
1624 1398 1094091576
1398 1624 1094091698
1543 405 1094091808
1624 1398 1094092264
1398 1624 1094092377
1624 1398 1094092588
1624 719 1094092906
1127 1749 1094093723
51 1775 1094098226
1624 1398 1094098400
843 1237 1094098781
1542 456 1094099436
456 1542 1094100101
456 1097 1094101248
1246 547 1094101733
1783 405 1094102130
429 1167 1094102211
415 1343 1094102426
1624 456 1094102527
63 494 1094103076
673 1127 1094105808
51 1436 1094106407
1346 1314 1094106625
1592 523 1094108620
494 63 1094108766
673 415 1094110301
415 673 1094110569
673 415 1094110754
415 673 1094110857
673 415 1094111044
1815 1338 1094113681
1641 970 1094114348
201 143 1094115336
95 1624 1094115583
980 1603 1094132107
523 334 1094135367
