1756 483 1091719859
1748 431 1091720153
1517 1562 1091720228
1517 1562 1091720298
1313 1434 1091722475
431 483 1091726442
431 1748 1091726500
431 727 1091726513
1783 1346 1091729547
1373 710 1091731607
132 1487 1091731657
27 652 1091732871
19 1313 1091735484
483 431 1091736889
398 27 1091736970
483 1756 1091737036
308 105 1091738472
308 1762 1091738660
312 1 1091738801
431 483 1091739261
483 431 1091739288
642 36 1091739391
105 308 1091739980
105 398 1091740031
32 938 1091741382
1785 67 1091741882
32 1675 1091741883
319 1127 1091742874
1434 1313 1091743685
652 27 1091744903
1332 1313 1091745049
8 32 1091746229
12 1312 1091746871
1783 1724 1091747330
27 652 1091751042
27 398 1091751237
1772 353 1091751813
1285 32 1091753203
8 32 1091753237
398 27 1091757149
652 27 1091757423
271 27 1091758410
1748 431 1091758871
1785 32 1091759650
1724 1783 1091760062
1042 67 1091760068
32 8 1091761244
32 1285 1091761261
32 8 1091761269
32 1785 1091761399
1756 483 1091763240
483 1756 1091763499
431 1748 1091764924
768 1280 1091766677
710 1373 1091769898
132 1487 1091770572
809 198 1091771440
1585 1783 1091774482
557 302 1091774575
1762 308 1091775764
1647 494 1091777417
639 105 1091777697
384 1748 1091777917
1280 768 1091779096
105 639 1091779992
72 42 1091780833
1750 1338 1091781887
899 101 1091785170
