1255 1756 1092928948
415 1343 1092929680
1756 1485 1092929868
1543 1312 1092933570
1543 1312 1092933736
1543 1624 1092934127
1543 561 1092934953
1312 1543 1092934970
95 1796 1092937610
95 1246 1092937658
1246 95 1092939293
1316 503 1092939616
1804 1543 1092941438
1543 1804 1092941552
1804 1543 1092941672
105 1675 1092941930
1543 1675 1092942162
847 8 1092942770
1543 1312 1092943094
312 1626 1092945680
1624 1332 1092946219
1624 1543 1092946475
1308 105 1092948758
1308 1716 1092948895
1543 1316 1092950369
1312 1543 1092951468
1730 1783 1092958585
1789 95 1092961736
1542 1246 1092962384
1246 1542 1092962874
1543 1312 1092963132
1542 1246 1092963155
1434 847 1092963236
1543 1624 1092963333
1246 1542 1092963939
1624 1543 1092964130
821 483 1092964333
27 1285 1092964682
483 821 1092965309
1796 1750 1092966688
105 1308 1092967524
125 1796 1092968730
1713 1246 1092970113
125 131 1092970728
1783 1730 1092970994
843 847 1092971136
1246 1713 1092971334
561 557 1092971385
561 431 1092971407
561 1543 1092971734
431 561 1092971750
561 431 1092971830
821 483 1092972866
1343 415 1092973457
1312 1543 1092974299
44 1542 1092974360
1796 1343 1092974672
431 561 1092974957
1686 1796 1092975460
1796 1686 1092975595
27 1686 1092975670
1686 27 1092976125
1686 1796 1092976160
1796 1686 1092977262
1713 868 1092978111
1756 144 1092978538
1542 44 1092978696
144 1756 1092978704
1542 1246 1092978944
1756 144 1092979556
415 1343 1092979769
1756 212 1092979943
95 1789 1092980085
634 1796 1092980488
1796 634 1092980854
193 1805 1092982046
193 1565 1092982728
131 125 1092983118
1796 95 1092983691
634 1796 1092983931
1332 1624 1092984251
847 1434 1092984288
1624 1332 1092984296
557 561 1092984350
1786 1280 1092984672
1332 1585 1092984987
27 1686 1092985167
145 810 1092986111
341 1338 1092986582
1308 105 1092986717
1 312 1092987489
1 3 1092987792
1626 312 1092990519
1081 1342 1093012577
