27 1220 1095781639
1291 1836 1095783784
557 1624 1095785784
1750 561 1095785972
1167 1280 1095786449
224 1854 1095789653
224 1644 1095789704
1724 1237 1095790156
1624 755 1095791667
1624 557 1095792301
1344 1852 1095793496
211 1 1095796940
1362 1624 1095797511
1362 1624 1095797543
561 1750 1095798383
1750 561 1095798699
1644 224 1095800733
1647 621 1095801523
281 1624 1095802829
1281 710 1095803356
1543 1855 1095803592
224 1644 1095804486
367 105 1095805428
367 317 1095805595
1343 1796 1095810461
97 1167 1095815190
492 1181 1095816837
1 211 1095818533
652 27 1095818671
1624 1362 1095818801
1624 1362 1095818825
1624 281 1095818854
561 1750 1095820175
492 1565 1095820218
492 1644 1095820366
1246 1601 1095820421
492 1021 1095820721
492 61 1095821176
1644 492 1095822122
1644 224 1095822197
492 1644 1095822325
1644 492 1095822349
1852 1344 1095826475
697 1472 1095826605
1472 697 1095827102
1601 711 1095834371
710 1281 1095835224
224 1644 1095835341
1657 36 1095838454
1657 36 1095838468
1657 1624 1095838527
1624 1657 1095838548
1624 1657 1095838557
1657 366 1095838920
1657 1675 1095838945
1657 1731 1095838985
1220 27 1095841699
1848 1543 1095841790
1344 1852 1095842919
105 367 1095848439
