871 1412 1086188194
132 846 1086188591
342 809 1086190743
114 770 1086190833
1440 1509 1086191020
1440 1075 1086191137
1440 1075 1086191142
1323 221 1086191894
1509 1440 1086192160
398 465 1086192379
398 465 1086192388
398 465 1086192401
398 465 1086192416
103 1431 1086192569
1359 1342 1086192816
1189 475 1086193179
32 799 1086193187
1189 626 1086193257
799 32 1086193336
103 1487 1086193520
103 1487 1086193681
103 1346 1086193850
1440 1509 1086194133
1189 626 1086194366
32 109 1086194529
1194 1014 1086194783
1189 322 1086194792
103 1362 1086195335
1417 752 1086195474
3 687 1086195484
1434 174 1086195537
1434 1344 1086195600
103 1417 1086195684
103 1362 1086195783
103 1362 1086196003
103 1362 1086196188
103 1362 1086196314
1373 1405 1086196632
483 821 1086196677
1566 547 1086196741
103 1362 1086196803
547 1566 1086196980
103 1362 1086197099
103 1362 1086197580
103 1362 1086197819
103 1362 1086198209
257 42 1086198993
103 700 1086199047
967 72 1086199142
103 1217 1086199150
103 658 1086199208
103 282 1086199420
103 1487 1086199732
1018 1567 1086200020
257 809 1086200037
1142 400 1086200097
212 1551 1086200412
42 257 1086200465
735 1168 1086200523
41 1554 1086200527
465 398 1086200611
212 1289 1086200649
752 1417 1086200707
103 1540 1086200751
1253 768 1086200819
735 810 1086200829
103 1554 1086201097
1362 539 1086201299
9 1501 1086201329
103 1568 1086201330
752 1362 1086201335
173 1339 1086201399
103 220 1086201470
924 1158 1086201628
103 697 1086201678
103 1554 1086201845
470 621 1086201953
1568 1569 1086202490
1569 1568 1086202566
1568 1569 1086202742
1568 394 1086202775
1539 1568 1086202779
1339 173 1086202979
843 285 1086203428
342 1362 1086203480
128 1510 1086203588
321 392 1086203985
1101 1493 1086204640
1179 1540 1086204755
1066 1497 1086204851
1534 42 1086205114
1362 342 1086205155
843 885 1086205817
1501 356 1086205899
768 1431 1086205959
1339 1308 1086206058
687 438 1086206189
582 626 1086206624
1026 615 1086206673
739 438 1086206779
1026 509 1086206791
578 1284 1086206822
1339 1308 1086207341
1285 1026 1086207424
569 967 1086207476
103 220 1086207876
103 1554 1086207955
392 321 1086208275
1026 1285 1086208395
1447 1570 1086208715
128 1510 1086208802
1364 282 1086208928
1189 546 1086209015
482 1489 1086209047
483 821 1086209097
483 1167 1086209115
1313 507 1086210043
1548 303 1086210382
372 792 1086210500
372 792 1086210522
502 1285 1086210562
318 1127 1086210612
1361 1183 1086210634
318 984 1086210661
856 1 1086210724
1489 482 1086210958
1167 483 1086210961
859 1403 1086211073
859 1522 1086211179
615 1026 1086211390
967 1489 1086211952
617 734 1086212074
276 852 1086212570
1387 615 1086212685
1387 615 1086212769
704 63 1086213118
1272 768 1086213121
1313 483 1086213137
1215 793 1086213529
1026 615 1086214041
843 1195 1086214116
1556 1571 1086214450
103 1554 1086214572
1075 1440 1086214609
103 1468 1086214894
1468 1235 1086214909
1436 573 1086215057
1436 573 1086215067
1540 1179 1086215292
1540 1548 1086215359
1489 209 1086215530
738 1504 1086215780
103 1540 1086216167
103 1468 1086216173
143 201 1086216552
356 1501 1086216640
249 1561 1086216703
846 132 1086216722
103 1540 1086216948
211 128 1086217071
103 1540 1086217228
309 1508 1086217347
1429 1572 1086217403
483 1167 1086217473
483 1167 1086217643
483 821 1086217720
103 908 1086217875
1365 1393 1086217900
1013 697 1086217910
1365 643 1086217923
1510 128 1086217989
1540 1548 1086218110
1101 1493 1086218251
103 277 1086218645
233 193 1086218675
734 617 1086218740
735 810 1086218871
1540 714 1086218878
233 810 1086218881
303 1548 1086219083
303 72 1086219139
103 864 1086219266
573 1436 1086219385
847 1566 1086219433
1358 509 1086219580
1403 859 1086219870
103 1497 1086220041
810 735 1086220078
72 303 1086220184
770 44 1086220261
1397 294 1086220262
810 233 1086220273
1397 523 1086220282
621 470 1086220290
1158 924 1086220349
44 770 1086220499
155 233 1086220561
928 1520 1086220757
928 1406 1086220770
32 983 1086221105
9 1313 1086221185
12 282 1086221729
12 1313 1086221900
824 376 1086222007
1556 711 1086222016
617 734 1086222078
1556 711 1086222160
617 250 1086222208
1397 823 1086222324
1556 711 1086222329
801 1246 1086222473
1572 1429 1086222507
12 282 1086222508
1556 711 1086222522
1556 711 1086222947
12 282 1086223116
124 447 1086223190
1397 823 1086223273
1397 823 1086223379
1190 394 1086223442
394 1568 1086223484
233 155 1086223510
557 63 1086223653
12 282 1086223699
32 1081 1086223709
1255 1332 1086223754
1346 1314 1086223833
12 282 1086223918
12 282 1086224378
557 792 1086224625
509 1026 1086224732
1507 212 1086224927
1539 734 1086224939
704 63 1086224978
569 1313 1086225092
114 770 1086225210
114 103 1086225232
1433 983 1086225539
704 502 1086225719
483 821 1086225865
1401 928 1086226384
518 1488 1086226659
447 124 1086226670
163 1208 1086226758
792 557 1086226988
792 372 1086227009
704 204 1086227701
32 1573 1086227735
792 1036 1086227942
254 1573 1086228367
1539 204 1086228487
1539 1573 1086228544
1539 1573 1086228749
1540 994 1086228755
1573 1420 1086228870
1573 788 1086228898
679 1574 1086229059
29 85 1086229180
12 32 1086229267
1540 29 1086229323
1573 728 1086229333
1546 1573 1086229336
704 204 1086229374
12 1297 1086229380
1573 729 1086229389
193 233 1086229392
29 1540 1086229406
12 32 1086229416
1310 1575 1086229420
704 822 1086229429
704 822 1086229444
12 32 1086229762
1489 1533 1086229765
3 32 1086230016
9 1573 1086230289
32 3 1086230454
103 114 1086230841
103 1540 1086230972
1539 523 1086231078
8 1522 1086231095
735 518 1086231349
1545 1557 1086231417
1521 254 1086231420
735 1575 1086231429
735 810 1086231525
1021 1285 1086231609
1521 254 1086231641
3 32 1086231701
1521 254 1086231765
569 29 1086231814
569 29 1086232047
9 1521 1086232071
731 824 1086232176
1509 1440 1086232286
1434 174 1086232299
12 8 1086232437
598 1576 1086232671
967 963 1086232680
3 1577 1086232708
701 326 1086232753
128 1510 1086233054
1568 394 1086233199
967 963 1086233256
859 1403 1086233287
1255 67 1086233313
1578 751 1086233333
1440 1509 1086233333
1255 1332 1086233368
1578 1448 1086233380
495 1043 1086233679
250 475 1086233700
495 1213 1086233703
3 1577 1086233726
518 735 1086233738
3 1578 1086233742
1178 1397 1086233788
474 400 1086233797
1 856 1086233800
1579 701 1086233835
1580 32 1086233845
474 749 1086233853
840 1397 1086233899
3 1577 1086233927
495 1433 1086233974
495 1367 1086234006
1313 507 1086234048
1313 507 1086234117
475 250 1086234210
1190 1568 1086234291
1577 3 1086234328
538 1581 1086234384
1313 1014 1086234426
67 1313 1086234439
1580 1190 1086234444
967 963 1086234473
12 1313 1086234527
3 1577 1086234548
12 8 1086234598
1577 3 1086234808
103 1231 1086234977
393 1190 1086235057
495 67 1086235104
1568 1190 1086235113
67 1313 1086235124
103 495 1086235132
67 1313 1086235243
105 1573 1086235252
871 1568 1086235254
1580 1329 1086235350
1043 495 1086235412
1043 495 1086235442
1580 1329 1086235641
12 8 1086235674
32 3 1086235839
871 1568 1086235870
704 1578 1086235918
12 1387 1086236087
1580 1329 1086236115
42 1561 1086236127
174 1434 1086236239
67 1313 1086236267
53 1508 1086236292
233 193 1086236401
103 1554 1086236534
1554 103 1086236589
1580 1329 1086236636
103 1554 1086236645
1580 1329 1086236677
1312 308 1086236708
105 1387 1086236721
357 1568 1086236732
1580 1329 1086236776
1554 103 1086236786
233 810 1086236801
103 1554 1086236871
357 1521 1086236871
1313 42 1086236905
1554 103 1086236955
103 1554 1086237023
1312 1013 1086237064
357 967 1086237074
1554 103 1086237089
1580 1329 1086237112
1540 29 1086237139
1313 242 1086237146
1036 792 1086237241
103 1554 1086237261
1554 103 1086237314
19 1573 1086237433
919 103 1086237565
357 1582 1086237586
1421 485 1086237634
1580 1329 1086237635
541 400 1086237719
357 1304 1086237746
1282 1542 1086237834
103 919 1086237996
617 734 1086238048
617 250 1086238123
871 1568 1086238129
617 734 1086238163
704 1580 1086238310
1282 221 1086238318
704 1231 1086238337
617 734 1086238354
523 1539 1086238361
681 1118 1086238447
483 1313 1086238451
1118 681 1086238465
9 1312 1086238468
809 342 1086238510
681 1118 1086238521
1118 681 1086238536
809 257 1086238543
67 1231 1086238772
704 617 1086238813
250 617 1086238819
67 1313 1086238907
704 1580 1086238923
708 949 1086239048
1313 483 1086239076
103 617 1086239118
704 1580 1086239241
704 1580 1086239260
681 1118 1086239344
708 865 1086239371
788 1573 1086239497
1118 681 1086239556
708 812 1086239568
1546 32 1086239667
67 1313 1086239700
103 44 1086239720
63 557 1086239729
67 1573 1086239769
483 1313 1086239776
1014 1313 1086239779
1313 67 1086239790
1343 1359 1086239794
1313 1014 1086239878
1556 711 1086239980
1343 1342 1086240043
569 250 1086240154
67 1313 1086240353
1342 1359 1086240367
1343 1342 1086240377
1342 1343 1086240388
1286 1343 1086240389
1343 1286 1086240457
1342 1343 1086240471
1343 1342 1086240472
1546 32 1086240492
1343 1342 1086240501
810 735 1086240508
1342 1343 1086240583
1286 1343 1086240599
967 90 1086240602
1342 1343 1086240628
1343 1342 1086240635
1343 1286 1086240649
1579 1313 1086240650
1343 1342 1086240663
681 1118 1086240668
1286 1343 1086240694
810 233 1086240705
1343 1286 1086240727
103 1343 1086240816
1342 1343 1086240820
1342 1343 1086240828
1286 1343 1086240850
90 967 1086240852
1343 103 1086240856
1556 85 1086240868
1343 1286 1086240888
1342 1343 1086240890
1286 1343 1086240938
1343 1342 1086240944
1343 1286 1086240954
1286 1343 1086241006
967 90 1086241051
1342 1343 1086241053
470 621 1086241067
1343 1286 1086241097
1579 85 1086241101
1286 1343 1086241148
1556 85 1086241198
1579 85 1086241261
704 1580 1086241302
704 1580 1086241323
1579 85 1086241513
640 1468 1086241560
1437 1332 1086241662
1583 297 1086241732
67 32 1086242182
1319 616 1086242213
1579 615 1086242302
1556 85 1086242325
1489 155 1086242339
483 821 1086242357
1489 482 1086242401
919 103 1086242417
919 42 1086242432
317 307 1086242441
1556 85 1086242491
1579 356 1086242542
1500 1447 1086242558
12 1286 1086242576
1447 1500 1086242590
376 824 1086242599
1579 85 1086242662
1489 155 1086242680
1500 1447 1086242766
103 919 1086242897
317 307 1086242917
1489 155 1086242998
1038 1489 1086243093
1433 495 1086243093
615 1579 1086243131
1556 85 1086243198
317 307 1086243201
1556 1281 1086243342
1489 1038 1086243397
1556 475 1086243459
317 307 1086243527
1556 1400 1086243545
317 307 1086243567
1556 475 1086243685
620 27 1086243727
1556 475 1086243864
620 27 1086243885
214 1573 1086243901
1556 475 1086243934
620 27 1086244010
547 1246 1086244015
1489 155 1086244103
1575 735 1086244179
1493 1113 1086244208
1575 1310 1086244208
1556 475 1086244220
1393 1365 1086244231
1493 1584 1086244234
483 821 1086244248
1556 598 1086244264
621 470 1086244286
681 1042 1086244312
1584 1493 1086244312
1493 1584 1086244340
317 1534 1086244360
598 475 1086244375
9 788 1086244401
658 103 1086244464
475 598 1086244467
103 1585 1086244469
658 193 1086244485
103 658 1086244507
1416 400 1086244518
53 308 1086244532
878 1585 1086244535
9 1313 1086244651
9 1521 1086244659
9 1510 1086244662
9 1338 1086244696
12 1286 1086244908
605 734 1086244909
598 475 1086244917
1246 547 1086244928
42 919 1086244942
12 1297 1086244942
42 72 1086245064
9 740 1086245090
9 498 1086245147
9 1342 1086245164
1545 1586 1086245245
239 1328 1086245254
53 9 1086245254
1359 1342 1086245376
12 1485 1086245393
53 9 1086245400
1189 1184 1086245400
1546 32 1086245401
1545 12 1086245452
1545 12 1086245458
1562 928 1086245519
1189 502 1086245573
1280 9 1086245581
103 1585 1086245600
1402 1447 1086245617
1359 1343 1086245630
598 1562 1086245684
928 1562 1086245695
928 1401 1086245710
475 598 1086245758
1297 12 1086245788
72 42 1086245789
42 72 1086245804
1562 598 1086245985
1562 928 1086246074
103 109 1086246128
193 658 1086246212
1573 1173 1086246238
1173 1573 1086246278
1573 1173 1086246317
1231 67 1086246324
1556 1246 1086246393
626 582 1086246470
878 1585 1086246487
821 483 1086246578
1018 1585 1086246675
1328 239 1086246704
9 32 1086246761
581 328 1086246801
581 328 1086246808
1101 1493 1086246826
328 581 1086246856
1173 1573 1086246867
328 581 1086246898
928 1562 1086247000
1556 1246 1086247052
1585 1018 1086247081
1018 1585 1086247407
482 1587 1086247491
878 1587 1086247534
546 1587 1086247672
1556 1545 1086247699
1562 928 1086247757
1573 1173 1086247794
1556 143 1086247879
714 1587 1086247963
1501 356 1086247966
714 1493 1086248063
1556 893 1086248087
1520 928 1086248092
704 63 1086248104
714 1540 1086248190
1556 1557 1086248229
1520 928 1086248270
1018 1585 1086248420
176 101 1086248450
1587 714 1086248458
1518 1523 1086248487
852 966 1086248499
1518 103 1086248501
1521 42 1086248544
847 1521 1086248637
1556 1545 1086248652
1014 1313 1086248723
1185 1587 1086248769
847 1578 1086248836
1510 128 1086248840
1556 1545 1086248880
356 1501 1086248902
714 1587 1086248994
928 1520 1086249343
1185 1417 1086249537
103 1518 1086249555
482 204 1086249719
482 389 1086249864
1520 928 1086249916
1489 482 1086250154
735 518 1086250185
605 1185 1086250220
1489 681 1086250243
1185 1444 1086250280
1489 927 1086250303
735 810 1086250339
605 749 1086250350
735 1575 1086250384
1444 105 1086250529
1444 105 1086250536
219 1181 1086250594
1043 1585 1086250596
605 749 1086250598
1489 878 1086250625
1556 1400 1086250721
1489 878 1086250757
1556 1402 1086250783
1489 878 1086250827
878 1489 1086251014
1546 67 1086251031
1489 878 1086251097
1587 714 1086251164
1489 878 1086251308
1556 1281 1086251382
878 1489 1086251467
9 1521 1086251509
1556 1545 1086251602
1489 878 1086251676
1383 749 1086251758
1185 1383 1086251774
9 1521 1086251835
9 1521 1086251917
1588 502 1086251987
878 1587 1086251998
878 502 1086252041
1556 1545 1086252078
1588 1284 1086252099
714 1587 1086252117
41 541 1086252157
1588 502 1086252166
41 1580 1086252166
41 1589 1086252171
41 616 1086252175
1556 1582 1086252232
41 3 1086252233
482 1489 1086252285
1556 1231 1086252481
9 679 1086252714
878 1021 1086252746
1556 144 1086252751
1542 1282 1086252801
298 518 1086252890
913 484 1086252907
1281 1556 1086252960
913 847 1086253029
144 1556 1086253034
1556 1281 1086253051
1383 1185 1086253130
144 1556 1086253191
1185 1383 1086253193
1556 144 1086253372
9 1185 1086253386
9 679 1086253406
1590 1489 1086253431
144 1556 1086253460
1326 58 1086253581
372 1542 1086253601
1006 1448 1086253605
372 878 1086253707
878 372 1086253735
249 1573 1086253745
871 1448 1086253773
144 1556 1086253788
871 1448 1086253828
9 679 1086253888
144 1556 1086253947
871 260 1086253954
425 765 1086253978
297 1583 1086254004
1564 598 1086254200
144 1556 1086254356
1545 1591 1086254503
144 1556 1086254520
1546 67 1086254556
105 1444 1086254632
144 1556 1086254916
144 1556 1086255097
620 27 1086255202
704 63 1086255352
781 3 1086255381
1546 1592 1086255598
560 323 1086255629
762 1489 1086256576
762 1505 1086256841
762 1585 1086257234
308 1312 1086257302
762 1496 1086257337
1189 8 1086257368
762 992 1086257423
762 1497 1086257471
762 626 1086257651
762 1593 1086257933
1021 878 1086258583
1594 1033 1086259388
1180 1393 1086259680
824 731 1086260760
1402 1556 1086261744
1587 714 1086262883
1548 303 1086266988
1280 560 1086269676
342 1362 1086273406
342 809 1086273496
1013 1312 1086273881
250 569 1086274537
