41 42 1082574211
41 43 1082576344
9 40 1082583700
44 45 1082585468
46 22 1082587705
44 46 1082588222
47 46 1082588508
48 46 1082589483
9 49 1082596555
36 50 1082597715
44 51 1082597751
32 52 1082598056
36 32 1082598122
53 54 1082598395
36 55 1082598545
56 57 1082598548
36 32 1082598685
36 58 1082598765
44 59 1082598920
51 58 1082598934
44 14 1082599072
36 56 1082599376
36 60 1082599717
56 61 1082600068
62 50 1082600409
36 60 1082600787
32 59 1082601455
36 60 1082601872
36 50 1082601913
41 63 1082602619
41 64 1082602668
41 65 1082602682
41 56 1082602700
41 61 1082602761
41 43 1082602778
41 52 1082602807
41 58 1082602838
41 59 1082603068
9 64 1082603124
9 58 1082603179
12 66 1082603219
32 58 1082603266
12 66 1082603268
67 32 1082603514
41 32 1082603571
67 32 1082603649
32 68 1082603681
68 56 1082603850
67 32 1082603868
67 32 1082603999
68 61 1082604018
67 32 1082604079
67 8 1082604696
69 67 1082605390
70 51 1082607167
44 50 1082607289
67 32 1082608354
71 58 1082608405
71 72 1082608481
51 58 1082608509
72 71 1082609249
73 74 1082609649
74 73 1082609719
73 74 1082609913
74 73 1082609972
34 58 1082610114
44 75 1082610117
44 75 1082610241
9 58 1082610294
73 74 1082610332
9 76 1082610339
32 77 1082611326
41 76 1082612106
41 78 1082612122
79 48 1082612494
79 63 1082612535
41 80 1082612618
79 58 1082612664
41 81 1082612672
79 70 1082612947
19 82 1082613371
19 72 1082613444
12 32 1082613466
19 64 1082613910
19 58 1082614030
19 58 1082614035
19 58 1082614037
19 52 1082614388
83 59 1082614460
51 70 1082614477
38 58 1082614831
41 58 1082616043
63 79 1082616085
41 63 1082616093
67 59 1082616359
41 63 1082616735
41 58 1082617102
44 84 1082617666
19 85 1082618206
19 72 1082618294
3 84 1082619042
19 8 1082619196
19 58 1082619271
84 86 1082619833
83 58 1082620003
36 60 1082620032
86 48 1082620231
87 63 1082620509
36 88 1082620689
87 8 1082620950
36 89 1082621383
90 56 1082621402
36 90 1082621459
36 84 1082621518
91 92 1082621575
36 93 1082621760
91 92 1082621825
36 90 1082621841
91 92 1082621981
36 60 1082622201
36 84 1082622692
51 58 1082622812
94 84 1082622904
36 84 1082623270
94 84 1082623289
94 84 1082623664
69 84 1082623764
69 95 1082623795
87 8 1082624060
3 84 1082624449
3 84 1082624696
48 86 1082625217
84 8 1082626287
91 81 1082627222
96 88 1082627395
8 84 1082628373
84 8 1082629290
91 47 1082629573
97 98 1082630222
98 97 1082630376
97 98 1082630411
48 97 1082630520
99 8 1082630832
99 8 1082630846
97 48 1082630976
100 101 1082631193
102 97 1082631289
97 48 1082631600
97 102 1082631611
101 100 1082631973
48 58 1082632034
97 48 1082632063
103 72 1082635084
103 58 1082635445
104 59 1082637588
104 59 1082637597
103 72 1082640108
