638 88 1083687059
626 99 1083687066
638 252 1083687074
638 687 1083687093
638 396 1083687137
638 98 1083687145
626 632 1083687173
447 612 1083688064
638 102 1083688322
456 654 1083688469
342 658 1083689818
611 72 1083691668
9 683 1083691670
41 375 1083691714
321 300 1083692685
321 3 1083692769
321 663 1083692831
254 344 1083692868
41 515 1083693033
96 62 1083693115
67 430 1083693119
266 663 1083693381
67 683 1083693414
266 252 1083693421
266 691 1083693437
266 688 1083693454
266 687 1083693487
266 692 1083693496
266 693 1083693544
266 680 1083693556
266 677 1083693603
266 694 1083693623
400 429 1083693636
266 676 1083693641
266 658 1083693664
266 695 1083693697
266 155 1083694061
266 68 1083694081
212 687 1083694249
212 642 1083694389
336 536 1083694676
567 638 1083694791
70 620 1083694959
696 212 1083694984
429 289 1083695623
475 594 1083695705
36 259 1083695738
36 413 1083695778
36 73 1083695810
244 415 1083696270
482 194 1083696318
536 532 1083696647
536 199 1083696824
9 177 1083697105
697 321 1083697541
697 321 1083697765
321 299 1083697767
297 272 1083697826
394 456 1083697903
319 540 1083697914
29 654 1083698018
468 594 1083698039
586 300 1083698353
586 638 1083698494
394 522 1083698550
697 422 1083698576
498 495 1083698623
32 474 1083698648
586 666 1083698657
184 573 1083698669
586 252 1083698880
586 481 1083698888
278 6 1083698893
394 177 1083698968
99 626 1083699932
394 676 1083700043
321 587 1083700288
394 393 1083700298
681 32 1083700493
681 627 1083700771
632 626 1083700848
339 437 1083700891
681 52 1083700918
272 297 1083701038
681 388 1083701070
589 132 1083701085
681 388 1083701099
639 252 1083701311
551 83 1083701705
297 272 1083703312
339 698 1083703315
339 698 1083703322
339 493 1083703545
698 184 1083703648
681 698 1083703768
681 140 1083703998
282 456 1083704228
337 220 1083704450
220 337 1083704481
282 34 1083704540
337 220 1083704719
220 337 1083704782
337 220 1083704799
513 388 1083705863
481 396 1083705935
513 649 1083706243
638 567 1083706367
376 514 1083706469
376 252 1083706502
376 687 1083706645
184 698 1083706666
605 337 1083706794
555 402 1083707101
605 272 1083707109
147 349 1083707109
698 184 1083707118
509 454 1083707161
236 389 1083707228
220 337 1083707240
184 698 1083707248
616 570 1083707357
698 184 1083707374
509 616 1083707390
429 400 1083707489
509 698 1083707584
687 481 1083707618
509 513 1083707623
79 8 1083707715
252 376 1083707876
220 79 1083707912
220 337 1083707962
681 698 1083708291
389 236 1083708299
681 32 1083708333
509 454 1083708340
617 272 1083708471
639 481 1083708476
509 389 1083708510
617 640 1083708566
681 388 1083708596
454 509 1083708598
509 454 1083708631
639 632 1083708680
599 79 1083708715
509 454 1083708770
639 687 1083708776
617 74 1083708776
639 509 1083708835
509 454 1083708857
454 509 1083708897
509 454 1083709062
162 368 1083709076
617 254 1083709088
220 308 1083709102
617 677 1083709190
509 302 1083709227
509 454 1083709291
199 536 1083709306
617 259 1083709345
509 454 1083709514
642 323 1083709578
509 454 1083709640
617 103 1083709788
617 557 1083709909
323 642 1083709975
252 598 1083710116
673 337 1083710231
673 620 1083710319
699 245 1083710347
646 673 1083710487
400 429 1083710666
673 422 1083710734
646 673 1083710739
646 673 1083710821
372 437 1083710843
372 375 1083710953
673 88 1083711018
236 389 1083711031
673 454 1083711123
646 683 1083711248
252 598 1083711392
626 99 1083711691
317 308 1083711827
626 632 1083711895
349 147 1083711903
482 598 1083711940
289 429 1083711993
389 236 1083712128
339 626 1083712152
317 680 1083712205
339 289 1083712225
289 598 1083712383
272 297 1083712394
626 590 1083712402
649 513 1083712421
103 617 1083712514
376 252 1083712561
317 659 1083712636
272 297 1083712653
626 649 1083712760
598 252 1083712763
339 598 1083712778
598 289 1083712803
339 314 1083712809
103 441 1083712823
626 689 1083712867
649 626 1083712908
626 649 1083712958
598 482 1083713039
590 626 1083713039
649 626 1083713207
103 699 1083713256
204 481 1083713264
339 441 1083713361
687 481 1083713365
590 649 1083713493
372 314 1083713549
103 314 1083713587
649 590 1083713631
252 598 1083713934
639 687 1083713936
103 688 1083713975
598 252 1083714011
302 557 1083714082
302 674 1083714134
302 652 1083714241
282 103 1083714251
252 598 1083714363
252 598 1083714374
30 103 1083714533
598 252 1083714698
598 252 1083714771
306 540 1083714781
681 306 1083714967
277 422 1083715217
700 481 1083715237
277 609 1083715301
598 542 1083715637
277 649 1083715695
36 317 1083715764
683 67 1083715786
586 589 1083715794
586 252 1083715805
586 481 1083715813
555 440 1083715835
652 302 1083715919
277 649 1083715940
586 481 1083715946
36 129 1083715990
586 616 1083716114
404 6 1083716171
277 649 1083716181
404 368 1083716276
697 422 1083716347
277 649 1083716383
134 103 1083716573
536 199 1083716622
72 611 1083716791
586 698 1083716964
161 162 1083716974
228 626 1083717020
422 673 1083717096
220 646 1083717196
277 422 1083717219
422 598 1083717462
481 687 1083717471
697 422 1083717535
481 687 1083717575
495 498 1083717580
481 429 1083717616
495 181 1083717629
495 424 1083717648
697 422 1083717648
481 396 1083717792
252 598 1083717824
252 598 1083717859
551 673 1083717885
701 481 1083717986
36 129 1083717995
551 34 1083718050
36 281 1083718076
551 83 1083718077
617 272 1083718091
605 272 1083718144
296 194 1083718171
495 254 1083718212
481 642 1083718294
701 481 1083718340
481 387 1083718365
701 254 1083718410
277 649 1083718429
701 481 1083718441
36 129 1083718472
254 495 1083718485
277 649 1083718559
701 481 1083718593
697 422 1083718624
619 194 1083718635
701 254 1083718750
277 649 1083718830
701 481 1083718835
48 683 1083718936
456 394 1083718950
701 254 1083718952
132 589 1083719029
277 649 1083719049
673 422 1083719109
422 673 1083719217
482 598 1083719229
673 422 1083719285
277 649 1083719288
701 254 1083719335
551 673 1083719349
701 481 1083719363
145 479 1083719440
551 62 1083719455
145 254 1083719456
701 254 1083719471
277 649 1083719494
289 598 1083719495
551 456 1083719514
482 598 1083719517
277 649 1083719558
254 495 1083719582
551 673 1083719620
701 254 1083719625
277 649 1083719671
681 52 1083719672
277 649 1083719803
212 388 1083719839
551 673 1083719917
277 649 1083719927
701 254 1083719998
551 590 1083720033
701 254 1083720036
277 649 1083720040
701 254 1083720152
551 673 1083720194
245 699 1083720230
277 649 1083720233
277 649 1083720355
12 101 1083720387
12 300 1083720410
277 649 1083720514
701 254 1083720516
701 254 1083720527
673 413 1083720614
673 554 1083720696
277 649 1083720736
642 323 1083720744
642 481 1083720752
12 389 1083720820
539 536 1083720820
325 573 1083720831
259 598 1083720837
277 649 1083720860
12 479 1083720866
12 8 1083720946
586 673 1083721060
277 649 1083721085
277 649 1083721251
586 673 1083721342
12 536 1083721363
673 702 1083721378
212 703 1083721396
145 254 1083721422
12 536 1083721444
551 673 1083721473
551 673 1083721830
551 673 1083722089
540 616 1083722120
551 62 1083722141
551 673 1083722272
551 590 1083722292
337 220 1083722412
204 103 1083722443
551 590 1083722450
147 349 1083722511
357 134 1083722512
252 598 1083722522
551 673 1083722528
337 673 1083722601
551 62 1083722734
372 495 1083722928
103 673 1083723048
454 673 1083723094
286 400 1083723129
697 73 1083723135
704 212 1083723183
704 72 1083723239
12 389 1083723342
12 536 1083723375
683 48 1083723385
463 514 1083723395
697 644 1083723624
644 596 1083723695
103 683 1083723750
394 456 1083723772
12 389 1083723776
277 649 1083724003
554 673 1083724130
513 649 1083724168
513 263 1083724281
649 513 1083724546
368 404 1083724548
673 337 1083724567
686 640 1083724664
686 72 1083724678
686 339 1083724711
686 72 1083724883
99 8 1083724907
277 172 1083724967
687 479 1083725026
581 328 1083725054
705 154 1083725086
484 706 1083725186
686 72 1083725237
586 673 1083725256
586 687 1083725275
686 263 1083725335
586 687 1083725361
586 616 1083725421
9 282 1083725430
644 626 1083725454
644 626 1083725460
99 626 1083725497
9 683 1083725503
644 547 1083725629
547 644 1083725790
437 372 1083725809
644 547 1083726011
124 323 1083726055
644 707 1083726065
181 495 1083726191
678 323 1083726223
704 707 1083726281
678 437 1083726341
590 513 1083726367
532 536 1083726372
400 286 1083726455
34 707 1083726463
212 236 1083726499
678 707 1083726568
351 598 1083726592
400 621 1083726697
181 454 1083726793
337 673 1083726793
400 396 1083726936
8 99 1083726947
176 707 1083726949
678 212 1083726954
176 184 1083726986
536 532 1083727021
639 632 1083727027
639 481 1083727039
569 191 1083727068
454 181 1083727230
678 699 1083727283
400 437 1083727309
617 340 1083727373
678 572 1083727383
302 652 1083727396
679 162 1083727482
679 26 1083727502
594 475 1083727516
617 400 1083727526
679 688 1083727560
678 570 1083727579
212 678 1083727650
594 468 1083727655
617 302 1083727701
617 302 1083727754
649 337 1083727782
337 649 1083727828
337 281 1083727881
99 8 1083727933
400 683 1083728053
239 191 1083728055
638 532 1083728079
583 337 1083728091
638 242 1083728109
649 337 1083728285
573 325 1083728341
400 617 1083728407
252 463 1083728437
337 649 1083728493
638 603 1083728515
649 337 1083728551
349 147 1083728618
400 617 1083728622
337 583 1083728623
586 402 1083730705
495 254 1083730844
456 394 1083730853
495 372 1083730866
513 590 1083730900
400 638 1083730900
674 302 1083730932
378 481 1083730971
586 707 1083730985
9 683 1083731033
263 513 1083731061
181 495 1083731080
9 708 1083731098
181 454 1083731103
299 254 1083731135
638 400 1083731138
400 513 1083731144
299 321 1083731182
181 97 1083731206
74 707 1083731561
74 708 1083731630
400 598 1083731674
88 673 1083731684
509 707 1083731692
74 699 1083731698
73 74 1083731711
513 263 1083731748
697 73 1083731757
513 400 1083731762
74 73 1083731777
400 224 1083731845
400 224 1083731860
73 74 1083731918
644 52 1083731989
224 400 1083731993
644 52 1083731993
263 513 1083732010
513 263 1083732229
281 337 1083732234
481 378 1083732262
400 224 1083732319
697 74 1083732463
709 689 1083732479
697 73 1083732558
569 606 1083732565
263 513 1083732591
681 52 1083732605
224 400 1083732712
236 389 1083732895
400 224 1083732913
224 400 1083732953
236 212 1083732962
551 62 1083732987
224 400 1083732998
372 437 1083733098
598 400 1083733107
551 34 1083733117
372 495 1083733125
400 224 1083733171
224 400 1083733227
474 400 1083733234
539 536 1083733241
396 481 1083733249
520 638 1083733256
461 407 1083733281
224 400 1083733293
705 707 1083733300
396 481 1083733306
551 124 1083733354
407 461 1083733383
705 710 1083733449
705 710 1083733463
705 710 1083733468
407 461 1083733490
437 372 1083733534
407 425 1083733536
41 707 1083733542
400 224 1083733559
302 674 1083733592
396 400 1083733623
659 413 1083733806
357 659 1083733862
323 124 1083733874
400 474 1083733920
364 532 1083733926
323 678 1083733927
357 711 1083734010
400 224 1083734017
400 396 1083734253
474 400 1083734267
357 598 1083734279
513 263 1083734401
274 201 1083734413
400 323 1083734503
274 201 1083734555
481 396 1083734639
323 400 1083734664
400 63 1083734710
396 400 1083734773
274 201 1083734790
400 323 1083734800
396 481 1083734831
323 400 1083734900
263 513 1083734950
274 201 1083735006
400 598 1083735006
481 396 1083735016
602 297 1083735031
34 698 1083735077
674 302 1083735084
481 6 1083735106
598 400 1083735120
514 698 1083735127
297 272 1083735132
274 201 1083735141
598 400 1083735158
514 396 1083735264
481 396 1083735300
704 712 1083735310
277 602 1083735322
638 252 1083735364
400 598 1083735411
638 687 1083735420
638 603 1083735438
704 711 1083735445
638 323 1083735451
396 481 1083735513
297 272 1083735535
598 400 1083735548
297 602 1083735562
396 481 1083735626
704 712 1083735654
713 184 1083735689
372 437 1083735702
463 252 1083735713
400 396 1083735763
454 181 1083735860
400 598 1083735897
583 337 1083735921
212 480 1083735928
713 236 1083735946
274 645 1083736030
586 687 1083736056
372 385 1083736071
214 712 1083736072
481 396 1083736093
351 99 1083736110
598 400 1083736116
252 463 1083736125
598 400 1083736127
712 214 1083736161
252 463 1083736200
522 394 1083736206
713 714 1083736235
400 659 1083736272
713 712 1083736309
400 598 1083736332
32 711 1083736347
713 103 1083736370
54 393 1083736441
711 32 1083736464
6 481 1083736487
713 351 1083736492
32 708 1083736511
32 711 1083736536
598 400 1083736540
712 6 1083736584
713 32 1083736594
713 712 1083736634
400 598 1083736644
711 32 1083736661
659 400 1083736725
6 712 1083736727
713 715 1083736756
598 400 1083736807
32 711 1083736807
713 712 1083736810
712 6 1083736819
713 32 1083736852
481 6 1083736923
110 638 1083736924
713 716 1083736968
679 372 1083736968
6 712 1083736980
6 481 1083736999
713 17 1083737018
711 32 1083737027
679 372 1083737055
713 105 1083737084
712 6 1083737110
713 359 1083737118
32 711 1083737190
72 683 1083737201
713 712 1083737210
712 212 1083737244
713 32 1083737269
713 172 1083737299
400 659 1083737301
212 712 1083737306
616 540 1083737316
713 712 1083737343
239 191 1083737377
713 156 1083737385
713 717 1083737435
713 718 1083737462
713 242 1083737509
616 509 1083737564
713 32 1083737569
274 703 1083737580
713 712 1083737614
6 712 1083737633
586 616 1083737675
713 103 1083737708
212 712 1083737736
8 99 1083737744
713 102 1083737763
713 400 1083737858
712 6 1083737870
162 161 1083737886
274 719 1083737899
99 8 1083737986
212 712 1083738017
8 99 1083738042
711 32 1083738051
274 720 1083738126
212 712 1083738180
101 184 1083738188
233 19 1083738223
274 597 1083738236
681 32 1083738422
681 659 1083738462
6 712 1083738482
212 712 1083738506
712 6 1083738563
6 712 1083738608
274 644 1083738610
712 6 1083738638
713 242 1083738663
713 482 1083738710
6 712 1083738727
212 236 1083738741
127 707 1083738763
274 6 1083738766
212 712 1083738870
712 6 1083738876
212 678 1083738882
713 712 1083738911
103 712 1083738943
99 8 1083738994
712 103 1083739033
6 712 1083739048
400 721 1083739105
103 712 1083739139
713 172 1083739147
603 722 1083739177
595 321 1083739197
603 628 1083739211
713 236 1083739228
712 6 1083739232
212 712 1083739250
462 103 1083739262
603 515 1083739264
705 707 1083739270
712 103 1083739311
595 567 1083739334
646 683 1083739334
627 723 1083739371
713 103 1083739466
621 400 1083739472
713 400 1083739499
181 454 1083739518
713 712 1083739526
713 127 1083739569
713 724 1083739603
6 712 1083739621
234 183 1083739656
713 482 1083739684
534 625 1083739707
598 259 1083739708
598 351 1083739725
598 252 1083739748
423 598 1083739824
712 6 1083739929
713 482 1083740006
6 712 1083740045
6 712 1083740078
423 101 1083740092
713 712 1083740095
423 598 1083740164
712 6 1083740206
385 274 1083740267
212 712 1083740299
6 712 1083740359
199 536 1083740384
712 6 1083740450
199 673 1083740458
482 194 1083740529
396 400 1083740536
719 358 1083740626
482 396 1083740680
686 103 1083740703
686 263 1083740721
686 640 1083740794
536 199 1083740808
712 6 1083740870
212 712 1083740884
337 632 1083740938
103 712 1083740947
212 712 1083740956
212 712 1083740985
712 103 1083740990
683 400 1083740992
686 719 1083741003
697 698 1083741108
103 712 1083741117
683 400 1083741135
62 236 1083741168
712 103 1083741303
683 72 1083741374
103 712 1083741447
683 646 1083741460
683 103 1083741513
712 719 1083741543
712 103 1083741628
551 34 1083741651
626 99 1083741692
103 683 1083741854
252 598 1083741943
697 73 1083741949
654 413 1083741974
103 712 1083742002
598 337 1083742081
598 337 1083742096
409 191 1083742237
611 72 1083742285
654 413 1083742425
725 389 1083742447
686 263 1083742490
317 308 1083742495
561 350 1083742537
337 598 1083742543
712 103 1083742579
97 181 1083742634
214 712 1083742638
413 659 1083742670
74 607 1083742689
415 244 1083742742
214 274 1083742743
9 683 1083742807
725 607 1083742870
99 626 1083742886
626 99 1083742915
725 707 1083742985
409 74 1083742997
726 97 1083743060
686 263 1083743070
307 317 1083743106
378 481 1083743116
626 649 1083743126
654 99 1083743135
726 97 1083743140
378 396 1083743186
723 649 1083743198
307 317 1083743207
726 317 1083743244
726 97 1083743295
307 317 1083743308
9 699 1083743314
726 97 1083743428
97 726 1083743449
334 364 1083743491
263 337 1083743511
9 711 1083743535
337 263 1083743553
263 337 1083743758
9 711 1083743759
103 712 1083743775
337 263 1083743799
727 561 1083743817
728 712 1083743853
277 172 1083743870
99 626 1083743888
128 236 1083743893
204 536 1083743901
728 711 1083743904
204 536 1083743941
184 101 1083743957
599 74 1083744043
704 63 1083744078
97 726 1083744110
540 588 1083744458
598 337 1083744484
728 560 1083744530
536 532 1083744567
728 729 1083744575
617 302 1083744605
728 730 1083744620
103 731 1083744631
732 233 1083744647
337 598 1083744668
617 400 1083744699
277 609 1083744769
103 587 1083744771
617 400 1083744840
72 683 1083744843
63 400 1083744880
103 617 1083744882
72 611 1083744892
617 340 1083744929
588 540 1083744952
334 128 1083744969
277 609 1083745003
103 378 1083745008
63 724 1083745020
502 468 1083745021
617 103 1083745061
462 103 1083745097
617 74 1083745135
481 378 1083745143
252 481 1083745176
518 644 1083745181
63 719 1083745184
727 297 1083745201
281 337 1083745257
281 332 1083745277
103 617 1083745278
481 252 1083745322
277 609 1083745323
281 317 1083745335
617 514 1083745340
103 462 1083745364
396 378 1083745394
252 481 1083745440
38 475 1083745451
252 481 1083745455
481 252 1083745513
733 561 1083745518
277 609 1083745526
617 103 1083745542
733 712 1083745560
727 588 1083745564
252 73 1083745571
252 481 1083745585
73 252 1083745590
728 63 1083745665
683 72 1083745666
252 73 1083745673
617 468 1083745678
277 609 1083745686
38 475 1083745722
254 561 1083745746
73 252 1083745769
561 254 1083745786
679 372 1083745806
38 475 1083745814
199 536 1083745824
181 97 1083745830
277 518 1083745860
396 481 1083745880
683 297 1083745883
277 609 1083745889
462 103 1083745935
38 475 1083745940
254 626 1083745943
536 199 1083745965
63 193 1083745985
72 611 1083745994
728 402 1083745996
561 254 1083746002
38 475 1083746003
277 609 1083746037
561 254 1083746055
38 475 1083746083
38 475 1083746203
454 181 1083746209
561 254 1083746221
97 181 1083746234
277 609 1083746275
389 236 1083746288
256 339 1083746331
463 252 1083746338
561 254 1083746352
658 487 1083746365
38 475 1083746377
673 199 1083746396
38 475 1083746400
679 404 1083746408
38 475 1083746423
38 475 1083746442
355 316 1083746458
398 465 1083746459
658 351 1083746489
38 475 1083746497
277 609 1083746557
679 372 1083746565
282 256 1083746568
38 475 1083746581
6 712 1083746601
181 454 1083746611
728 63 1083746624
63 725 1083746633
646 683 1083746633
38 475 1083746664
38 128 1083746683
6 712 1083746693
19 233 1083746796
681 626 1083746810
727 389 1083746839
181 97 1083746849
277 609 1083746901
19 331 1083746912
561 254 1083746968
97 181 1083746999
277 609 1083747090
638 242 1083747102
638 110 1083747112
191 365 1083747119
638 646 1083747133
660 725 1083747141
727 734 1083747193
638 726 1083747202
38 475 1083747204
678 212 1083747218
597 274 1083747221
678 72 1083747231
605 74 1083747231
38 128 1083747250
72 683 1083747258
38 475 1083747342
343 424 1083747345
617 103 1083747363
713 724 1083747367
277 609 1083747435
63 313 1083747436
638 98 1083747447
454 181 1083747459
277 609 1083747486
644 274 1083747491
38 475 1083747548
678 475 1083747550
277 609 1083747562
38 475 1083747563
644 518 1083747603
277 609 1083747669
181 454 1083747682
194 482 1083747700
638 254 1083747716
38 475 1083747730
617 74 1083747748
38 475 1083747751
605 74 1083747760
277 609 1083747826
38 475 1083747881
454 181 1083747901
236 389 1083747926
728 617 1083747927
277 609 1083747943
638 242 1083747954
38 502 1083747955
605 88 1083747971
514 617 1083747972
199 673 1083747978
181 454 1083748018
343 735 1083748027
704 63 1083748038
277 609 1083748061
38 475 1083748063
236 128 1083748069
38 475 1083748096
409 191 1083748129
617 514 1083748137
38 502 1083748144
277 609 1083748149
644 711 1083748160
95 63 1083748175
73 626 1083748255
63 95 1083748258
475 678 1083748274
38 475 1083748281
711 644 1083748299
316 355 1083748309
277 609 1083748318
337 281 1083748344
316 355 1083748352
605 337 1083748360
72 644 1083748360
514 386 1083748366
272 281 1083748381
605 337 1083748423
617 272 1083748432
605 317 1083748449
38 475 1083748453
103 617 1083748470
658 163 1083748472
398 465 1083748503
277 609 1083748520
38 475 1083748539
644 72 1083748553
605 337 1083748563
163 658 1083748564
638 254 1083748570
617 103 1083748575
561 254 1083748586
638 110 1083748589
27 278 1083748589
392 228 1083748617
617 337 1083748620
605 625 1083748627
277 609 1083748645
617 317 1083748648
72 644 1083748653
605 337 1083748667
163 658 1083748680
644 72 1083748694
278 27 1083748719
73 389 1083748721
38 475 1083748736
103 462 1083748747
38 475 1083748771
277 609 1083748773
368 736 1083748795
638 254 1083748797
38 475 1083748805
704 63 1083748814
38 502 1083748838
644 711 1083748845
259 617 1083748846
638 456 1083748855
72 644 1083748870
605 368 1083748900
73 460 1083748908
561 254 1083748920
277 609 1083748940
638 323 1083748959
638 254 1083748979
73 391 1083748986
728 617 1083749009
644 72 1083749034
605 368 1083749036
27 278 1083749055
638 254 1083749062
704 63 1083749089
561 254 1083749109
638 289 1083749112
73 658 1083749117
277 609 1083749122
711 644 1083749145
308 317 1083749152
462 103 1083749181
687 463 1083749197
277 609 1083749236
617 323 1083749283
482 194 1083749286
9 683 1083749286
220 646 1083749295
38 475 1083749296
626 73 1083749307
278 27 1083749325
277 609 1083749330
605 368 1083749330
63 385 1083749350
737 627 1083749361
9 711 1083749365
561 254 1083749366
605 254 1083749366
638 323 1083749377
638 254 1083749397
355 316 1083749406
38 502 1083749432
38 128 1083749451
72 644 1083749473
277 609 1083749478
561 254 1083749489
38 475 1083749489
638 263 1083749497
605 254 1083749498
638 254 1083749532
9 638 1083749548
385 63 1083749558
38 502 1083749573
27 278 1083749580
74 617 1083749629
605 254 1083749634
277 609 1083749634
355 316 1083749649
191 738 1083749664
38 475 1083749673
95 63 1083749679
277 609 1083749693
638 254 1083749696
63 385 1083749702
605 74 1083749706
38 475 1083749709
617 74 1083749709
681 626 1083749722
644 711 1083749737
605 368 1083749750
38 502 1083749776
638 263 1083749777
385 63 1083749778
738 191 1083749782
277 263 1083749783
738 191 1083749815
38 475 1083749828
277 609 1083749833
738 191 1083749835
63 95 1083749839
711 644 1083749845
738 191 1083749854
739 616 1083749855
738 191 1083749861
350 617 1083749864
615 740 1083749865
350 632 1083749885
68 323 1083749889
323 68 1083749904
617 640 1083749910
63 385 1083749923
617 74 1083749928
605 368 1083749930
277 609 1083749931
644 711 1083749951
323 68 1083749952
38 475 1083749962
617 323 1083749964
263 277 1083749968
316 355 1083749984
649 723 1083749989
638 323 1083749999
38 475 1083750008
323 617 1083750011
278 27 1083750026
277 263 1083750043
617 73 1083750060
277 609 1083750061
68 323 1083750073
263 277 1083750106
638 385 1083750108
316 355 1083750129
323 68 1083750145
638 263 1083750149
617 323 1083750158
332 281 1083750170
323 617 1083750187
38 502 1083750192
631 625 1083750206
350 617 1083750213
605 368 1083750220
68 323 1083750227
638 263 1083750240
385 63 1083750253
38 475 1083750257
334 128 1083750258
631 437 1083750305
638 542 1083750313
605 726 1083750314
95 63 1083750349
439 590 1083750353
74 463 1083750355
38 502 1083750361
385 638 1083750366
680 317 1083750366
439 590 1083750367
73 463 1083750371
638 385 1083750389
302 617 1083750408
638 385 1083750408
638 263 1083750463
439 590 1083750474
38 475 1083750480
617 302 1083750483
63 385 1083750484
277 263 1083750490
277 609 1083750511
605 368 1083750511
63 95 1083750533
739 6 1083750558
339 256 1083750589
73 617 1083750613
263 277 1083750620
728 617 1083750637
638 602 1083750643
481 396 1083750643
38 502 1083750652
728 617 1083750667
617 73 1083750682
38 475 1083750706
38 475 1083750750
561 127 1083750766
38 475 1083750773
355 316 1083750796
277 263 1083750797
38 475 1083750797
212 678 1083750811
638 263 1083750817
277 609 1083750822
605 368 1083750834
482 316 1083750841
263 277 1083750845
323 68 1083750853
38 475 1083750936
355 316 1083750986
38 475 1083750994
728 617 1083751032
277 263 1083751096
38 475 1083751116
605 368 1083751143
323 719 1083751146
728 323 1083751160
646 638 1083751168
590 583 1083751172
728 617 1083751185
119 617 1083751186
95 63 1083751199
277 609 1083751202
583 590 1083751218
68 323 1083751235
617 119 1083751247
323 68 1083751264
277 609 1083751298
38 475 1083751298
350 617 1083751313
323 646 1083751341
542 460 1083751387
726 97 1083751405
605 413 1083751414
102 355 1083751428
686 263 1083751435
119 617 1083751442
102 323 1083751447
316 355 1083751447
726 97 1083751459
38 475 1083751474
378 396 1083751475
68 323 1083751483
38 475 1083751507
605 368 1083751562
316 355 1083751566
277 609 1083751570
51 525 1083751583
277 609 1083751619
316 325 1083751623
316 496 1083751659
605 726 1083751678
355 102 1083751696
368 542 1083751725
316 102 1083751745
277 609 1083751786
316 325 1083751798
605 368 1083751798
355 316 1083751807
396 481 1083751833
542 252 1083751850
542 252 1083751857
323 102 1083751862
277 609 1083751865
316 355 1083751880
323 68 1083751896
325 645 1083751904
396 378 1083751919
605 337 1083751927
355 316 1083751939
325 97 1083751965
102 97 1083751990
68 323 1083752010
97 325 1083752012
355 316 1083752012
63 95 1083752019
102 98 1083752024
323 68 1083752040
277 609 1083752044
355 102 1083752093
97 102 1083752098
355 102 1083752102
97 726 1083752113
102 355 1083752134
316 325 1083752152
325 97 1083752193
36 73 1083752206
97 102 1083752231
36 281 1083752236
97 325 1083752245
355 102 1083752261
102 97 1083752307
277 609 1083752323
439 102 1083752336
325 97 1083752348
97 325 1083752387
316 325 1083752404
560 588 1083752435
277 609 1083752436
351 658 1083752550
325 316 1083752618
98 102 1083752726
277 609 1083752734
532 536 1083752750
95 63 1083752768
316 355 1083752836
325 532 1083752895
277 609 1083752949
102 98 1083752958
316 726 1083752962
355 316 1083753037
95 712 1083753053
726 316 1083753063
277 609 1083753071
726 97 1083753088
532 364 1083753135
468 617 1083753164
316 726 1083753191
644 102 1083753209
133 437 1083753227
726 316 1083753246
97 726 1083753247
726 316 1083753278
316 726 1083753294
686 542 1083753347
316 726 1083753359
726 97 1083753367
583 739 1083753383
316 355 1083753396
726 316 1083753432
297 727 1083753436
316 325 1083753450
297 683 1083753459
97 726 1083753490
355 316 1083753515
316 726 1083753534
316 355 1083753581
686 263 1083753581
325 316 1083753583
683 646 1083753622
726 97 1083753633
741 542 1083753644
726 316 1083753661
683 72 1083753683
316 355 1083753691
388 737 1083753717
97 726 1083753763
726 97 1083753834
542 741 1083753845
316 726 1083753853
97 726 1083753867
686 542 1083753931
72 683 1083754005
38 502 1083754054
627 545 1083754056
260 567 1083754443
260 571 1083754453
542 583 1083754509
260 283 1083754517
482 454 1083754596
260 174 1083754652
686 542 1083754676
513 723 1083754683
260 236 1083754685
260 688 1083754731
542 325 1083754824
733 502 1083754824
462 742 1083754860
686 542 1083755109
462 101 1083755119
398 465 1083755343
325 542 1083755390
462 316 1083755418
583 542 1083755612
128 236 1083755748
462 299 1083755766
297 234 1083755873
482 389 1083756049
53 325 1083756123
571 638 1083756130
128 715 1083756159
53 325 1083756454
540 588 1083756819
53 325 1083757963
53 325 1083758457
325 743 1083758485
325 707 1083758599
236 128 1083758611
252 542 1083758898
252 463 1083758953
53 325 1083759482
646 52 1083759710
128 236 1083760275
234 297 1083760632
400 617 1083762945
400 683 1083762996
400 721 1083763129
495 181 1083763945
495 372 1083764028
