1756 483 1091808717
1312 12 1091810583
27 652 1091813046
27 398 1091813154
27 271 1091813199
483 1756 1091815754
1312 1313 1091816981
1786 1624 1091817410
1786 1344 1091818290
1786 1231 1091818504
398 27 1091820259
652 27 1091823677
810 175 1091825682
494 1647 1091829207
1313 1312 1091842315
1313 9 1091842508
1313 1332 1091842614
1313 19 1091842636
70 674 1091844212
1748 384 1091846135
749 1647 1091846533
9 1313 1091847040
1312 1313 1091849091
975 342 1091850409
144 1758 1091855998
144 1472 1091856123
144 12 1091856199
969 1416 1091856953
969 1756 1091857434
1756 969 1091859228
969 1756 1091860286
1756 483 1091860519
1756 969 1091860573
969 1756 1091860862
1756 969 1091861307
969 1756 1091862125
1756 969 1091862574
1 312 1091862993
12 1312 1091866783
1312 12 1091866862
12 1312 1091866972
1312 12 1091867016
12 1312 1091867047
1312 12 1091867373
1487 132 1091868091
1487 132 1091868370
809 198 1091874885
1545 1332 1091875401
1545 1754 1091875424
1545 1754 1091875442
1545 1754 1091875452
1545 1754 1091875527
