32 63 1083167759
32 378 1083167893
189 358 1083170282
317 311 1083172175
300 384 1083172926
41 300 1083172988
41 325 1083173033
97 338 1083173335
309 368 1083173405
372 97 1083173714
372 375 1083174053
1 146 1083174345
1 101 1083174402
1 211 1083174521
1 30 1083174545
70 385 1083175465
277 362 1083175978
154 56 1083176496
321 154 1083177133
27 221 1083179751
79 365 1083179870
79 386 1083179953
228 314 1083180305
239 349 1083180419
386 50 1083180464
386 260 1083180544
319 338 1083180598
376 50 1083180920
50 386 1083180993
50 376 1083181040
386 50 1083181066
376 50 1083181083
376 50 1083181117
386 387 1083181258
386 50 1083181338
30 72 1083181776
277 362 1083182175
277 376 1083182225
63 32 1083183305
376 191 1083184016
212 376 1083184122
212 376 1083184217
212 376 1083184299
371 377 1083184313
311 48 1083184364
376 377 1083184382
212 376 1083184456
311 365 1083184703
388 306 1083185425
378 32 1083185550
189 349 1083185555
314 48 1083186009
50 386 1083186180
50 376 1083186192
9 177 1083186521
359 144 1083186948
34 365 1083187220
1 30 1083187700
385 70 1083188010
254 378 1083188047
345 361 1083188074
345 346 1083188134
365 79 1083188282
365 311 1083188295
204 374 1083188823
72 30 1083189907
204 374 1083190175
204 298 1083190231
145 88 1083190253
204 298 1083190310
204 298 1083190376
189 349 1083190416
70 385 1083190453
204 298 1083190514
204 298 1083190598
191 376 1083190894
389 254 1083191069
63 337 1083191088
63 193 1083191103
337 63 1083191258
212 388 1083191372
263 378 1083191460
212 376 1083191490
212 224 1083191605
390 316 1083192012
27 184 1083192164
391 349 1083192242
349 391 1083192529
212 224 1083192671
378 254 1083193464
378 263 1083193520
392 383 1083193545
319 337 1083194130
387 386 1083194180
393 394 1083194576
395 8 1083194665
395 8 1083194742
393 263 1083194781
396 378 1083194882
395 8 1083194947
176 396 1083195002
386 387 1083195085
386 343 1083195163
176 396 1083195231
9 391 1083195250
9 52 1083195281
308 281 1083195369
8 395 1083195482
9 386 1083195490
9 8 1083195583
176 396 1083195607
289 392 1083195745
41 391 1083195881
289 375 1083195924
41 325 1083195939
289 371 1083195978
254 378 1083195994
289 391 1083196240
308 373 1083196317
308 263 1083196453
263 308 1083196509
378 254 1083196704
260 386 1083196812
254 378 1083196814
393 263 1083196964
378 254 1083197060
393 263 1083197082
254 378 1083197140
281 308 1083197188
281 308 1083197259
393 263 1083197401
393 263 1083197519
378 254 1083197529
372 97 1083197620
321 359 1083197634
372 376 1083197639
283 260 1083197654
372 97 1083197711
254 378 1083197758
393 263 1083197789
308 281 1083197816
254 396 1083197850
378 254 1083197852
254 378 1083197896
62 371 1083198015
378 254 1083198016
254 378 1083198079
1 397 1083198125
396 254 1083198141
254 396 1083198225
321 396 1083198244
396 254 1083198373
32 378 1083198385
32 63 1083198432
327 97 1083198442
254 396 1083198504
357 396 1083198681
378 254 1083198727
378 32 1083198773
396 254 1083198784
332 308 1083198794
357 378 1083198814
357 396 1083198851
254 396 1083198894
254 378 1083198967
220 373 1083199026
357 378 1083199060
32 378 1083199072
220 308 1083199076
220 224 1083199086
357 396 1083199144
396 254 1083199199
220 62 1083199210
254 396 1083199222
220 254 1083199308
378 254 1083199315
376 191 1083199323
220 62 1083199370
378 32 1083199381
254 378 1083199473
254 378 1083199485
378 254 1083199644
254 378 1083199748
204 294 1083199905
32 396 1083200013
398 209 1083200184
32 378 1083200329
321 396 1083200395
254 378 1083200412
355 316 1083200669
399 396 1083200817
378 254 1083200832
378 32 1083200861
145 88 1083200874
145 263 1083200895
32 378 1083201059
399 364 1083201297
399 382 1083201592
209 396 1083201641
399 126 1083201663
399 299 1083201731
399 375 1083201937
32 58 1083201953
378 32 1083201975
32 378 1083202107
399 59 1083202181
289 371 1083202315
399 386 1083202606
399 76 1083202747
398 378 1083202937
400 32 1083202966
74 379 1083202985
74 396 1083203084
398 378 1083203190
74 378 1083203199
399 365 1083203203
378 74 1083203297
398 378 1083203320
399 311 1083203733
48 311 1083203818
399 149 1083204152
373 308 1083204272
400 32 1083204525
316 355 1083204570
316 390 1083204591
398 378 1083204717
228 392 1083205140
373 308 1083205315
378 396 1083205607
396 378 1083205734
396 378 1083205749
378 396 1083206032
378 396 1083206084
400 396 1083206226
36 296 1083206638
12 175 1083206807
74 378 1083206863
36 128 1083206957
36 401 1083206976
400 396 1083206983
378 74 1083207011
74 378 1083207048
12 402 1083207078
396 74 1083207235
396 399 1083207320
12 402 1083207457
400 396 1083207501
12 402 1083207734
12 402 1083207761
400 396 1083208051
12 402 1083208124
212 303 1083208426
365 399 1083208549
400 396 1083208682
368 309 1083209008
400 396 1083209121
95 365 1083209298
9 175 1083209348
9 52 1083209365
9 8 1083209389
30 72 1083209396
310 97 1083209459
9 212 1083209613
403 8 1083209696
9 88 1083209949
9 34 1083209974
402 281 1083210040
323 281 1083210223
176 396 1083210712
303 212 1083211062
176 396 1083211091
303 389 1083211125
44 242 1083211146
176 263 1083211462
44 242 1083211519
393 191 1083211543
191 396 1083211552
8 403 1083211589
393 191 1083211594
396 191 1083211642
176 396 1083211667
396 191 1083211676
191 396 1083211681
393 191 1083211689
396 191 1083211753
9 8 1083211762
400 323 1083211820
176 396 1083211861
191 396 1083211874
396 191 1083211927
393 191 1083212059
41 263 1083212068
393 191 1083212147
176 396 1083212199
9 8 1083212227
384 300 1083212522
9 212 1083212657
6 404 1083212843
212 394 1083212880
176 396 1083213010
9 8 1083213046
176 396 1083213088
398 405 1083213365
176 396 1083213426
9 8 1083213475
176 396 1083213503
398 405 1083213517
176 396 1083213844
398 405 1083213846
9 34 1083213963
191 405 1083214153
398 405 1083214172
9 8 1083214215
9 212 1083214294
405 191 1083214344
398 405 1083214401
398 405 1083214559
314 281 1083214560
194 406 1083214602
103 396 1083214605
6 378 1083214688
398 405 1083214718
103 405 1083214769
378 6 1083214804
389 254 1083214842
389 62 1083214871
398 405 1083214873
389 303 1083214893
191 405 1083214923
398 405 1083214944
405 191 1083214986
398 405 1083215064
191 405 1083215136
405 191 1083215191
378 396 1083215223
79 365 1083215388
281 314 1083215393
281 402 1083215425
281 323 1083215449
41 407 1083215561
9 405 1083215575
404 132 1083215706
314 228 1083215792
314 281 1083215832
378 396 1083215863
212 303 1083216093
281 314 1083216169
297 62 1083216191
9 405 1083216267
378 396 1083216517
103 393 1083216541
9 405 1083216615
9 212 1083216703
297 62 1083216715
9 405 1083216975
74 408 1083217055
9 405 1083217059
378 396 1083217388
9 405 1083217442
409 50 1083217598
201 410 1083217655
410 201 1083217719
201 410 1083217766
201 52 1083217783
214 396 1083217837
41 396 1083217877
396 214 1083217905
214 396 1083217940
103 371 1083217978
396 214 1083217986
378 396 1083217998
103 371 1083218018
214 396 1083218105
378 396 1083218187
396 214 1083218208
308 281 1083218229
409 50 1083218239
41 396 1083218251
212 376 1083218255
281 308 1083218322
308 281 1083218393
214 396 1083218419
41 396 1083218471
396 214 1083218490
281 308 1083218587
214 396 1083218712
308 281 1083218732
308 32 1083218884
344 403 1083219067
396 214 1083219088
260 283 1083219132
214 396 1083219173
6 378 1083219431
281 308 1083219739
344 403 1083219783
308 281 1083219974
272 273 1083220154
63 337 1083220166
27 406 1083220177
297 272 1083220344
344 403 1083220406
344 403 1083220639
263 405 1083220671
344 403 1083220837
303 389 1083220890
3 308 1083221349
38 365 1083221365
368 394 1083221685
3 88 1083221936
321 411 1083222059
321 411 1083222067
88 3 1083222126
234 166 1083222313
321 412 1083222336
402 281 1083222424
307 368 1083222429
281 402 1083222471
212 303 1083222543
405 263 1083222547
103 344 1083222577
172 344 1083222617
9 212 1083222651
9 411 1083222672
9 411 1083222677
372 389 1083222749
372 407 1083222817
394 368 1083222824
409 263 1083222839
372 407 1083222841
368 394 1083222892
6 413 1083222937
321 405 1083222990
212 413 1083223010
131 393 1083223044
38 288 1083223049
131 191 1083223195
321 344 1083223298
27 414 1083223333
38 405 1083223357
389 303 1083223406
38 175 1083223474
415 329 1083223534
27 414 1083223584
414 396 1083223586
303 212 1083223638
413 6 1083223739
27 414 1083223832
83 368 1083223844
212 413 1083223894
6 413 1083224009
344 172 1083224016
27 414 1083224077
9 177 1083224185
325 344 1083224233
321 344 1083224246
27 414 1083224261
321 389 1083224328
69 6 1083224349
103 343 1083224372
38 405 1083224433
69 403 1083224483
27 414 1083224518
204 374 1083224586
38 177 1083224606
325 378 1083224673
212 413 1083224686
321 177 1083224695
317 281 1083224721
303 212 1083224744
321 72 1083224778
317 308 1083224793
212 413 1083224888
321 72 1083224967
416 212 1083225060
27 414 1083225112
27 414 1083225158
325 6 1083225437
281 352 1083225447
212 387 1083225461
6 325 1083225500
323 281 1083225523
212 416 1083225534
303 212 1083225668
32 308 1083225699
325 6 1083225713
6 325 1083225750
131 393 1083225796
67 410 1083225813
323 281 1083225819
67 410 1083225826
303 6 1083225849
303 6 1083225882
357 343 1083225937
67 396 1083225965
277 417 1083226006
357 405 1083226021
277 417 1083226034
131 393 1083226043
303 212 1083226088
212 416 1083226109
357 393 1083226123
67 378 1083226128
413 212 1083226153
357 63 1083226171
323 281 1083226183
131 393 1083226252
317 281 1083226317
317 281 1083226338
357 389 1083226361
311 365 1083226398
311 399 1083226473
212 413 1083226513
69 418 1083226522
317 281 1083226566
323 281 1083226573
41 407 1083226600
378 325 1083226728
413 212 1083226757
365 311 1083226772
378 67 1083226791
378 6 1083226840
378 325 1083226900
6 378 1083226933
27 414 1083226961
323 413 1083227096
378 6 1083227182
303 212 1083227216
96 74 1083227291
350 6 1083227343
41 407 1083227344
350 6 1083227387
212 376 1083227390
6 378 1083227395
350 6 1083227402
323 337 1083227468
52 201 1083227549
321 311 1083227747
323 356 1083227754
321 311 1083227755
212 413 1083227780
378 6 1083227796
376 6 1083227829
69 75 1083227852
335 72 1083227871
19 396 1083227879
3 51 1083227914
41 407 1083227927
3 51 1083227932
6 378 1083227956
6 376 1083227970
131 393 1083227981
335 50 1083227995
289 419 1083228130
335 278 1083228229
378 6 1083228241
6 378 1083228323
303 212 1083228343
161 162 1083228344
19 8 1083228374
378 6 1083228381
19 419 1083228508
249 8 1083228548
102 62 1083228595
325 378 1083228615
6 378 1083228627
325 378 1083228633
249 8 1083228674
321 52 1083228706
378 325 1083228717
44 19 1083228764
325 378 1083228771
249 8 1083228825
335 6 1083228826
378 6 1083228827
398 378 1083228861
378 325 1083228935
398 378 1083228946
96 74 1083228985
74 419 1083229006
398 378 1083229045
212 413 1083229086
398 368 1083229108
51 419 1083229110
44 129 1083229120
6 378 1083229121
398 378 1083229130
96 74 1083229147
335 6 1083229153
378 6 1083229162
228 311 1083229207
96 74 1083229222
3 51 1083229230
19 396 1083229246
6 378 1083229260
3 132 1083229270
398 378 1083229274
212 413 1083229327
398 405 1083229374
62 102 1083229450
335 6 1083229561
249 8 1083229563
212 413 1083229671
398 368 1083229682
303 212 1083229698
335 6 1083229743
51 3 1083229774
323 356 1083229785
36 296 1083229823
263 405 1083229875
398 368 1083229880
335 6 1083229906
323 102 1083229918
3 51 1083229949
335 6 1083230044
413 6 1083230107
212 51 1083230179
398 368 1083230195
294 51 1083230200
323 367 1083230229
335 6 1083230234
19 420 1083230262
19 420 1083230267
6 413 1083230307
323 421 1083230378
398 368 1083230422
294 51 1083230459
335 6 1083230466
413 6 1083230473
212 51 1083230516
398 6 1083230544
212 413 1083230557
368 294 1083230602
398 368 1083230662
335 263 1083230692
294 368 1083230754
145 281 1083230757
413 212 1083230764
368 294 1083230787
212 51 1083230814
398 368 1083230816
398 6 1083230861
335 6 1083230865
294 51 1083230895
132 3 1083230901
212 413 1083230929
378 6 1083230938
422 212 1083230975
398 368 1083231019
294 368 1083231024
3 132 1083231090
6 413 1083231106
294 288 1083231114
413 212 1083231139
288 294 1083231151
294 368 1083231176
102 62 1083231304
57 56 1083231316
413 6 1083231317
294 368 1083231344
263 311 1083231358
6 378 1083231362
372 407 1083231431
335 6 1083231449
372 389 1083231455
335 72 1083231550
294 368 1083231557
372 212 1083231587
6 413 1083231590
413 6 1083231656
372 389 1083231674
289 212 1083231682
256 48 1083231691
335 373 1083231710
372 72 1083231816
294 51 1083231837
378 6 1083231891
41 407 1083231903
340 56 1083231912
335 373 1083231930
335 6 1083231962
372 311 1083231982
372 233 1083232030
294 368 1083232037
335 174 1083232143
372 368 1083232248
405 263 1083232260
335 72 1083232403
263 405 1083232426
423 410 1083232434
423 410 1083232452
335 373 1083232469
372 368 1083232478
303 212 1083232586
144 283 1083232633
372 407 1083232641
405 263 1083232643
372 368 1083232697
335 115 1083232713
212 413 1083232727
413 212 1083232774
212 413 1083232817
335 60 1083232817
41 407 1083232820
6 413 1083232875
335 373 1083232880
372 212 1083232885
372 407 1083232915
6 378 1083232931
372 368 1083232951
335 60 1083232978
372 72 1083232997
228 378 1083233001
41 419 1083233052
69 373 1083233104
19 109 1083233106
373 311 1083233107
335 60 1083233118
176 419 1083233152
335 6 1083233192
69 373 1083233265
367 323 1083233343
69 228 1083233344
335 6 1083233393
144 48 1083233405
6 413 1083233405
372 72 1083233422
335 72 1083233493
144 338 1083233517
335 6 1083233519
41 407 1083233580
413 6 1083233637
372 212 1083233695
423 8 1083233715
372 72 1083233783
372 389 1083233829
144 413 1083233829
6 413 1083233878
389 68 1083233940
413 6 1083233951
321 212 1083233964
335 19 1083233986
228 386 1083233989
335 6 1083234049
335 72 1083234080
372 212 1083234110
372 72 1083234196
372 389 1083234230
372 389 1083234249
6 413 1083234303
423 97 1083234351
335 72 1083234367
423 128 1083234430
144 374 1083234431
72 372 1083234432
372 72 1083234479
335 6 1083234527
413 6 1083234563
335 72 1083234611
6 413 1083234656
72 372 1083234664
424 405 1083234686
300 384 1083234736
368 221 1083234758
212 372 1083234914
424 236 1083234961
335 6 1083235012
321 212 1083235033
372 212 1083235156
335 72 1083235159
372 72 1083235186
335 356 1083235335
72 372 1083235358
392 228 1083235473
372 212 1083235486
335 72 1083235487
368 236 1083235528
335 356 1083235563
236 368 1083235590
72 335 1083235626
356 335 1083235690
335 6 1083235699
335 356 1083235712
368 236 1083235797
236 368 1083235858
48 6 1083235881
6 335 1083235911
41 392 1083235927
176 392 1083236001
368 236 1083236005
413 6 1083236019
69 356 1083236041
48 6 1083236061
48 256 1083236089
6 413 1083236193
194 184 1083236229
48 6 1083236267
194 1 1083236330
48 6 1083236452
176 392 1083236576
194 296 1083236583
41 392 1083236626
48 6 1083236638
69 356 1083236722
176 392 1083236856
41 392 1083236965
176 392 1083237017
176 392 1083237065
103 392 1083237108
176 392 1083237176
48 6 1083237179
6 413 1083237302
41 392 1083237307
425 396 1083237327
176 392 1083237353
103 392 1083237361
422 335 1083237370
176 392 1083237424
425 378 1083237456
103 417 1083237472
48 6 1083237491
176 392 1083237525
41 392 1083237556
103 392 1083237566
176 392 1083237594
176 392 1083237719
103 392 1083237794
103 392 1083238210
103 392 1083238239
413 6 1083238386
103 392 1083238622
409 191 1083238636
409 50 1083238685
426 427 1083238697
103 392 1083238779
409 8 1083238807
6 413 1083238993
103 392 1083239194
409 194 1083239422
103 392 1083239491
409 6 1083239771
263 405 1083240046
409 260 1083240047
409 149 1083240172
409 413 1083240226
409 149 1083240338
234 391 1083241257
263 391 1083241604
338 386 1083242353
72 263 1083243666
329 415 1083245849
422 194 1083246241
