128 324 1083597169
128 236 1083597586
41 609 1083599940
398 144 1083599969
70 573 1083602948
462 103 1083604085
67 598 1083605197
67 607 1083605347
612 613 1083606301
321 300 1083607623
509 454 1083607636
422 62 1083608001
509 454 1083608008
316 355 1083609620
36 614 1083609761
355 316 1083610675
372 495 1083611287
372 527 1083611318
248 283 1083611399
615 616 1083611503
536 199 1083611678
536 422 1083611714
103 462 1083611738
605 308 1083611836
204 191 1083611974
598 67 1083612161
9 482 1083612250
598 32 1083612267
542 607 1083612304
536 532 1083612636
586 300 1083612925
449 456 1083613110
586 460 1083613134
145 147 1083613138
449 289 1083613177
449 266 1083613241
449 302 1083613281
586 607 1083613346
449 422 1083613390
609 607 1083613443
347 191 1083613646
132 103 1083613698
132 589 1083613843
132 449 1083613902
609 449 1083613940
72 611 1083614329
617 272 1083614462
27 414 1083614488
36 547 1083614636
456 449 1083614679
617 72 1083614826
596 72 1083615059
617 308 1083615208
386 387 1083615271
386 609 1083615421
212 48 1083615510
618 3 1083615744
399 76 1083615755
143 103 1083615896
399 299 1083615922
399 386 1083616003
399 365 1083616112
204 609 1083616268
395 394 1083616425
212 305 1083616575
617 308 1083616719
609 386 1083616959
610 325 1083616984
509 454 1083617299
593 228 1083617918
617 308 1083618077
454 509 1083618591
204 609 1083618626
30 103 1083618630
596 388 1083618645
462 103 1083618709
619 97 1083618721
495 540 1083618766
103 462 1083618930
88 427 1083619176
70 620 1083619312
596 62 1083619327
51 601 1083619333
103 462 1083619384
429 400 1083619473
27 620 1083619648
539 396 1083619706
621 593 1083620079
621 48 1083620480
414 607 1083620664
321 495 1083620758
103 149 1083620779
27 414 1083620873
19 65 1083621029
103 593 1083621044
621 593 1083621076
621 593 1083621301
119 596 1083621349
596 119 1083621550
509 454 1083621587
119 596 1083621696
27 414 1083621724
551 456 1083621802
289 449 1083621965
551 62 1083621993
596 119 1083622002
204 609 1083622158
277 414 1083622453
551 147 1083622473
27 414 1083622574
607 67 1083622632
607 609 1083622680
302 449 1083623061
607 542 1083623225
336 536 1083623246
468 594 1083623262
302 296 1083623279
9 177 1083623376
422 536 1083623526
277 468 1083623574
422 449 1083623620
460 608 1083623851
498 495 1083624054
303 212 1083624388
546 454 1083624489
622 607 1083624727
622 592 1083624970
52 368 1083625008
622 596 1083625073
365 399 1083625142
622 623 1083625161
454 509 1083625174
34 583 1083625545
583 34 1083625588
542 97 1083625635
542 607 1083625758
542 97 1083625797
619 97 1083625850
462 103 1083626062
605 302 1083626171
596 622 1083626291
619 475 1083626296
97 542 1083626363
542 97 1083626412
621 48 1083626425
542 325 1083626426
97 542 1083626450
621 593 1083626453
9 607 1083626539
542 97 1083626565
97 542 1083626746
542 97 1083626759
542 97 1083626791
97 542 1083626873
97 542 1083626900
234 583 1083626984
542 97 1083626986
624 452 1083627039
624 437 1083627054
583 234 1083627115
97 542 1083627164
542 97 1083627305
97 542 1083627334
616 615 1083627375
97 285 1083627417
542 97 1083627617
542 97 1083627642
495 498 1083627766
97 542 1083628089
176 101 1083628147
514 256 1083628176
53 456 1083628200
41 609 1083628349
41 603 1083628365
542 97 1083628391
97 542 1083628649
97 542 1083628723
41 598 1083628748
97 542 1083628812
542 97 1083628845
542 97 1083628888
542 97 1083628930
62 596 1083629048
97 542 1083629088
97 542 1083629121
325 542 1083629123
542 97 1083629160
542 325 1083629198
97 542 1083629212
325 542 1083629282
30 103 1083629423
325 625 1083630234
625 325 1083630504
536 336 1083630543
474 32 1083630578
363 454 1083630719
398 468 1083630845
325 625 1083630921
625 325 1083630984
625 325 1083631044
193 355 1083631167
193 389 1083631268
41 389 1083631439
625 325 1083631495
468 502 1083631593
193 616 1083631895
325 625 1083632029
625 325 1083632107
325 625 1083632269
625 325 1083632357
228 593 1083632370
372 508 1083632703
372 495 1083632811
325 625 1083632904
212 303 1083633065
212 303 1083633155
586 386 1083633164
586 607 1083633305
323 456 1083633454
514 626 1083633503
277 468 1083633519
555 626 1083633564
555 627 1083633586
509 454 1083633594
555 514 1083633634
555 514 1083633706
625 325 1083633751
372 495 1083633770
36 625 1083633770
611 72 1083633907
593 228 1083633934
603 628 1083633962
350 626 1083633962
325 625 1083634027
60 62 1083634152
72 611 1083634162
629 97 1083634163
625 325 1083634171
626 350 1083634175
625 630 1083634226
388 514 1083634258
625 607 1083634262
95 626 1083634359
514 388 1083634458
41 598 1083634476
350 626 1083634482
296 302 1083634540
388 514 1083634638
36 625 1083634651
502 468 1083634658
590 626 1083634811
36 625 1083634839
631 625 1083634999
388 596 1083635323
388 368 1083635467
325 625 1083635710
388 212 1083635743
555 388 1083635779
388 513 1083635793
555 388 1083635844
368 52 1083635886
555 388 1083635915
368 388 1083635962
626 590 1083636007
626 632 1083636089
625 325 1083636096
62 60 1083636133
555 570 1083636167
631 625 1083636359
555 306 1083636429
627 513 1083636452
555 318 1083636463
631 625 1083636487
60 62 1083636558
393 263 1083636746
631 633 1083636909
263 393 1083636913
393 263 1083636963
631 52 1083637184
634 626 1083637225
551 62 1083637285
514 59 1083637416
62 60 1083637459
414 475 1083637651
590 514 1083637784
144 635 1083637836
212 388 1083637845
388 212 1083638125
631 625 1083638358
468 502 1083638512
212 388 1083638606
277 468 1083638624
502 468 1083638779
447 254 1083638825
316 355 1083638845
620 27 1083638932
316 102 1083638938
388 212 1083639030
422 394 1083639095
422 607 1083639329
32 598 1083639341
297 422 1083639423
32 636 1083639492
32 626 1083639578
513 388 1083639804
636 6 1083639806
513 627 1083639820
636 6 1083639881
636 32 1083639907
636 6 1083639919
627 513 1083639935
636 590 1083639959
513 627 1083640005
636 626 1083640260
103 185 1083640284
599 636 1083640332
297 422 1083640432
103 462 1083640586
32 636 1083640717
283 628 1083641171
127 392 1083641345
124 97 1083641438
609 607 1083641665
606 569 1083641725
355 316 1083642077
551 62 1083642099
41 609 1083642153
475 283 1083642191
9 626 1083642272
323 636 1083642311
552 349 1083642416
551 147 1083642431
302 296 1083642495
277 124 1083642534
323 637 1083642547
551 124 1083642552
552 349 1083642569
447 254 1083642728
323 124 1083642872
297 422 1083642898
586 349 1083642948
551 124 1083642995
323 124 1083643022
626 32 1083643087
323 124 1083643265
626 636 1083643266
551 124 1083643331
283 248 1083643372
323 124 1083643417
103 392 1083643421
392 103 1083643436
638 637 1083643453
551 592 1083643455
323 124 1083643459
103 392 1083643529
392 103 1083643549
103 392 1083643634
8 32 1083643680
551 124 1083643689
323 124 1083643702
638 636 1083643719
103 183 1083643734
297 422 1083643759
103 538 1083643877
323 124 1083643957
475 283 1083643972
392 514 1083644080
6 636 1083644115
392 103 1083644127
103 392 1083644184
323 124 1083644189
638 321 1083644298
6 597 1083644340
639 103 1083644362
6 124 1083644376
639 321 1083644384
638 321 1083644410
9 127 1083644447
212 388 1083644450
220 321 1083644466
9 626 1083644468
124 6 1083644470
639 321 1083644487
124 6 1083644488
6 124 1083644520
323 124 1083644553
639 321 1083644615
639 6 1083644643
392 103 1083644704
639 321 1083644716
124 6 1083644730
639 6 1083644734
479 358 1083644776
321 392 1083644807
103 392 1083644816
475 283 1083644817
479 6 1083644834
6 124 1083644856
323 124 1083644862
392 321 1083644881
6 479 1083644892
639 321 1083644913
638 640 1083644964
479 6 1083645014
6 479 1083645050
321 392 1083645078
479 6 1083645089
392 321 1083645113
6 479 1083645120
583 124 1083645132
599 34 1083645136
321 392 1083645161
479 103 1083645287
392 321 1083645306
392 103 1083645333
321 392 1083645336
638 98 1083645352
639 321 1083645353
447 103 1083645362
103 392 1083645394
590 641 1083645402
392 321 1083645408
641 590 1083645469
277 103 1083645538
590 641 1083645554
639 479 1083645562
639 479 1083645670
277 103 1083645822
638 254 1083645849
639 479 1083645899
574 321 1083645901
321 392 1083645922
639 321 1083645935
209 355 1083646001
392 321 1083646032
323 281 1083646038
639 479 1083646040
639 321 1083646060
277 103 1083646098
638 254 1083646100
321 392 1083646181
639 479 1083646240
639 321 1083646257
638 254 1083646294
642 323 1083646294
236 128 1083646339
277 103 1083646351
41 638 1083646364
642 323 1083646379
447 103 1083646383
447 254 1083646399
639 479 1083646427
142 144 1083646436
6 591 1083646438
638 254 1083646466
639 479 1083646486
642 479 1083646535
323 68 1083646566
517 289 1083646651
639 479 1083646652
323 642 1083646652
574 321 1083646652
447 254 1083646660
638 254 1083646662
277 103 1083646684
277 321 1083646705
297 422 1083646795
555 517 1083646832
323 367 1083646832
277 321 1083646867
447 103 1083646882
277 103 1083646899
323 88 1083646903
447 254 1083646999
475 283 1083647078
599 34 1083647093
475 283 1083647095
447 254 1083647132
88 323 1083647136
454 363 1083647232
447 254 1083647244
323 88 1083647287
447 254 1083647438
447 103 1083647457
638 254 1083647459
32 8 1083647572
599 34 1083647585
447 254 1083647611
128 236 1083647715
638 254 1083647723
638 643 1083647842
389 193 1083647870
447 254 1083647895
638 278 1083647938
41 389 1083647968
595 567 1083647968
447 254 1083647971
638 254 1083647980
323 88 1083648003
599 34 1083648032
323 643 1083648058
34 502 1083648077
41 638 1083648078
316 355 1083648116
638 254 1083648125
638 254 1083648236
323 88 1083648325
321 595 1083648341
644 355 1083648352
638 254 1083648443
642 323 1083648458
642 212 1083648475
323 88 1083648526
642 323 1083648536
638 254 1083648537
367 323 1083648595
642 323 1083648651
323 367 1083648656
463 532 1083648683
638 254 1083648715
642 323 1083648715
475 283 1083648751
642 323 1083648760
88 323 1083648762
41 389 1083648813
463 252 1083648841
474 479 1083648848
475 502 1083648901
475 502 1083648918
41 389 1083648970
642 645 1083649018
422 389 1083649047
323 88 1083649078
502 34 1083649095
389 422 1083649146
41 389 1083649197
599 34 1083649243
41 389 1083649303
422 389 1083649340
389 422 1083649402
41 389 1083649411
323 88 1083649459
646 72 1083649477
422 389 1083649504
475 283 1083649553
638 102 1083649558
646 289 1083649562
34 502 1083649579
194 583 1083649621
389 422 1083649660
41 389 1083649675
194 583 1083649682
514 590 1083649690
194 325 1083649695
502 34 1083649751
646 289 1083649779
422 389 1083649790
194 456 1083649798
646 72 1083649836
6 642 1083649875
316 355 1083649882
194 296 1083649894
323 289 1083649899
194 303 1083649920
321 466 1083649948
646 289 1083649949
514 463 1083649967
389 422 1083649971
646 212 1083650015
194 583 1083650073
422 389 1083650107
376 481 1083650131
389 422 1083650137
41 389 1083650161
574 266 1083650164
88 323 1083650170
646 638 1083650178
594 468 1083650189
642 6 1083650208
422 389 1083650219
646 323 1083650231
323 88 1083650323
297 422 1083650351
646 323 1083650362
389 422 1083650363
514 376 1083650377
297 272 1083650398
41 389 1083650444
509 454 1083650444
220 266 1083650457
194 583 1083650645
498 495 1083650743
646 638 1083650777
646 323 1083650815
599 321 1083650859
638 74 1083650866
124 6 1083650905
263 647 1083650943
621 321 1083650974
263 647 1083650979
219 321 1083651057
34 502 1083651076
646 323 1083651081
74 617 1083651134
323 124 1083651254
481 376 1083651266
612 626 1083651302
599 321 1083651304
219 321 1083651344
621 321 1083651449
266 638 1083651470
74 607 1083651476
648 627 1083651497
36 259 1083651509
648 514 1083651509
194 583 1083651516
646 323 1083651544
194 325 1083651549
627 649 1083651563
638 266 1083651579
219 321 1083651594
621 48 1083651617
514 649 1083651629
590 440 1083651645
41 389 1083651686
648 368 1083651687
638 141 1083651697
88 323 1083651704
263 642 1083651719
626 649 1083651738
621 593 1083651782
646 638 1083651782
323 124 1083651803
481 59 1083651805
219 321 1083651826
646 323 1083651853
481 452 1083651856
57 596 1083651870
649 626 1083651875
323 88 1083651885
649 514 1083651897
626 649 1083651945
599 34 1083651961
646 650 1083651963
599 321 1083651982
648 368 1083651983
62 367 1083652005
62 162 1083652029
648 626 1083652037
649 626 1083652045
648 388 1083652071
219 321 1083652079
638 74 1083652081
502 34 1083652086
481 378 1083652127
626 649 1083652130
481 566 1083652150
74 638 1083652164
38 177 1083652165
162 368 1083652169
297 422 1083652181
481 396 1083652213
393 62 1083652239
638 74 1083652298
62 393 1083652325
38 128 1083652326
372 508 1083652340
649 626 1083652375
649 626 1083652407
646 220 1083652412
514 626 1083652414
38 502 1083652486
646 220 1083652487
626 514 1083652537
551 124 1083652556
646 651 1083652560
481 638 1083652564
646 647 1083652583
140 574 1083652586
431 323 1083652590
648 514 1083652590
219 321 1083652615
638 481 1083652666
648 649 1083652671
626 649 1083652696
638 481 1083652731
551 62 1083652742
214 584 1083652744
38 475 1083652810
638 481 1083652851
532 536 1083652852
277 74 1083652855
214 626 1083652906
38 475 1083652911
6 124 1083652923
588 636 1083652945
588 440 1083652959
588 51 1083652966
38 475 1083652967
646 638 1083653006
38 475 1083653020
638 481 1083653026
646 323 1083653040
34 502 1083653062
646 651 1083653077
514 649 1083653102
38 475 1083653126
38 475 1083653164
38 475 1083653216
648 590 1083653229
38 475 1083653249
38 475 1083653272
646 323 1083653325
38 475 1083653335
596 57 1083653342
481 517 1083653412
587 588 1083653413
38 475 1083653459
88 323 1083653464
551 62 1083653486
266 475 1083653514
646 323 1083653539
475 266 1083653577
38 475 1083653584
367 323 1083653604
266 475 1083653630
648 649 1083653657
266 220 1083653668
409 34 1083653683
266 626 1083653713
266 571 1083653749
323 88 1083653761
266 289 1083653774
266 651 1083653782
212 305 1083653783
266 437 1083653790
38 475 1083653794
266 124 1083653808
475 266 1083653818
38 101 1083653849
266 243 1083653855
266 112 1083653863
266 577 1083653876
266 429 1083653898
266 367 1083653907
38 475 1083653915
214 475 1083653922
323 367 1083653950
266 652 1083653952
266 481 1083653962
502 34 1083653967
475 214 1083653970
266 653 1083653972
266 8 1083653995
643 638 1083654299
596 388 1083654459
638 643 1083654532
38 475 1083654552
596 62 1083654581
266 645 1083654583
38 128 1083654594
266 650 1083654595
214 475 1083654600
266 388 1083654634
266 368 1083654643
574 140 1083654651
266 321 1083654653
368 162 1083654654
266 573 1083654672
266 48 1083654686
27 620 1083654688
654 514 1083654692
27 414 1083654703
266 542 1083654741
475 214 1083654765
649 289 1083654780
38 475 1083654785
214 475 1083654792
266 596 1083654844
266 482 1083654877
475 214 1083654884
38 475 1083654912
214 475 1083654926
266 72 1083654932
266 214 1083654944
103 299 1083654960
266 557 1083654973
372 652 1083654974
266 649 1083654986
131 638 1083654997
266 299 1083655038
266 502 1083655053
266 242 1083655066
475 214 1083655073
38 475 1083655075
266 103 1083655093
38 475 1083655097
654 514 1083655100
266 627 1083655124
266 325 1083655182
266 590 1083655197
214 475 1083655197
266 554 1083655209
212 289 1083655220
38 475 1083655245
636 371 1083655256
266 228 1083655273
648 649 1083655283
266 172 1083655287
289 649 1083655297
266 583 1083655300
212 289 1083655308
38 475 1083655309
266 522 1083655311
636 626 1083655343
654 228 1083655355
649 289 1083655356
1 477 1083655366
266 72 1083655369
38 475 1083655406
3 618 1083655411
214 101 1083655455
99 626 1083655474
372 103 1083655509
648 649 1083655520
38 475 1083655523
372 652 1083655533
228 626 1083655568
638 482 1083655569
323 367 1083655575
574 652 1083655615
266 72 1083655621
323 636 1083655621
638 482 1083655640
569 372 1083655655
555 463 1083655665
475 214 1083655679
596 62 1083655680
38 626 1083655684
372 103 1083655713
638 482 1083655787
574 652 1083655797
555 62 1083655847
38 475 1083655871
289 649 1083655890
127 475 1083655890
596 62 1083655896
212 576 1083655944
654 481 1083655946
212 576 1083655950
38 475 1083655951
212 576 1083655959
638 482 1083655980
612 502 1083655981
372 103 1083656002
475 127 1083656035
342 194 1083656044
649 289 1083656116
619 475 1083656155
648 513 1083656232
372 103 1083656235
574 652 1083656247
38 475 1083656268
277 649 1083656288
38 475 1083656306
638 482 1083656313
652 72 1083656320
277 74 1083656337
654 254 1083656356
103 63 1083656357
652 574 1083656385
38 475 1083656388
557 302 1083656391
323 68 1083656392
228 593 1083656424
619 194 1083656432
72 652 1083656437
38 475 1083656459
281 323 1083656468
574 652 1083656486
285 422 1083656494
638 482 1083656531
281 323 1083656553
38 475 1083656563
652 72 1083656567
38 475 1083656606
652 574 1083656620
38 475 1083656653
254 343 1083656665
574 652 1083656706
372 437 1083656711
38 475 1083656716
38 475 1083656749
596 644 1083656753
652 574 1083656769
574 652 1083656784
567 595 1083656796
638 482 1083656801
648 368 1083656847
72 652 1083656914
654 254 1083656923
38 475 1083656926
638 48 1083656954
638 482 1083656965
495 372 1083656967
38 475 1083657005
228 392 1083657013
638 48 1083657014
652 72 1083657018
38 475 1083657026
495 498 1083657027
456 194 1083657030
254 495 1083657037
655 656 1083657053
648 349 1083657053
655 656 1083657059
323 281 1083657062
638 48 1083657073
655 657 1083657079
259 638 1083657085
474 32 1083657107
456 194 1083657131
266 658 1083657145
655 636 1083657160
659 660 1083657171
266 661 1083657183
659 660 1083657189
655 662 1083657190
495 254 1083657199
323 68 1083657203
266 663 1083657203
655 664 1083657210
254 626 1083657216
655 665 1083657220
266 666 1083657228
655 645 1083657241
626 228 1083657248
72 652 1083657249
655 632 1083657253
667 658 1083657255
281 323 1083657265
654 254 1083657275
655 627 1083657279
38 475 1083657283
655 626 1083657287
655 640 1083657295
655 668 1083657302
655 669 1083657310
266 642 1083657313
655 630 1083657317
655 633 1083657322
38 475 1083657332
418 642 1083657333
266 637 1083657341
655 670 1083657356
648 368 1083657358
655 671 1083657361
38 475 1083657369
514 405 1083657371
655 672 1083657374
131 527 1083657401
626 99 1083657407
254 495 1083657409
619 596 1083657412
67 598 1083657440
654 652 1083657450
323 281 1083657457
38 475 1083657469
371 636 1083657483
38 475 1083657490
652 72 1083657493
323 68 1083657520
323 68 1083657524
9 569 1083657528
619 596 1083657531
38 475 1083657560
617 272 1083657586
6 278 1083657591
514 517 1083657596
372 495 1083657644
673 254 1083657644
654 652 1083657696
372 673 1083657700
38 475 1083657738
176 475 1083657753
619 661 1083657755
323 68 1083657764
281 323 1083657786
605 272 1083657788
617 74 1083657804
254 673 1083657810
652 654 1083657811
349 655 1083657820
673 372 1083657838
349 655 1083657842
72 652 1083657856
323 281 1083657867
654 652 1083657885
673 254 1083657893
323 68 1083657896
431 323 1083657927
259 256 1083658010
176 515 1083658015
652 654 1083658046
12 101 1083658061
254 673 1083658068
281 323 1083658089
12 527 1083658093
99 626 1083658094
652 72 1083658098
615 616 1083658101
605 266 1083658109
654 652 1083658126
252 463 1083658146
12 175 1083658177
323 68 1083658182
422 285 1083658183
259 343 1083658188
655 349 1083658195
254 344 1083658196
652 654 1083658200
6 603 1083658218
673 254 1083658252
323 281 1083658262
636 371 1083658271
73 343 1083658294
654 652 1083658301
615 666 1083658308
393 62 1083658317
145 479 1083658333
626 99 1083658333
431 323 1083658359
605 103 1083658370
103 673 1083658375
259 48 1083658382
323 281 1083658395
371 636 1083658401
654 456 1083658410
6 73 1083658420
297 422 1083658424
605 266 1083658430
281 323 1083658455
456 654 1083658466
652 654 1083658503
673 103 1083658532
394 422 1083658549
652 654 1083658571
605 103 1083658584
323 281 1083658608
297 422 1083658667
254 673 1083658668
654 652 1083658670
654 456 1083658703
73 6 1083658715
62 393 1083658730
638 482 1083658732
652 654 1083658733
259 242 1083658761
638 48 1083658778
599 511 1083658791
456 654 1083658814
673 254 1083658815
259 299 1083658819
103 673 1083658820
654 99 1083658821
12 658 1083658842
281 323 1083658850
254 673 1083658878
654 456 1083658880
673 103 1083658881
605 289 1083658907
12 658 1083658927
652 654 1083658944
673 254 1083658946
103 673 1083658981
422 394 1083658987
277 496 1083658989
654 652 1083658992
605 103 1083659011
323 281 1083659013
254 673 1083659017
605 289 1083659051
515 194 1083659057
654 456 1083659070
674 302 1083659080
496 475 1083659096
673 103 1083659101
673 254 1083659116
297 422 1083659129
41 658 1083659142
176 475 1083659151
652 654 1083659156
349 655 1083659179
12 658 1083659203
41 598 1083659210
277 496 1083659215
199 536 1083659226
605 103 1083659228
281 323 1083659260
551 456 1083659262
103 673 1083659267
605 289 1083659286
6 73 1083659293
482 194 1083659297
654 652 1083659297
41 658 1083659301
6 73 1083659308
254 598 1083659338
12 658 1083659343
481 6 1083659344
673 289 1083659363
277 496 1083659385
496 437 1083659386
372 673 1083659392
673 103 1083659400
323 281 1083659409
12 8 1083659417
289 673 1083659422
673 372 1083659446
297 422 1083659461
103 673 1083659477
277 299 1083659490
74 73 1083659493
617 456 1083659500
605 289 1083659503
673 289 1083659512
456 654 1083659520
673 103 1083659527
73 6 1083659533
6 481 1083659542
73 74 1083659544
388 596 1083659553
6 73 1083659560
211 194 1083659654
652 654 1083659654
277 496 1083659662
211 194 1083659670
617 516 1083659675
654 456 1083659683
12 658 1083659712
289 673 1083659754
53 456 1083659768
555 62 1083659768
51 314 1083659783
194 482 1083659790
605 103 1083659792
481 6 1083659848
280 321 1083659876
654 652 1083660034
640 638 1083660187
555 147 1083660310
372 673 1083660650
372 673 1083660716
103 673 1083660718
254 299 1083660795
103 675 1083660807
317 368 1083660816
555 62 1083660826
422 194 1083660833
642 263 1083660839
321 280 1083660867
642 418 1083660890
479 314 1083660892
321 675 1083660893
317 6 1083660915
605 103 1083660916
496 658 1083660920
277 673 1083660926
277 514 1083660946
252 6 1083660963
277 496 1083660988
555 676 1083660989
12 8 1083660995
673 103 1083661012
277 673 1083661014
631 463 1083661043
555 676 1083661068
555 676 1083661074
658 496 1083661084
277 673 1083661099
673 289 1083661102
317 308 1083661129
73 6 1083661133
605 103 1083661185
496 658 1083661195
617 340 1083661246
605 74 1083661247
638 640 1083661271
277 673 1083661292
605 103 1083661306
424 495 1083661326
297 422 1083661362
525 211 1083661368
638 640 1083661418
525 51 1083661422
638 640 1083661440
525 103 1083661447
323 68 1083661483
242 259 1083661492
652 654 1083661498
638 48 1083661528
605 74 1083661551
617 254 1083661553
317 6 1083661559
482 194 1083661563
323 68 1083661598
248 603 1083661620
51 525 1083661636
9 8 1083661683
297 422 1083661686
496 523 1083661688
525 51 1083661689
355 316 1083661691
6 252 1083661713
69 6 1083661713
69 119 1083661732
605 74 1083661737
9 640 1083661743
9 636 1083661751
667 658 1083661808
355 316 1083661813
617 677 1083661820
69 6 1083661823
51 525 1083661837
396 481 1083661837
317 6 1083661837
9 640 1083661839
642 325 1083661847
99 654 1083661863
99 626 1083661875
323 68 1083661880
9 640 1083661886
667 658 1083661887
667 658 1083661895
212 642 1083661906
596 388 1083661912
479 212 1083661932
99 654 1083661943
658 496 1083661946
212 479 1083661952
617 640 1083661958
640 617 1083661961
9 640 1083661976
525 51 1083661981
617 640 1083662010
9 8 1083662017
325 642 1083662038
605 74 1083662092
51 525 1083662119
617 640 1083662123
652 302 1083662139
212 479 1083662144
636 388 1083662148
642 325 1083662170
388 636 1083662186
468 594 1083662197
555 502 1083662197
605 74 1083662200
636 388 1083662212
9 658 1083662223
555 654 1083662232
605 272 1083662240
9 638 1083662264
617 272 1083662267
277 468 1083662276
555 636 1083662290
525 51 1083662311
323 636 1083662335
9 8 1083662344
323 68 1083662345
588 51 1083662347
631 662 1083662349
555 306 1083662380
323 640 1083662384
277 652 1083662394
639 642 1083662405
316 355 1083662406
212 642 1083662409
323 636 1083662416
617 640 1083662419
660 659 1083662438
323 640 1083662450
277 652 1083662459
323 640 1083662485
103 525 1083662489
51 525 1083662496
431 323 1083662498
617 74 1083662518
640 323 1083662572
325 642 1083662576
588 51 1083662582
639 481 1083662594
9 569 1083662608
317 316 1083662612
176 475 1083662613
323 640 1083662614
323 640 1083662614
9 389 1083662635
431 323 1083662637
640 323 1083662650
525 51 1083662671
181 454 1083662678
277 652 1083662693
323 640 1083662717
525 103 1083662722
72 678 1083662737
525 103 1083662789
317 325 1083662792
334 128 1083662800
431 323 1083662805
277 652 1083662811
181 495 1083662811
640 323 1083662833
259 242 1083662842
588 51 1083662887
323 640 1083662894
51 525 1083662901
617 487 1083662906
323 640 1083662910
640 323 1083662932
323 68 1083662947
317 325 1083662963
588 440 1083662990
323 640 1083662995
278 638 1083663006
317 316 1083663007
617 74 1083663009
51 525 1083663025
278 6 1083663065
277 583 1083663073
640 323 1083663079
679 162 1083663094
316 325 1083663096
617 112 1083663103
439 636 1083663115
334 128 1083663140
323 640 1083663214
9 8 1083663244
323 68 1083663265
325 316 1083663275
323 640 1083663290
259 256 1083663306
316 325 1083663325
367 323 1083663329
323 640 1083663335
439 440 1083663337
573 184 1083663340
638 278 1083663349
617 640 1083663358
181 355 1083663361
323 367 1083663366
325 316 1083663368
431 323 1083663370
662 625 1083663388
525 51 1083663392
74 617 1083663404
679 404 1083663411
323 68 1083663444
367 323 1083663458
51 525 1083663478
51 525 1083663494
640 617 1083663523
323 367 1083663536
617 487 1083663556
323 640 1083663559
74 680 1083663563
316 325 1083663572
405 514 1083663573
617 640 1083663580
9 8 1083663583
9 409 1083663596
51 525 1083663614
640 617 1083663631
323 367 1083663664
679 132 1083663686
681 588 1083663692
323 640 1083663696
525 51 1083663700
325 316 1083663715
679 132 1083663724
525 51 1083663728
617 74 1083663747
300 368 1083663754
367 323 1083663765
323 181 1083663779
95 682 1083663779
289 638 1083663779
646 673 1083663794
323 367 1083663802
103 525 1083663821
638 289 1083663825
300 321 1083663830
525 103 1083663837
176 475 1083663845
617 640 1083663870
367 323 1083663882
638 289 1083663884
617 640 1083663886
103 525 1083663906
316 325 1083663910
487 658 1083663917
323 68 1083663930
355 181 1083663934
487 658 1083663935
68 3 1083663938
525 103 1083663954
297 272 1083663969
51 525 1083663975
680 74 1083663980
368 300 1083663995
525 51 1083664017
323 367 1083664025
646 673 1083664031
323 68 1083664053
181 355 1083664119
681 588 1083664135
74 680 1083664153
181 323 1083664184
259 289 1083664220
539 425 1083664230
605 263 1083664233
51 525 1083664283
325 316 1083664352
525 51 1083664371
323 68 1083664383
248 375 1083664400
68 323 1083664408
681 588 1083664457
316 74 1083664531
181 598 1083664573
642 325 1083664583
316 325 1083664659
68 323 1083664660
344 254 1083664680
308 540 1083664701
355 316 1083664724
316 355 1083664767
323 68 1083664813
525 103 1083664854
323 68 1083664898
355 181 1083664904
44 456 1083664904
74 316 1083664947
355 316 1083664957
323 642 1083664958
181 323 1083664966
325 316 1083665011
513 636 1083665012
316 74 1083665035
513 641 1083665043
181 355 1083665088
316 355 1083665100
74 316 1083665121
638 88 1083665186
44 432 1083665201
316 325 1083665246
44 74 1083665300
74 316 1083665319
487 437 1083665331
181 316 1083665345
487 437 1083665368
487 437 1083665377
316 74 1083665380
316 181 1083665410
625 662 1083665476
181 396 1083665476
316 74 1083665477
176 475 1083665478
355 181 1083665491
181 316 1083665506
325 316 1083665520
355 316 1083665534
415 436 1083665537
181 355 1083665556
316 181 1083665558
74 316 1083665567
651 97 1083665576
316 325 1083665610
683 413 1083665642
651 638 1083665668
638 651 1083665688
683 413 1083665707
316 355 1083665736
323 68 1083665788
316 74 1083665831
555 502 1083665839
325 316 1083665876
603 6 1083665879
605 413 1083665881
638 651 1083665917
603 248 1083665929
413 683 1083666015
172 684 1083666024
396 181 1083666082
683 413 1083666090
605 413 1083666105
513 588 1083666109
316 325 1083666135
625 534 1083666154
513 388 1083666165
334 128 1083666196
603 248 1083666219
683 72 1083666230
325 316 1083666232
413 683 1083666290
588 513 1083666306
242 259 1083666335
367 323 1083666348
388 513 1083666359
605 413 1083666382
631 335 1083666385
72 683 1083666397
631 115 1083666409
242 638 1083666421
638 242 1083666445
128 685 1083666447
631 596 1083666463
683 413 1083666574
607 74 1083666590
6 278 1083666596
647 263 1083666614
605 413 1083666624
6 603 1083666629
388 590 1083666734
439 513 1083666759
413 683 1083666760
605 413 1083666770
263 647 1083666803
355 193 1083666836
325 632 1083666864
605 263 1083666883
683 413 1083666887
323 367 1083666955
413 683 1083666961
605 413 1083666994
323 68 1083666996
212 236 1083667019
605 263 1083667040
683 413 1083667084
605 263 1083667115
683 72 1083667131
631 625 1083667212
555 391 1083667224
367 323 1083667273
555 502 1083667303
603 375 1083667317
683 413 1083667326
440 588 1083667332
605 413 1083667339
422 375 1083667356
181 316 1083667430
252 607 1083667437
181 396 1083667486
588 440 1083667544
605 413 1083667573
375 283 1083667599
375 603 1083667611
683 413 1083667797
440 588 1083667798
63 95 1083667804
588 560 1083667822
590 388 1083667825
236 128 1083667831
588 440 1083667839
440 588 1083667866
605 413 1083667900
496 316 1083667906
632 325 1083667908
248 603 1083667915
588 440 1083667917
632 626 1083667925
325 632 1083667948
413 683 1083667983
496 683 1083668003
236 212 1083668011
632 325 1083668013
413 683 1083668046
248 375 1083668048
375 248 1083668053
440 588 1083668067
375 248 1083668086
496 101 1083668100
72 683 1083668101
248 375 1083668133
588 440 1083668149
605 413 1083668160
323 68 1083668259
496 588 1083668275
375 248 1083668294
323 367 1083668308
325 632 1083668320
496 375 1083668334
588 496 1083668344
323 68 1083668358
605 413 1083668358
375 496 1083668367
323 367 1083668377
323 68 1083668409
72 677 1083668409
496 588 1083668423
323 98 1083668441
496 375 1083668443
632 325 1083668459
588 496 1083668463
176 248 1083668478
325 632 1083668489
683 413 1083668491
323 181 1083668492
496 588 1083668523
632 325 1083668545
686 72 1083668559
297 422 1083668574
388 590 1083668629
413 683 1083668726
605 413 1083668789
683 413 1083668925
686 72 1083669053
413 683 1083669082
686 72 1083669159
605 413 1083669165
351 658 1083669216
351 658 1083669225
325 683 1083669248
686 640 1083669249
683 413 1083669274
683 325 1083669309
413 683 1083669333
325 683 1083669447
540 308 1083669518
252 687 1083669565
683 325 1083669569
683 413 1083669625
540 306 1083669685
413 683 1083669819
687 212 1083669838
48 683 1083669862
191 239 1083669979
594 468 1083670107
68 607 1083670144
683 413 1083670181
683 48 1083670193
683 194 1083670250
194 683 1083670320
194 482 1083670354
413 683 1083670358
194 422 1083670364
194 515 1083670381
683 194 1083670428
683 48 1083670444
194 683 1083670533
683 413 1083670602
683 194 1083670713
413 683 1083670779
72 683 1083670805
683 72 1083671038
62 688 1083671119
677 72 1083671130
687 638 1083671151
683 413 1083671195
325 683 1083671214
72 683 1083671228
683 194 1083671252
413 654 1083671294
683 72 1083671331
72 677 1083671349
72 683 1083671461
413 683 1083671465
388 513 1083671556
683 72 1083671660
666 689 1083671821
683 413 1083671835
413 683 1083672064
594 475 1083672251
252 472 1083672259
252 387 1083672289
683 413 1083672300
72 683 1083672382
555 502 1083672393
413 683 1083672446
72 688 1083672450
655 349 1083672523
683 72 1083672544
297 422 1083672600
194 683 1083672610
194 422 1083672619
683 413 1083672667
683 194 1083672757
413 683 1083672836
555 545 1083672839
103 683 1083672868
555 641 1083672924
683 103 1083672933
688 72 1083672942
409 236 1083672967
683 413 1083672973
103 683 1083673006
688 103 1083673031
413 683 1083673070
103 688 1083673137
413 690 1083673240
688 103 1083673293
683 103 1083673352
103 683 1083673363
252 638 1083673412
683 413 1083673512
413 683 1083673665
194 683 1083673824
683 413 1083673842
683 194 1083673939
72 683 1083674015
413 683 1083674023
683 72 1083674155
688 260 1083674381
72 683 1083674415
683 413 1083674429
683 72 1083674539
413 683 1083674738
72 683 1083674820
683 413 1083675233
683 72 1083675320
413 683 1083675431
683 72 1083675437
683 413 1083675579
520 321 1083675653
72 683 1083675653
413 683 1083675772
683 72 1083675813
683 413 1083675927
413 683 1083676171
72 683 1083676244
683 413 1083676441
683 72 1083676543
683 72 1083676560
72 683 1083676584
413 683 1083676669
72 683 1083676684
683 413 1083676798
683 72 1083676849
413 683 1083677198
72 683 1083677232
683 72 1083677414
72 683 1083677494
683 413 1083677879
413 683 1083677972
683 413 1083678072
