114 770 1085670463
712 704 1085671959
352 503 1085672894
1132 341 1085673258
1132 1156 1085673401
32 128 1085674090
697 542 1085674179
415 808 1085674494
296 194 1085674687
114 770 1085674770
392 1295 1085675179
1313 1406 1085675480
74 561 1085675621
871 1313 1085675857
1313 507 1085675900
1313 507 1085676108
1272 697 1085676193
821 1406 1085676261
317 307 1085676295
1183 42 1085676402
871 495 1085676407
470 1260 1085676931
454 1369 1085677078
741 542 1085677266
952 1328 1085677282
1328 952 1085677330
952 1326 1085677648
281 317 1085677780
952 1328 1085677851
398 317 1085677852
128 32 1085677976
431 605 1085678030
303 513 1085678068
431 1402 1085678070
1328 952 1085678093
952 1328 1085678277
105 337 1085678364
1328 952 1085678443
337 105 1085678606
483 821 1085678713
809 1072 1085678993
1072 809 1085679095
821 483 1085679158
809 1072 1085679257
502 128 1085679309
1062 42 1085679327
502 1438 1085679355
576 792 1085679584
342 502 1085679590
502 342 1085679618
342 502 1085679687
398 502 1085679742
502 398 1085679776
398 502 1085679811
1177 561 1085679852
332 908 1085679883
332 919 1085679928
809 1072 1085679941
332 1393 1085679946
800 740 1085680043
809 1072 1085680075
740 800 1085680086
740 800 1085680142
800 740 1085680148
800 740 1085680162
1373 62 1085680215
204 714 1085680259
1062 1453 1085680288
1062 1451 1085680331
1062 1455 1085680398
1062 1444 1085680435
576 254 1085680523
367 105 1085680724
598 342 1085680781
105 337 1085680805
224 1402 1085680860
1402 224 1085680900
105 367 1085680926
224 1402 1085680931
431 1402 1085681004
249 1402 1085681040
367 317 1085681054
105 398 1085681141
317 367 1085681181
431 738 1085681188
367 105 1085681241
105 398 1085681358
1365 1393 1085681364
189 307 1085681368
367 317 1085681391
254 576 1085681456
353 1062 1085681462
704 712 1085681567
105 367 1085681601
63 1174 1085681638
771 1406 1085681638
706 840 1085681650
317 367 1085681686
1018 1217 1085681695
706 63 1085681709
706 523 1085681757
1241 840 1085681823
1434 725 1085681898
367 105 1085681903
1072 809 1085681943
1434 1110 1085682002
105 367 1085682044
367 317 1085682062
204 509 1085682090
249 547 1085682093
204 1239 1085682134
547 249 1085682148
1434 1379 1085682188
249 523 1085682234
523 706 1085682267
523 249 1085682284
1269 204 1085682336
1434 881 1085682340
706 523 1085682410
261 835 1085682423
317 367 1085682431
1434 1174 1085682450
1280 725 1085682458
1269 635 1085682477
1269 1452 1085682511
1269 1402 1085682533
1269 1456 1085682566
1269 932 1085682592
1434 865 1085682601
1269 530 1085682616
706 990 1085682618
146 1 1085682641
1269 371 1085682659
843 372 1085682670
1269 818 1085682697
1269 764 1085682729
1269 1223 1085682763
1269 52 1085682778
1434 547 1085682787
1269 544 1085682799
1269 987 1085682818
1269 123 1085682844
1269 1142 1085682900
1269 626 1085682934
1269 1092 1085682955
843 1406 1085682971
1269 1053 1085682982
1269 1457 1085683000
683 479 1085683006
367 317 1085683015
1269 1372 1085683024
1269 1458 1085683044
1269 1459 1085683061
1269 1459 1085683070
1269 887 1085683094
1269 380 1085683119
1269 1232 1085683158
1189 238 1085683185
1269 1316 1085683208
1269 96 1085683227
1269 457 1085683313
1269 86 1085683337
1269 166 1085683359
1269 1460 1085683386
1269 8 1085683444
1269 101 1085683458
1269 36 1085683467
135 42 1085683575
1179 596 1085683597
706 740 1085683665
770 1196 1085683670
483 821 1085683687
105 398 1085683744
770 135 1085683763
135 42 1085683770
1338 252 1085683786
770 683 1085683918
1189 843 1085684003
105 398 1085684014
626 1269 1085684041
1189 626 1085684158
532 536 1085684163
958 704 1085684166
1415 1425 1085684168
105 398 1085684222
770 683 1085684263
770 1021 1085684290
770 1248 1085684325
1269 626 1085684397
1272 1403 1085684407
586 1391 1085684440
770 523 1085684491
204 1269 1085684519
770 204 1085684540
105 398 1085684607
1269 204 1085684638
254 297 1085684698
204 1269 1085684707
1269 204 1085684778
36 1269 1085684782
36 189 1085684799
204 1269 1085684813
1269 36 1085684821
105 398 1085684873
105 1373 1085684943
770 1103 1085684974
1269 204 1085684974
1382 710 1085685169
105 398 1085685194
800 706 1085685223
938 733 1085685248
465 398 1085685291
1274 792 1085685293
540 502 1085685343
42 135 1085685347
135 42 1085685403
105 1373 1085685444
42 135 1085685483
135 42 1085685527
105 1027 1085685532
105 1027 1085685542
105 1373 1085685563
1189 473 1085685651
1189 714 1085685814
105 1338 1085685815
105 1338 1085685901
1174 63 1085685920
1425 1415 1085685986
576 254 1085685995
249 523 1085686000
576 254 1085686011
297 254 1085686086
57 596 1085686093
105 1338 1085686110
576 1189 1085686135
105 1118 1085686145
105 1118 1085686205
342 598 1085686242
105 1373 1085686400
576 1189 1085686407
536 532 1085686420
105 1118 1085686446
105 1118 1085686546
615 1425 1085686569
893 993 1085686713
576 1189 1085686789
576 1189 1085686822
576 1189 1085686936
1189 576 1085687113
1189 576 1085687140
346 204 1085687186
1189 1280 1085687318
1189 546 1085687354
252 1338 1085687359
1189 346 1085687428
1280 1189 1085687480
1189 1280 1085687543
1283 1373 1085687602
105 1402 1085687648
1280 1189 1085687657
1291 610 1085687712
1189 1280 1085687744
128 1267 1085687770
105 52 1085687772
821 483 1085687784
128 706 1085687824
128 502 1085687853
1440 1183 1085687926
1440 288 1085687952
105 626 1085688038
105 1372 1085688091
713 1241 1085688119
713 372 1085688155
431 605 1085688188
105 576 1085688231
1280 1189 1085688246
1189 437 1085688260
1189 1280 1085688311
105 576 1085688364
1403 1335 1085688365
1403 781 1085688386
1403 1272 1085688403
1181 296 1085688406
576 1189 1085688411
576 1189 1085688420
576 105 1085688459
1280 1189 1085688517
704 958 1085688520
105 454 1085688534
1236 706 1085688548
105 439 1085688567
1033 576 1085688605
105 576 1085688624
67 1338 1085688671
576 1033 1085688685
1402 224 1085688699
576 105 1085688712
1089 1365 1085688715
105 576 1085688739
576 105 1085688748
431 1402 1085688752
1402 249 1085688752
1402 1269 1085688767
640 1402 1085688768
1189 576 1085688776
1089 765 1085688784
105 576 1085688813
576 105 1085688825
576 105 1085688860
1272 1403 1085688876
1402 105 1085688882
105 576 1085688896
1189 1280 1085688921
105 576 1085688923
1402 640 1085688937
1189 1280 1085688954
1235 52 1085688973
105 1402 1085688990
640 784 1085689000
36 985 1085689004
323 42 1085689019
1280 1189 1085689053
431 1402 1085689210
626 1189 1085689222
626 1269 1085689240
1189 626 1085689321
1189 1280 1085689330
105 626 1085689348
626 1189 1085689374
342 626 1085689413
1189 626 1085689578
1281 62 1085689622
626 342 1085689637
626 1189 1085689660
1281 1033 1085689678
1281 317 1085689697
342 626 1085689697
1189 626 1085689702
1281 1373 1085689708
1295 392 1085689788
1223 1269 1085689792
626 342 1085689839
626 1189 1085689856
342 626 1085689874
871 1223 1085689883
105 626 1085689885
128 1153 1085689909
358 847 1085689941
1402 105 1085689955
1402 431 1085689970
1438 502 1085690003
639 1438 1085690059
105 1402 1085690110
1189 626 1085690135
431 1402 1085690179
389 830 1085690360
252 433 1085690361
835 261 1085690448
252 389 1085690560
781 1461 1085690595
431 617 1085690637
542 697 1085690971
639 1438 1085690987
431 605 1085691006
605 431 1085691148
1271 477 1085691401
532 536 1085691650
398 465 1085691662
1294 903 1085691762
105 398 1085691776
725 1280 1085691811
1241 713 1085691895
105 398 1085691918
254 297 1085691930
105 398 1085692118
823 615 1085692308
740 706 1085692319
709 1391 1085692358
823 1113 1085692387
105 398 1085692398
823 80 1085692401
709 517 1085692421
1045 1026 1085692435
1438 277 1085692436
105 1373 1085692444
615 823 1085692508
19 220 1085692539
261 835 1085692600
261 392 1085692608
105 398 1085692623
392 1295 1085692626
392 261 1085692643
823 1369 1085692664
823 498 1085692694
105 398 1085692755
105 1373 1085692805
105 398 1085692831
1373 341 1085692872
1423 341 1085692895
105 871 1085692956
105 398 1085692988
1393 332 1085693001
174 701 1085693014
334 540 1085693078
1438 97 1085693105
346 1189 1085693127
334 297 1085693140
479 683 1085693149
683 824 1085693161
739 1136 1085693192
683 479 1085693243
1279 254 1085693253
683 1281 1085693273
1279 194 1085693279
105 398 1085693282
1279 781 1085693314
993 893 1085693323
479 683 1085693331
105 626 1085693340
1423 1033 1085693361
199 295 1085693429
701 174 1085693440
261 392 1085693452
105 1373 1085693469
473 1189 1085693489
576 1033 1085693501
683 479 1085693569
105 1338 1085693678
283 297 1085693694
1269 1402 1085693745
283 1393 1085693770
1269 1223 1085693790
105 626 1085693859
838 481 1085693885
283 1338 1085693911
576 254 1085693922
288 1440 1085693931
734 617 1085694038
431 605 1085694066
481 838 1085694070
105 626 1085694081
1281 683 1085694122
871 306 1085694150
1281 1283 1085694178
683 1281 1085694212
1215 105 1085694236
871 306 1085694244
1281 683 1085694268
683 1281 1085694301
342 1462 1085694354
1406 843 1085694356
343 350 1085694376
1406 771 1085694377
1281 683 1085694412
1406 1313 1085694413
1402 105 1085694468
683 1281 1085694475
1402 431 1085694485
781 1279 1085694487
1281 683 1085694495
1402 1269 1085694511
431 1402 1085694521
105 1402 1085694521
683 1281 1085694545
69 733 1085694558
306 871 1085694565
69 1269 1085694576
1281 683 1085694605
174 701 1085694612
1281 1463 1085694661
146 1 1085694702
332 1393 1085694726
1060 1117 1085694821
398 105 1085694878
1142 1269 1085694891
105 398 1085694935
797 1343 1085694943
871 306 1085694954
337 105 1085694959
546 1189 1085694962
105 398 1085694967
823 1163 1085694970
1312 105 1085694975
823 1163 1085694996
797 698 1085695001
105 337 1085695005
823 482 1085695012
1168 317 1085695022
797 1464 1085695024
823 1033 1085695029
797 25 1085695040
1215 431 1085695042
823 542 1085695054
105 1423 1085695058
830 389 1085695060
797 1465 1085695066
797 621 1085695091
797 1363 1085695124
398 105 1085695129
1215 431 1085695135
797 849 1085695139
1312 105 1085695148
797 1207 1085695169
517 709 1085695175
797 556 1085695186
105 398 1085695193
517 714 1085695209
797 804 1085695219
1060 191 1085695222
306 871 1085695223
797 832 1085695238
1060 1187 1085695265
797 768 1085695274
797 1121 1085695286
797 1392 1085695307
398 105 1085695326
797 1466 1085695327
3 498 1085695337
797 304 1085695348
797 1336 1085695365
105 398 1085695382
1312 105 1085695413
3 257 1085695429
871 306 1085695452
507 1313 1085695452
1272 983 1085695481
983 1272 1085695510
1189 473 1085695519
1189 346 1085695529
1189 546 1085695537
398 105 1085695550
1060 199 1085695583
105 398 1085695622
542 204 1085695641
191 1060 1085695657
1189 297 1085695696
871 1060 1085695761
1272 983 1085695772
1060 191 1085695851
1060 871 1085695874
398 105 1085695901
983 1272 1085695916
346 1189 1085695921
959 958 1085695922
114 770 1085695926
105 398 1085695956
191 1060 1085695974
871 306 1085695976
1272 983 1085695984
105 398 1085695989
372 843 1085696109
398 105 1085696216
749 317 1085696237
1189 346 1085696381
1189 346 1085696426
871 830 1085696445
719 249 1085696573
42 323 1085696598
225 638 1085696657
400 601 1085696700
225 1281 1085696706
639 1438 1085696740
697 542 1085696770
509 616 1085696953
509 204 1085696972
60 1463 1085697056
792 1274 1085697071
831 341 1085697112
1033 1281 1085697128
1033 1423 1085697147
212 204 1085697164
792 576 1085697330
1113 823 1085697434
536 532 1085697480
932 1269 1085697517
285 843 1085697537
1295 392 1085697550
309 1391 1085697580
1434 1312 1085697609
1215 431 1085697656
1434 547 1085697706
1434 1174 1085697747
1215 431 1085697780
1287 1039 1085697780
495 1113 1085697852
495 1433 1085697957
495 794 1085697968
495 714 1085697996
495 498 1085698033
1158 325 1085698065
495 172 1085698115
431 1215 1085698123
1434 732 1085698132
309 1391 1085698174
1158 713 1085698235
1093 598 1085698290
249 719 1085698334
249 1402 1085698417
908 332 1085698429
1434 1313 1085698436
809 257 1085698514
1375 1269 1085698631
254 576 1085698706
254 1279 1085698742
495 3 1085698830
1215 431 1085699061
1375 740 1085699061
1434 174 1085699090
379 1433 1085699090
431 1215 1085699152
1434 1379 1085699275
52 1269 1085699323
52 105 1085699419
52 1235 1085699466
605 431 1085699472
1434 174 1085699501
605 337 1085699557
1434 174 1085699608
986 346 1085699625
431 605 1085699650
986 296 1085699688
843 372 1085699706
843 285 1085699734
605 431 1085699772
843 1406 1085699795
1434 174 1085699827
1434 174 1085699862
431 605 1085699884
1434 174 1085699900
605 431 1085699903
42 1183 1085699928
52 1042 1085700035
1434 174 1085700046
389 830 1085700057
1215 431 1085700058
1215 431 1085700058
431 605 1085700074
431 1215 1085700084
1434 174 1085700107
621 105 1085700173
1434 174 1085700194
337 605 1085700212
621 797 1085700227
42 784 1085700230
1434 174 1085700237
605 431 1085700332
1434 174 1085700340
605 337 1085700361
224 1246 1085700385
1434 174 1085700398
1463 1281 1085700403
605 337 1085700404
431 605 1085700427
1434 174 1085700453
1421 362 1085700518
843 1195 1085700547
1434 174 1085700583
42 72 1085700589
224 220 1085700603
1434 174 1085700637
605 431 1085700640
1246 224 1085700673
1434 174 1085700719
189 802 1085700763
532 536 1085700816
1434 174 1085700816
72 42 1085700837
1434 174 1085700846
639 993 1085700849
224 72 1085700854
824 683 1085700860
986 991 1085700867
42 72 1085700869
72 42 1085700903
42 72 1085700934
986 254 1085700944
711 257 1085700955
639 994 1085701019
1434 174 1085701036
716 42 1085701113
105 398 1085701114
716 42 1085701121
639 993 1085701127
224 1246 1085701130
105 52 1085701158
1434 174 1085701167
105 621 1085701189
257 711 1085701207
72 42 1085701209
105 52 1085701294
1434 174 1085701307
50 1463 1085701327
1463 50 1085701419
711 257 1085701423
993 639 1085701453
1434 174 1085701457
357 1253 1085701461
377 332 1085701483
1281 225 1085701495
1434 174 1085701497
1281 1033 1085701522
986 357 1085701534
1281 1463 1085701538
174 1434 1085701545
1463 308 1085701553
337 605 1085701585
257 711 1085701588
174 1434 1085701647
105 1402 1085701660
1117 1060 1085701673
711 257 1085701673
1253 357 1085701678
986 357 1085701733
174 1434 1085701744
257 711 1085701756
357 1253 1085701785
986 357 1085701871
986 357 1085701933
357 1253 1085701939
986 357 1085701949
986 357 1085701984
986 357 1085702062
357 1208 1085702094
341 1373 1085702109
377 592 1085702129
341 1423 1085702191
1402 431 1085702207
1253 357 1085702215
377 777 1085702227
341 831 1085702229
1402 105 1085702242
1402 249 1085702289
1402 105 1085702303
1110 1434 1085702309
105 1402 1085702356
1402 105 1085702388
105 1402 1085702405
1402 105 1085702425
103 617 1085702501
105 1402 1085702507
1446 841 1085702645
224 72 1085702721
105 1402 1085702790
224 1402 1085702808
1199 1021 1085702820
1199 1021 1085702844
536 532 1085702913
1338 252 1085702999
1338 67 1085703021
1402 105 1085703128
1402 105 1085703140
1402 224 1085703196
540 334 1085703217
314 834 1085703257
32 128 1085703299
19 1435 1085703306
19 1435 1085703309
1338 105 1085703329
1338 283 1085703361
224 1402 1085703401
1319 1402 1085703427
27 1425 1085703452
105 1402 1085703692
32 1463 1085703695
704 617 1085703709
706 800 1085703723
105 1402 1085703751
1433 495 1085703761
706 128 1085703765
105 1338 1085703789
1269 1142 1085703804
706 1236 1085703806
1423 341 1085703814
706 740 1085703844
1269 932 1085703884
504 1167 1085703943
1402 224 1085703944
1423 1377 1085703997
1136 739 1085704010
1402 1319 1085704031
1269 52 1085704039
1402 105 1085704056
224 8 1085704091
864 993 1085704191
704 1467 1085704204
1425 27 1085704210
704 1468 1085704243
1013 398 1085704266
224 1402 1085704280
323 42 1085704290
986 620 1085704307
53 377 1085704309
1433 379 1085704335
1425 615 1085704367
1013 398 1085704403
497 1280 1085704417
1013 398 1085704473
993 864 1085704552
105 1402 1085704555
770 114 1085704644
792 32 1085704664
1375 357 1085704810
128 706 1085704951
711 257 1085704970
497 1352 1085705097
1312 1434 1085705283
308 1463 1085705285
257 711 1085705289
1312 105 1085705302
389 252 1085705309
1463 308 1085705352
1312 1313 1085705356
389 482 1085705356
1463 32 1085705371
1463 32 1085705383
809 257 1085705412
711 257 1085705438
128 32 1085705454
27 1425 1085705558
1138 966 1085705608
1379 1434 1085705611
706 128 1085705681
1379 194 1085705691
257 711 1085705784
1184 60 1085705818
1184 32 1085705859
482 389 1085705901
809 257 1085705981
1312 105 1085706053
128 706 1085706161
711 257 1085706230
105 1463 1085706240
12 1338 1085706245
809 257 1085706260
257 711 1085706279
9 1434 1085706339
12 599 1085706350
9 1434 1085706358
711 257 1085706392
809 257 1085706409
1425 27 1085706417
1312 105 1085706446
32 792 1085706472
1280 725 1085706514
32 1463 1085706517
32 128 1085706546
1373 341 1085706612
986 1425 1085706779
792 32 1085706782
60 1184 1085706796
679 67 1085706818
1463 60 1085706821
1463 32 1085706869
128 32 1085706872
1425 986 1085707008
1184 60 1085707086
1217 242 1085707189
938 67 1085707192
1217 1018 1085707233
871 1217 1085707250
1438 639 1085707255
60 1463 1085707264
60 1184 1085707337
1312 105 1085707396
792 679 1085707469
1184 60 1085707584
1354 128 1085707650
1037 547 1085707781
679 792 1085707857
547 1434 1085708052
27 1425 1085708106
128 32 1085708142
128 1354 1085708218
547 1037 1085708415
1280 497 1085708432
502 398 1085708547
770 802 1085708550
502 540 1085708592
732 1434 1085708602
725 1280 1085708613
502 128 1085708625
502 1438 1085708745
1438 502 1085708894
1393 283 1085708909
60 1184 1085709052
1018 1217 1085709231
704 302 1085709413
1154 800 1085709435
1354 128 1085709719
1402 224 1085709825
1402 105 1085709833
1440 43 1085709864
105 1402 1085709871
802 770 1085709920
398 1013 1085709989
43 1440 1085710004
398 105 1085710007
1113 495 1085710020
770 802 1085710043
809 67 1085710111
809 257 1085710135
802 770 1085710145
781 42 1085710201
1253 1461 1085710353
105 398 1085710417
835 261 1085710440
847 358 1085710469
398 105 1085710494
105 398 1085710515
12 1387 1085710521
12 1118 1085710542
398 105 1085710542
220 224 1085710556
12 634 1085710577
12 282 1085710604
12 634 1085710631
463 871 1085710721
105 398 1085710750
3 495 1085710751
12 1118 1085710763
389 573 1085710764
463 609 1085710785
463 1185 1085710816
1377 1423 1085710845
1440 43 1085710905
63 1174 1085710986
63 1302 1085711200
497 52 1085711231
483 821 1085711380
504 1406 1085711403
821 483 1085711486
1463 1469 1085711576
483 821 1085711587
12 1118 1085711620
809 1354 1085711650
12 1118 1085711659
12 1118 1085711728
12 343 1085711765
498 1470 1085711781
12 1118 1085711822
821 483 1085711866
1313 1434 1085711987
573 389 1085712010
1110 3 1085712011
1313 1312 1085712049
252 1338 1085712133
67 938 1085712146
252 389 1085712165
704 958 1085712302
1313 1387 1085712386
389 573 1085712406
389 252 1085712478
67 1338 1085712483
502 1438 1085712499
615 1425 1085712511
389 482 1085712520
42 781 1085712533
1190 62 1085712556
314 103 1085712556
42 323 1085712569
314 103 1085712570
1181 317 1085712572
42 716 1085712592
797 544 1085712617
252 389 1085712623
799 32 1085712628
573 389 1085712687
1190 615 1085712774
615 1190 1085712829
353 504 1085713015
1438 502 1085713029
1033 1281 1085713059
42 950 1085713103
1438 502 1085713109
12 1118 1085713113
576 792 1085713243
353 504 1085713245
460 546 1085713250
576 254 1085713268
460 546 1085713280
1190 615 1085713294
502 1438 1085713311
1313 507 1085713352
502 1438 1085713387
1190 50 1085713407
42 950 1085713453
1113 437 1085713459
389 573 1085713466
1438 502 1085713484
389 252 1085713512
1113 353 1085713518
1438 502 1085713520
1190 1287 1085713523
1328 840 1085713560
1328 840 1085713573
353 1113 1085713579
42 950 1085713628
341 1423 1085713633
792 576 1085713640
502 1438 1085713649
317 1281 1085713670
317 1168 1085713687
317 749 1085713721
12 569 1085713725
277 497 1085713727
252 389 1085713768
12 1118 1085713777
1113 353 1085713783
317 1181 1085713793
50 1190 1085713800
497 277 1085713857
1438 502 1085713877
42 950 1085713893
12 1118 1085713972
1416 1138 1085713986
497 1296 1085713989
777 377 1085714055
797 958 1085714084
42 950 1085714103
797 1471 1085714128
261 835 1085714136
12 1118 1085714162
792 1472 1085714174
1246 224 1085714219
797 974 1085714228
809 1354 1085714238
797 1473 1085714283
12 1118 1085714293
42 950 1085714353
809 67 1085714379
298 598 1085714403
1416 502 1085714486
932 1269 1085714538
1142 194 1085714592
950 42 1085714607
42 950 1085714660
1416 502 1085714671
797 277 1085714688
679 88 1085714717
1142 733 1085714730
1 1271 1085714810
797 638 1085714839
1375 1269 1085714840
536 884 1085714851
706 128 1085714880
1416 306 1085714900
544 797 1085714919
797 297 1085714968
1246 547 1085714968
638 797 1085714986
1416 502 1085715068
797 204 1085715079
990 706 1085715103
544 1269 1085715222
797 128 1085715236
1422 942 1085715263
950 42 1085715298
831 325 1085715322
276 792 1085715357
42 950 1085715368
317 32 1085715379
42 353 1085715390
42 942 1085715469
42 1 1085715493
1422 1021 1085715533
325 831 1085715581
950 42 1085715627
797 260 1085715723
547 1246 1085715815
797 638 1085715883
1269 932 1085715902
792 276 1085715906
598 298 1085715915
1269 544 1085715986
507 1313 1085715992
53 711 1085716015
1375 1269 1085716092
497 277 1085716139
379 542 1085716165
1269 797 1085716184
871 463 1085716217
871 463 1085716241
1272 1181 1085716295
302 704 1085716297
53 615 1085716304
778 128 1085716305
1269 1375 1085716306
128 797 1085716346
317 319 1085716403
297 254 1085716425
297 334 1085716436
297 283 1085716450
985 983 1085716484
797 1269 1085716485
794 1294 1085716486
325 1402 1085716502
297 1189 1085716528
297 797 1085716568
778 306 1085716572
1474 176 1085716580
1375 1269 1085716599
1474 1375 1085716601
1246 547 1085716613
800 1154 1085716621
297 573 1085716720
394 504 1085716722
379 1034 1085716722
1423 341 1085716754
53 711 1085716777
1138 1416 1085716809
1269 1375 1085716838
797 128 1085716840
573 297 1085716844
1042 681 1085716853
1190 50 1085716871
297 573 1085716903
1042 52 1085716907
128 797 1085716935
711 53 1085716944
128 502 1085716994
53 711 1085717092
317 626 1085717095
797 297 1085717104
711 53 1085717150
1211 871 1085717154
1211 254 1085717168
297 797 1085717205
983 985 1085717235
53 54 1085717249
53 1042 1085717328
224 220 1085717522
1113 987 1085717530
544 1269 1085717639
546 460 1085717771
128 797 1085717783
342 798 1085717840
1184 60 1085717888
389 1269 1085717924
342 797 1085717979
643 638 1085718592
503 352 1085718753
643 1365 1085718887
762 52 1085718901
626 1036 1085719085
638 643 1085719168
638 797 1085719187
942 1422 1085719346
1235 52 1085719447
542 379 1085719666
3 1110 1085719667
598 298 1085719792
1371 643 1085719856
831 325 1085720047
932 1269 1085720062
1271 1 1085720074
1434 298 1085720295
1215 102 1085720317
431 566 1085720333
1113 353 1085720561
128 797 1085720719
1434 298 1085720726
598 649 1085720816
1215 102 1085720877
160 639 1085720953
484 913 1085720975
598 649 1085721017
128 797 1085721178
1463 1383 1085721317
1425 27 1085721557
53 1349 1085721600
1434 298 1085721812
878 1050 1085721828
864 993 1085721892
204 797 1085721911
598 649 1085721913
204 212 1085721948
932 1269 1085721959
204 542 1085721980
204 346 1085721996
204 1269 1085722038
102 1449 1085722135
1449 102 1085722153
342 797 1085722208
1113 990 1085722233
204 1269 1085722646
1406 504 1085722700
27 1425 1085722981
932 1269 1085722999
204 542 1085723172
1185 676 1085723212
204 1269 1085723270
1383 54 1085723435
204 1269 1085723612
378 407 1085723845
204 1269 1085723952
792 1036 1085724159
204 1381 1085724206
932 1269 1085724268
204 1269 1085724405
1167 504 1085724582
204 1269 1085724785
204 1269 1085724927
1365 643 1085725026
536 749 1085725096
639 160 1085725173
204 1269 1085725206
639 994 1085725216
160 639 1085725397
389 830 1085725537
864 993 1085725592
52 1269 1085725645
52 497 1085725655
341 1423 1085725657
204 1269 1085725674
749 52 1085725697
1269 52 1085725739
52 762 1085725744
144 645 1085725806
204 1269 1085725806
52 749 1085725819
1118 308 1085725829
52 1269 1085725829
749 52 1085725895
561 1177 1085725989
704 288 1085726002
128 353 1085726225
639 749 1085726242
67 52 1085726304
204 1269 1085726346
128 639 1085726349
67 52 1085726367
261 835 1085726399
799 1475 1085726463
1383 749 1085726474
1328 1476 1085726511
128 353 1085726586
204 1269 1085726690
204 1269 1085726810
1425 27 1085726872
204 346 1085726886
389 830 1085727064
204 1269 1085727103
346 1453 1085727124
67 52 1085727137
1476 1069 1085727145
1476 1069 1085727162
42 1477 1085727197
454 1369 1085727229
42 135 1085727232
1476 1012 1085727310
1476 1012 1085727326
204 212 1085727336
105 52 1085727349
204 1269 1085727356
1042 681 1085727419
105 52 1085727453
204 1269 1085727455
105 52 1085727479
1406 468 1085727480
1042 52 1085727481
204 1224 1085727619
204 212 1085727664
704 288 1085727699
42 1477 1085727706
204 1269 1085727764
778 439 1085727802
540 1349 1085728024
1349 540 1085728075
544 1269 1085728174
540 1349 1085728188
1269 544 1085728211
105 1421 1085728221
1235 52 1085728222
544 1269 1085728343
454 1326 1085728355
454 778 1085728414
105 794 1085728655
1190 1287 1085728782
1449 1421 1085728806
714 97 1085728809
536 778 1085728832
204 1269 1085728865
67 901 1085728875
67 901 1085728887
1367 1412 1085728925
1412 1365 1085728945
1412 1367 1085729121
277 497 1085729186
1463 50 1085729294
350 343 1085729330
152 993 1085729356
1089 1412 1085729466
198 101 1085729669
993 152 1085729706
198 1321 1085729774
810 1412 1085729821
932 1269 1085729877
152 993 1085729899
272 306 1085730018
903 1294 1085730115
272 632 1085730192
810 1412 1085730219
919 603 1085730254
993 152 1085730274
152 993 1085730327
220 224 1085730386
993 152 1085730422
1340 1478 1085730442
482 212 1085730450
372 1412 1085730461
152 993 1085730550
372 1412 1085730570
1402 497 1085730581
993 152 1085730588
204 482 1085730600
1402 482 1085730639
152 993 1085730678
204 482 1085730686
810 1412 1085730754
482 101 1085730780
482 8 1085730803
993 152 1085730807
454 1326 1085730840
482 97 1085730926
152 993 1085730945
993 152 1085730989
482 260 1085731027
482 41 1085731057
482 477 1085731087
482 269 1085731103
482 263 1085731116
482 283 1085731132
482 281 1085731226
204 611 1085731251
482 332 1085731274
482 325 1085731310
152 993 1085731322
993 152 1085731371
482 272 1085731401
482 248 1085731416
482 184 1085731452
810 1412 1085731485
204 611 1085731508
792 912 1085731512
152 993 1085731535
704 288 1085731540
993 152 1085731622
204 611 1085731668
152 993 1085731772
993 152 1085731824
1340 840 1085731930
778 570 1085731935
152 993 1085731960
204 611 1085732127
545 421 1085732405
1118 632 1085732424
1406 1421 1085732433
993 152 1085732472
152 993 1085732518
421 545 1085732537
254 482 1085732615
1463 50 1085732669
778 517 1085732684
1463 50 1085732771
249 1470 1085732843
204 611 1085732947
204 1415 1085732999
1189 346 1085733068
338 1302 1085733130
250 544 1085733412
12 599 1085733470
306 272 1085733506
263 1298 1085733511
204 611 1085733684
817 1472 1085733728
263 377 1085733789
128 1413 1085733923
1472 817 1085734195
831 1449 1085734217
42 538 1085734218
555 1449 1085734493
495 1433 1085734626
817 1472 1085734754
1034 379 1085734777
502 942 1085734903
1472 817 1085734919
42 1354 1085734951
1402 993 1085735230
817 1472 1085735247
794 1401 1085735406
105 1118 1085735636
67 809 1085735733
1113 990 1085735854
1401 794 1085735952
1479 523 1085735982
1033 463 1085736291
1033 463 1085736370
792 1413 1085736674
1480 638 1085736686
778 315 1085736713
323 482 1085736719
495 649 1085736775
323 1449 1085736927
261 835 1085736968
495 1367 1085736994
315 994 1085737033
495 172 1085737034
495 1213 1085737056
176 1474 1085737067
323 88 1085737083
315 993 1085737105
1480 97 1085737115
495 1433 1085737157
315 778 1085737160
423 315 1085737189
1373 354 1085737421
1401 794 1085737600
993 315 1085737643
1472 817 1085737660
315 993 1085738063
817 1472 1085738151
993 315 1085738257
315 993 1085738411
993 315 1085738498
315 993 1085738670
993 315 1085738713
298 323 1085738739
298 323 1085738751
298 323 1085738760
298 323 1085738766
389 640 1085739047
298 323 1085739432
1113 437 1085739901
52 67 1085740945
325 482 1085740995
1187 1060 1085741269
687 1004 1085742235
308 263 1085742497
1402 1479 1085743973
984 318 1085744659
1328 765 1085745386
1328 391 1085745585
1328 239 1085745663
838 632 1085748980
1089 882 1085750323
1089 765 1085750387
1089 1412 1085750430
1089 1367 1085750443
1089 1365 1085750580
