70 1113 1085151729
342 1268 1085152294
594 840 1085152312
342 1268 1085152315
342 1268 1085152683
342 1268 1085152708
342 1268 1085152729
342 1268 1085152818
1127 322 1085152988
1127 641 1085153178
1113 70 1085153181
1127 1269 1085153381
342 1268 1085153416
1268 342 1085153736
1136 48 1085153776
1136 1158 1085153806
1136 1270 1085153842
1271 1 1085154034
342 1268 1085154213
1127 536 1085154371
999 713 1085155763
999 297 1085155811
80 928 1085155966
415 329 1085156778
797 1268 1085156809
1127 1137 1085156817
588 1185 1085156989
9 679 1085157450
621 48 1085157470
309 1131 1085157475
415 142 1085157530
415 12 1085157546
415 1121 1085157561
415 329 1085157581
415 997 1085157610
1272 887 1085157921
958 704 1085157957
1127 2 1085157965
1272 265 1085158063
966 1248 1085158376
770 44 1085158433
958 959 1085158853
527 372 1085158967
958 621 1085159048
1248 966 1085159094
799 32 1085159861
1042 713 1085159989
1042 1056 1085160012
70 1113 1085160057
470 288 1085160107
1042 12 1085160124
1042 145 1085160141
779 809 1085160200
1042 34 1085160294
525 1246 1085160487
32 799 1085160491
1255 285 1085160663
1255 878 1085160696
1255 41 1085160707
799 32 1085160822
32 799 1085160854
431 727 1085161127
799 32 1085161138
278 1215 1085161143
431 617 1085161237
498 639 1085161322
963 393 1085161380
1248 80 1085161461
834 1196 1085161561
621 958 1085161866
72 679 1085161989
42 1270 1085162041
725 638 1085162261
736 617 1085162295
1113 70 1085162352
53 1272 1085162586
725 1260 1085162629
127 697 1085162646
627 431 1085162674
32 220 1085162686
713 1158 1085162692
713 1158 1085162711
713 372 1085162727
1246 525 1085162734
1270 1136 1085162738
431 627 1085162797
32 638 1085162866
1273 1274 1085162935
525 1246 1085163074
1142 990 1085163081
627 431 1085163097
36 770 1085163134
1195 1167 1085163207
288 470 1085163280
372 527 1085163299
372 713 1085163310
1273 475 1085163579
475 1273 1085163605
542 495 1085163696
372 1244 1085163739
542 128 1085163749
63 797 1085163795
542 314 1085163819
1244 1275 1085163960
1246 525 1085164069
462 675 1085164273
1043 454 1085164342
1033 437 1085164462
525 1246 1085164509
278 1248 1085164518
1248 278 1085164749
114 770 1085164750
542 1216 1085164755
105 475 1085164861
278 1248 1085164889
1211 1033 1085164898
1131 309 1085164916
1211 1163 1085164939
1211 32 1085164951
823 149 1085165027
1259 1236 1085165112
823 1185 1085165136
823 41 1085165144
1248 278 1085165155
105 288 1085165159
823 1211 1085165166
288 105 1085165192
278 1248 1085165209
105 288 1085165225
32 1211 1085165262
288 105 1085165280
425 765 1085165331
105 701 1085165347
475 105 1085165379
105 288 1085165412
105 475 1085165427
425 753 1085165430
487 1236 1085165498
105 1276 1085165537
105 1276 1085165570
288 105 1085165589
105 1181 1085165593
823 615 1085165661
105 288 1085165679
105 569 1085165738
288 105 1085165741
606 821 1085165849
569 105 1085165856
105 288 1085165914
823 1139 1085165943
42 620 1085165950
42 142 1085165972
288 105 1085165982
105 569 1085165983
142 415 1085165996
105 288 1085166013
350 617 1085166016
770 36 1085166058
569 105 1085166072
105 638 1085166072
105 569 1085166107
998 823 1085166117
142 1260 1085166123
822 679 1085166146
142 42 1085166175
823 998 1085166183
454 1043 1085166191
105 42 1085166195
823 308 1085166219
105 323 1085166252
105 307 1085166276
142 713 1085166313
569 105 1085166313
475 105 1085166340
105 569 1085166386
105 475 1085166399
105 569 1085166412
770 114 1085166447
105 606 1085166485
252 350 1085166496
142 1277 1085166518
569 105 1085166523
105 964 1085166567
606 105 1085166611
105 569 1085166631
105 606 1085166662
606 105 1085166709
606 105 1085166746
569 105 1085166756
105 606 1085166778
105 606 1085166807
1248 346 1085166834
105 569 1085166841
964 105 1085166853
569 105 1085166871
105 964 1085166962
105 569 1085166976
105 964 1085166997
964 105 1085167111
569 105 1085167131
105 964 1085167150
105 569 1085167183
569 105 1085167265
617 350 1085167273
105 569 1085167363
463 252 1085167527
463 687 1085167543
1213 277 1085167549
463 1010 1085167589
569 105 1085167628
899 586 1085167642
70 1113 1085167677
463 339 1085167684
105 463 1085167695
105 569 1085167719
569 105 1085167761
463 105 1085167781
1036 713 1085167790
725 835 1085167820
924 1158 1085167844
105 569 1085167844
105 463 1085167860
105 463 1085167913
32 105 1085168016
463 105 1085168040
339 463 1085168067
105 463 1085168140
105 463 1085168179
615 204 1085168180
615 1213 1085168186
32 105 1085168194
32 1234 1085168368
615 823 1085168388
487 3 1085168414
105 463 1085168423
105 463 1085168489
32 349 1085168491
105 32 1085168606
199 1244 1085168653
105 621 1085168733
32 105 1085168754
3 487 1085168786
105 32 1085168824
621 105 1085168855
105 621 1085168941
32 105 1085168979
34 282 1085169014
298 687 1085169083
823 615 1085169091
105 32 1085169134
298 323 1085169153
105 155 1085169303
142 257 1085169391
1062 9 1085169444
32 105 1085169446
1062 42 1085169507
377 415 1085169553
105 32 1085169553
377 615 1085169578
42 1062 1085169691
704 617 1085169920
859 431 1085175294
859 547 1085175344
536 1236 1085175391
318 802 1085175407
536 994 1085175408
536 1127 1085175466
644 144 1085175500
1260 142 1085175589
1260 719 1085175702
105 697 1085175735
969 51 1085175739
644 1251 1085175772
644 1251 1085175780
144 644 1085175994
323 298 1085176017
32 1127 1085176057
644 144 1085176091
144 644 1085176243
32 1260 1085176262
357 474 1085176336
617 704 1085176370
644 144 1085176379
144 644 1085176465
1260 32 1085176493
644 144 1085176529
144 644 1085176602
644 144 1085176672
144 644 1085176782
644 1099 1085176806
644 1099 1085176810
357 605 1085176856
644 144 1085176884
144 644 1085176936
144 644 1085176991
644 144 1085176998
144 644 1085177067
644 144 1085177089
257 142 1085177238
899 105 1085177243
144 644 1085177250
899 644 1085177280
1 1271 1085177342
144 1278 1085177391
899 644 1085177460
644 144 1085177467
249 713 1085177481
899 629 1085177497
1248 1279 1085177501
1248 1279 1085177523
249 1260 1085177541
899 644 1085177578
144 644 1085177611
249 1117 1085177656
644 899 1085177660
644 144 1085177751
144 644 1085177851
144 921 1085177903
644 144 1085177912
249 1117 1085177940
644 1234 1085177976
629 899 1085178009
144 644 1085178042
63 60 1085178055
1103 309 1085178060
644 144 1085178080
72 883 1085178085
144 644 1085178144
644 1279 1085178193
1185 463 1085178334
249 1103 1085178457
415 1260 1085178757
48 621 1085178821
105 899 1085179011
431 605 1085179051
32 1260 1085179060
309 1103 1085179070
1189 835 1085179163
431 605 1085179271
1189 1103 1085179370
1260 32 1085179383
431 605 1085179512
32 1260 1085179520
1260 32 1085179633
32 1260 1085179661
1103 1189 1085179777
1189 1103 1085179800
1103 309 1085179808
1103 1189 1085179830
1189 1103 1085179883
835 1189 1085179904
308 823 1085179934
834 621 1085179966
327 1255 1085180133
377 755 1085180139
1260 32 1085180191
357 379 1085180249
1234 644 1085180264
327 1103 1085180270
1103 1189 1085180294
327 463 1085180320
704 958 1085180401
1189 1103 1085180778
654 1248 1085180950
809 779 1085180989
704 1280 1085180989
9 1062 1085181054
9 1132 1085181074
1260 1042 1085181078
704 1255 1085181114
1260 505 1085181152
596 654 1085181176
704 1244 1085181218
9 1280 1085181223
9 1279 1085181239
9 1261 1085181252
654 596 1085181323
297 999 1085181435
357 474 1085181529
878 1255 1085181673
357 474 1085181737
32 1260 1085181781
357 474 1085181888
1280 1244 1085181905
50 234 1085181981
1280 704 1085182002
542 1069 1085182016
357 474 1085182290
60 63 1085182337
770 1280 1085182408
1281 644 1085182494
1281 60 1085182573
1281 60 1085183037
509 815 1085183085
357 72 1085183111
509 758 1085183141
711 1034 1085183349
1043 454 1085183393
357 72 1085183399
357 72 1085183474
687 298 1085183586
1280 1210 1085183869
701 105 1085183985
615 823 1085184161
1034 711 1085184259
711 1034 1085184346
448 823 1085184403
393 963 1085184404
1282 221 1085184436
1034 711 1085184591
749 713 1085184759
1034 711 1085184838
711 1034 1085184839
1281 1283 1085184883
1113 70 1085184904
1256 615 1085184906
615 1256 1085184948
711 1034 1085184956
1281 950 1085184996
1034 711 1085185053
220 32 1085185169
474 640 1085185171
711 1034 1085185197
800 964 1085185267
209 1255 1085185280
640 474 1085185295
1034 711 1085185344
474 640 1085185398
711 1034 1085185414
810 708 1085185454
224 701 1085185674
1034 711 1085185718
711 1034 1085185764
1034 711 1085185767
44 1189 1085185805
711 1034 1085186060
605 272 1085186071
474 749 1085186120
1227 1117 1085186123
1034 711 1085186148
1034 711 1085186162
1181 105 1085186170
711 1034 1085186216
234 50 1085186240
1253 586 1085186450
1253 72 1085186473
1034 711 1085186522
72 1253 1085186657
644 1281 1085186663
72 1253 1085186819
640 1253 1085186842
1253 72 1085186903
711 1034 1085186933
1253 640 1085186976
220 224 1085187099
1034 711 1085187159
640 1253 1085187256
644 654 1085187270
654 644 1085187493
640 712 1085187584
586 1253 1085187596
725 835 1085187745
644 654 1085187819
770 1280 1085187824
654 644 1085187986
725 1260 1085188008
899 1185 1085188094
899 1189 1085188191
1253 640 1085188258
63 60 1085188346
1253 586 1085188480
1196 834 1085188576
1253 1284 1085188859
48 152 1085188933
152 48 1085189020
1285 912 1085189064
3 555 1085189118
48 152 1085189243
285 1255 1085189315
152 48 1085189335
145 1042 1085189336
145 994 1085189371
853 514 1085189417
72 1253 1085189513
1253 605 1085189517
1253 605 1085189551
1286 48 1085189553
48 152 1085189630
1253 72 1085189706
1286 48 1085189999
152 48 1085190025
938 67 1085190061
72 1253 1085190182
48 152 1085190189
12 415 1085190446
12 527 1085190462
12 128 1085190490
12 175 1085190503
1186 1056 1085190523
475 468 1085190543
346 1248 1085190763
220 224 1085190871
1284 1253 1085190941
323 298 1085191032
586 1253 1085191298
714 1284 1085191348
1127 152 1085191375
1127 1284 1085191578
41 1255 1085191871
41 823 1085191892
590 638 1085191900
1284 1127 1085191937
1284 714 1085191989
323 367 1085192097
621 48 1085192241
621 834 1085192267
249 1260 1085192372
621 105 1085192441
249 358 1085192451
1158 924 1085192466
1158 924 1085192507
621 772 1085192508
621 719 1085192645
42 704 1085192753
924 1158 1085192757
249 547 1085192811
704 42 1085192882
924 1158 1085192901
42 474 1085192913
525 1246 1085192934
999 297 1085193037
1246 525 1085193076
1234 227 1085193123
425 1103 1085193125
1246 645 1085193216
1127 1284 1085193288
1246 525 1085193391
1246 525 1085193576
42 474 1085193579
42 1280 1085193645
42 323 1085193756
42 474 1085193782
1246 525 1085193794
1206 1093 1085193871
42 502 1085193989
323 42 1085194065
42 474 1085194072
1280 511 1085194121
1136 1158 1085194196
1136 1158 1085194207
502 42 1085194230
42 474 1085194234
1189 204 1085194244
42 502 1085194252
1189 502 1085194265
502 42 1085194270
42 502 1085194301
502 1189 1085194304
346 1284 1085194308
277 1186 1085194310
323 42 1085194381
1280 1287 1085194534
1287 1280 1085194546
42 474 1085194570
600 1189 1085194596
42 644 1085194692
1246 652 1085194697
474 42 1085194742
749 474 1085194743
600 42 1085194806
42 474 1085194838
474 749 1085194851
527 923 1085194995
749 474 1085195068
42 242 1085195192
474 749 1085195286
1127 298 1085195288
1189 502 1085195295
42 831 1085195329
1281 644 1085195462
1281 699 1085195507
686 950 1085195783
42 194 1085196052
1281 308 1085196437
41 502 1085196557
1127 219 1085196715
42 573 1085196764
1253 468 1085197072
193 658 1085197074
1253 50 1085197387
1288 42 1085197552
42 831 1085197869
1253 1287 1085198110
386 422 1085198182
1127 802 1085198222
114 770 1085198273
1127 474 1085198289
42 1050 1085198378
281 1280 1085198541
687 1283 1085198558
781 1280 1085198741
781 1287 1085198855
538 781 1085198913
357 1253 1085198919
6 212 1085198962
781 538 1085199104
1253 781 1085199117
781 1253 1085199206
454 1043 1085199324
1127 194 1085199379
357 1253 1085199381
1253 781 1085199463
1127 840 1085199467
781 281 1085199515
1280 781 1085199559
1280 281 1085199679
700 605 1085199707
700 704 1085199767
357 1253 1085199867
712 640 1085199900
281 1280 1085199943
281 781 1085199985
1253 357 1085200099
357 758 1085200111
758 509 1085200154
357 758 1085200159
1281 291 1085200171
357 1253 1085200183
199 1051 1085200195
474 1014 1085200223
357 758 1085200299
12 527 1085200318
357 758 1085200423
646 474 1085200445
212 1289 1085200473
357 1253 1085200506
212 6 1085200554
357 758 1085200648
1042 1260 1085200673
681 617 1085200699
6 212 1085200701
357 758 1085200744
212 6 1085200747
753 425 1085200773
6 212 1085200784
1290 617 1085200838
357 598 1085200860
357 758 1085200900
357 758 1085200915
681 212 1085200938
6 212 1085200941
212 6 1085200988
646 758 1085200997
357 758 1085201015
681 617 1085201077
646 758 1085201084
681 212 1085201102
12 617 1085201124
12 605 1085201147
681 758 1085201150
1290 605 1085201189
1290 617 1085201206
42 831 1085201217
681 212 1085201227
646 758 1085201241
12 605 1085201256
681 758 1085201264
1237 199 1085201287
12 599 1085201317
220 346 1085201340
681 758 1085201357
646 758 1085201384
1290 605 1085201451
12 758 1085201457
12 605 1085201476
681 758 1085201511
12 598 1085201707
431 605 1085201742
199 1237 1085201768
357 843 1085201821
9 1280 1085201903
9 1196 1085201918
357 1291 1085201932
9 477 1085201940
12 605 1085201947
9 1206 1085201983
219 1127 1085202014
32 1260 1085202059
1281 1291 1085202136
12 605 1085202157
84 598 1085202158
681 758 1085202166
220 346 1085202199
681 617 1085202204
12 605 1085202286
357 528 1085202332
357 792 1085202395
1280 281 1085202426
810 626 1085202470
357 1142 1085202513
357 792 1085202548
1052 1260 1085202566
810 626 1085202577
357 792 1085202592
810 626 1085202648
12 605 1085202666
357 792 1085202760
152 1127 1085202780
810 626 1085202803
357 1142 1085202835
1033 1211 1085202850
152 1158 1085202852
12 605 1085202858
357 792 1085202906
323 753 1085202918
1236 487 1085202952
509 758 1085203037
1236 487 1085203105
357 792 1085203108
12 605 1085203219
357 1291 1085203219
357 792 1085203312
474 1187 1085203334
758 509 1085203375
908 263 1085203395
1033 1292 1085203398
9 1280 1085203445
1127 219 1085203611
1127 152 1085203730
1043 454 1085203852
398 1291 1085203856
1214 933 1085203869
1291 398 1085203907
398 1291 1085203950
1291 398 1085204067
398 1291 1085204101
1291 398 1085204229
1281 308 1085204238
12 599 1085204308
498 1293 1085204316
1281 950 1085204361
281 1280 1085204361
1281 308 1085204405
1227 1237 1085204468
1127 1291 1085204542
1281 950 1085204619
1281 308 1085204647
810 626 1085204648
966 1248 1085204701
1127 1291 1085204810
1291 1127 1085204890
152 1127 1085204960
1127 1291 1085205069
1281 308 1085205075
1281 308 1085205109
1117 1227 1085205190
733 626 1085205223
733 626 1085205252
1216 542 1085205298
733 1291 1085205319
1291 1127 1085205352
733 626 1085205387
12 389 1085205431
733 1291 1085205439
1117 1227 1085205466
1281 308 1085205559
1117 1227 1085205601
542 1216 1085205711
733 626 1085205758
12 840 1085205772
733 654 1085205849
1056 1186 1085205878
1281 308 1085205985
454 1043 1085206116
1056 252 1085206148
1117 1227 1085206286
12 599 1085206535
733 454 1085206630
525 19 1085206657
32 626 1085206782
12 599 1085206916
733 454 1085206947
525 19 1085206961
1281 308 1085207147
733 454 1085207173
87 1260 1085207293
323 298 1085207295
323 298 1085207337
605 462 1085207342
1281 308 1085207351
733 1208 1085207355
298 1127 1085207372
323 298 1085207375
1185 899 1085207409
733 454 1085207412
733 1056 1085207475
1281 950 1085207562
733 1231 1085207596
1185 588 1085207618
733 1231 1085207693
733 1231 1085207714
1185 144 1085207718
525 19 1085207732
733 1231 1085207779
1185 302 1085207838
739 317 1085207874
303 298 1085207933
733 1231 1085207997
306 408 1085208171
733 1231 1085208189
482 1294 1085208321
1260 725 1085208368
525 19 1085208376
733 1231 1085208490
1260 1042 1085208630
323 298 1085208779
923 527 1085208871
733 1231 1085208881
323 308 1085208897
176 561 1085208918
615 1185 1085208926
615 1042 1085208938
1113 1294 1085208955
1236 1185 1085208979
1255 704 1085209008
1255 878 1085209031
1255 209 1085209049
1236 103 1085209052
309 1103 1085209094
1260 87 1085209096
733 1231 1085209104
1113 1216 1085209104
686 950 1085209133
1113 1255 1085209147
1255 285 1085209151
1255 41 1085209163
923 527 1085209174
1113 1255 1085209224
681 758 1085209272
1113 1255 1085209300
1236 1005 1085209322
1236 103 1085209340
1185 823 1085209358
733 1231 1085209383
1236 1227 1085209389
1158 924 1085209410
1158 924 1085209434
1236 1224 1085209435
525 103 1085209439
1113 1255 1085209450
1236 1227 1085209456
1236 1227 1085209492
103 525 1085209498
733 1231 1085209576
525 103 1085209577
1158 152 1085209595
525 103 1085209597
733 1231 1085209600
1236 1005 1085209645
878 1255 1085209649
475 468 1085209670
1158 152 1085209673
1236 1227 1085209689
733 1231 1085209715
1236 1224 1085209733
525 103 1085209739
733 1231 1085209741
1236 103 1085209751
666 1276 1085209759
733 1231 1085209823
1236 103 1085209834
733 1231 1085209875
1158 840 1085209875
302 749 1085209881
733 1231 1085209907
733 1231 1085209928
1236 1217 1085209933
1043 454 1085209934
733 1231 1085209957
103 525 1085209960
834 1196 1085209972
525 103 1085209973
733 454 1085209979
454 1043 1085209986
1281 1173 1085209995
1236 1224 1085209998
834 621 1085210000
323 298 1085210005
525 103 1085210017
1236 1005 1085210043
1281 950 1085210065
733 302 1085210065
1189 1260 1085210076
834 1234 1085210080
349 32 1085210097
733 1231 1085210097
1236 282 1085210097
733 454 1085210123
733 302 1085210135
733 302 1085210174
1189 689 1085210178
525 103 1085210182
1043 454 1085210202
733 1231 1085210212
323 758 1085210236
103 525 1085210239
1224 483 1085210254
1105 199 1085210262
733 1231 1085210269
1189 475 1085210283
1189 598 1085210309
733 302 1085210331
323 298 1085210368
1189 882 1085210394
733 1231 1085210416
733 302 1085210434
1236 1224 1085210441
733 302 1085210448
1255 878 1085210462
454 1043 1085210470
733 1231 1085210481
323 308 1085210484
323 308 1085210594
282 109 1085210657
468 475 1085210750
323 308 1085210797
475 1189 1085210806
475 468 1085210818
878 1255 1085210853
733 1231 1085210859
1105 475 1085210926
733 1255 1085210996
954 652 1085211005
475 1105 1085211024
954 103 1085211052
1224 536 1085211065
760 590 1085211095
1043 454 1085211153
834 1234 1085211202
1234 834 1085211228
733 1231 1085211431
1255 878 1085211488
1105 475 1085211512
282 34 1085211547
297 999 1085211565
878 1255 1085211663
704 1295 1085211667
323 308 1085211678
193 233 1085211690
1255 878 1085211693
475 1105 1085211712
704 1296 1085211720
878 1255 1085211724
792 1297 1085211740
964 1202 1085211752
834 1234 1085211843
704 1298 1085211845
379 32 1085211899
199 1105 1085211931
1105 475 1085211955
1105 199 1085212006
546 454 1085212113
19 1299 1085212126
733 1231 1085212158
199 1105 1085212164
1178 1189 1085212238
1113 1255 1085212243
686 950 1085212268
199 1183 1085212301
272 654 1085212353
1105 199 1085212390
272 468 1085212395
733 1231 1085212407
733 1231 1085212428
272 605 1085212428
733 1255 1085212453
1255 878 1085212463
199 1105 1085212481
1113 1255 1085212491
686 234 1085212579
878 1255 1085212579
1113 1255 1085212585
638 590 1085212595
733 1231 1085212608
1189 475 1085212610
733 1255 1085212632
323 298 1085212699
323 298 1085212707
1183 234 1085212723
1255 878 1085212736
1183 234 1085212784
1183 234 1085212787
733 1231 1085212886
733 475 1085212997
323 298 1085213038
199 1234 1085213186
1161 794 1085213202
323 298 1085213227
142 1260 1085213233
483 1189 1085213271
733 1231 1085213290
483 1224 1085213338
555 590 1085213412
733 1231 1085213434
555 440 1085213464
323 298 1085213500
1136 739 1085213571
733 1231 1085213645
323 298 1085213661
1284 346 1085213687
733 475 1085213694
1136 1158 1085213731
193 1299 1085213751
1224 483 1085213759
475 1105 1085213782
1105 475 1085213805
323 298 1085213806
733 475 1085213827
878 1255 1085213834
1113 1255 1085213856
483 199 1085213900
878 848 1085213910
483 1224 1085213927
527 923 1085213964
1105 475 1085213969
323 298 1085214019
323 298 1085214127
483 199 1085214185
475 1105 1085214187
475 1105 1085214246
950 686 1085214311
483 199 1085214317
638 1300 1085214331
1105 475 1085214360
733 475 1085214369
252 1056 1085214407
1286 1231 1085214472
281 263 1085214482
263 281 1085214512
475 1105 1085214514
254 1260 1085214558
1105 475 1085214686
1286 1231 1085214692
638 254 1085214703
654 272 1085214720
475 1105 1085214747
72 1253 1085214750
733 475 1085214771
1260 254 1085214772
281 263 1085214775
1105 475 1085214788
254 1260 1085214846
323 298 1085214847
272 654 1085214880
1260 254 1085214956
638 254 1085214984
654 272 1085214985
654 272 1085215028
254 1260 1085215035
1105 475 1085215098
546 638 1085215104
281 263 1085215124
638 1300 1085215129
638 546 1085215164
1260 254 1085215168
475 1105 1085215179
1300 638 1085215182
475 1105 1085215197
638 1300 1085215205
323 298 1085215207
323 298 1085215227
546 638 1085215249
1300 638 1085215259
733 475 1085215264
733 475 1085215285
638 546 1085215293
1105 475 1085215299
733 475 1085215307
778 974 1085215326
835 725 1085215350
323 298 1085215363
778 638 1085215389
638 778 1085215417
254 1260 1085215426
271 194 1085215433
323 298 1085215460
792 841 1085215512
1227 333 1085215525
1260 254 1085215547
475 1105 1085215559
323 298 1085215588
254 1260 1085215666
1281 950 1085215673
1105 475 1085215686
323 298 1085215759
323 298 1085215828
475 1105 1085215830
990 1142 1085215863
1260 254 1085215877
323 298 1085215902
1227 32 1085215952
254 1260 1085215954
323 298 1085216058
1105 475 1085216102
323 298 1085216116
475 1105 1085216190
1105 475 1085216228
1038 638 1085216250
263 281 1085216278
1105 475 1085216297
323 298 1085216317
392 321 1085216353
778 438 1085216363
1105 475 1085216366
323 298 1085216481
475 1105 1085216506
778 540 1085216582
323 298 1085216592
1105 475 1085216629
323 298 1085216810
323 298 1085216835
475 1105 1085216857
323 298 1085216900
585 495 1085216942
323 298 1085216952
1105 475 1085217006
323 298 1085217033
475 1105 1085217036
323 298 1085217060
323 298 1085217126
1105 475 1085217151
475 1105 1085217221
249 1260 1085217324
1231 704 1085217331
323 298 1085217343
323 298 1085217419
1105 475 1085217433
1105 475 1085217485
475 1105 1085217535
323 298 1085217546
475 1105 1085217559
392 72 1085217627
1105 475 1085217655
323 298 1085217676
475 1105 1085217691
1264 1283 1085217725
323 367 1085217773
1105 475 1085217825
475 1105 1085217944
321 392 1085218045
1105 475 1085218066
321 212 1085218098
1105 475 1085218263
72 392 1085218321
1281 950 1085218367
701 1051 1085218413
475 1105 1085218474
1051 701 1085218490
1181 325 1085218545
1295 704 1085218555
323 741 1085218577
701 1051 1085218602
741 323 1085218670
475 468 1085218679
1105 475 1085218701
475 1105 1085218718
323 741 1085218723
475 1105 1085218756
1227 1018 1085218756
325 1181 1085218759
1105 475 1085218808
741 323 1085218851
1297 1301 1085218878
323 741 1085218923
1158 1136 1085219026
741 323 1085219042
741 1280 1085219213
1183 42 1085219430
1248 654 1085220030
48 621 1085220045
1281 701 1085220441
1281 1248 1085220695
1281 1248 1085220894
377 1283 1085220993
1281 1173 1085220994
1281 1173 1085221019
1281 1173 1085221111
609 638 1085222532
809 779 1085222538
50 1253 1085222668
781 281 1085223010
1280 741 1085223464
1280 281 1085223770
1196 834 1085224357
1291 1295 1085224737
1281 1173 1085224862
912 1285 1085226581
269 1045 1085227966
269 90 1085228062
1058 1142 1085231201
1058 1142 1085231596
1058 1142 1085231644
473 372 1085234985
