1543 1103 1089734492
1543 525 1089734807
1543 1724 1089735017
1624 431 1089735017
1543 969 1089735150
124 1255 1089735310
1255 124 1089736581
431 1644 1089739486
431 1624 1089739525
175 95 1089739925
447 398 1089740500
1669 1647 1089743502
1669 1423 1089743790
27 1009 1089744815
454 1669 1089746623
1488 518 1089746646
143 201 1089746856
143 547 1089746872
518 1488 1089747010
518 1488 1089747138
400 1681 1089747859
400 8 1089747899
400 1169 1089747956
1169 400 1089748076
1467 309 1089748490
1520 1540 1089748674
1520 1487 1089748795
281 708 1089749328
713 1059 1089749763
201 143 1089750594
12 1312 1089751060
1158 1497 1089751780
1332 1752 1089752258
1655 1669 1089753547
1655 48 1089753565
1655 32 1089753575
189 1742 1089754999
189 1749 1089755144
189 1749 1089755150
189 44 1089755204
27 1009 1089756321
1423 1669 1089756467
652 1130 1089757192
309 1467 1089759312
1312 12 1089759337
12 1312 1089760459
1543 1467 1089761975
1285 1387 1089762064
12 282 1089763721
495 127 1089764283
495 1406 1089764391
1406 495 1089765447
724 1647 1089767434
1317 3 1089767769
768 1280 1089768068
1642 822 1089768111
1285 27 1089768749
1487 1520 1089768927
93 36 1089770867
32 3 1089771306
1724 127 1089772397
249 1724 1089773324
1724 249 1089773366
249 1724 1089773587
1488 518 1089775325
1488 518 1089775426
1489 1472 1089776513
127 495 1089777145
127 1724 1089777167
1724 127 1089778905
1724 249 1089779147
127 1724 1089779686
1079 27 1089781237
1079 27 1089781250
1079 27 1089781256
27 1079 1089782179
398 447 1089782457
1280 768 1089783440
346 1644 1089784382
644 8 1089786358
447 398 1089786454
318 1736 1089788164
143 201 1089788340
8 644 1089788983
323 298 1089789452
1647 1669 1089789577
1713 1647 1089789661
1647 724 1089789677
1647 1713 1089789742
1669 454 1089789814
1669 1655 1089789867
1713 1647 1089789986
429 1669 1089790064
1669 429 1089790360
1397 1655 1089790480
323 68 1089790481
1669 1423 1089790529
620 874 1089790592
644 8 1089790611
1669 1647 1089790617
959 699 1089792142
8 644 1089792538
1198 127 1089793899
1113 1493 1089796591
783 1741 1089800647
201 143 1089801709
3 32 1089804975
3 1317 1089805085
1497 1158 1089810968
1713 3 1089811275
1713 1497 1089811310
3 1713 1089811563
