865 1072 1084633748
851 1014 1084634308
42 296 1084634758
1087 1088 1084634977
915 928 1084635300
638 388 1084635315
638 1042 1084635337
1087 341 1084635934
830 389 1084636959
986 915 1084638165
281 561 1084638194
1046 1014 1084638284
999 928 1084638371
194 817 1084638715
26 679 1084641744
834 1068 1084641776
523 176 1084642340
765 1033 1084642360
523 990 1084642407
523 724 1084643397
84 765 1084643940
84 765 1084643946
84 765 1084643946
260 949 1084644489
615 422 1084644571
509 306 1084644905
509 389 1084645045
509 194 1084645129
286 1000 1084645322
509 1039 1084645928
509 595 1084646031
1039 72 1084646095
204 176 1084646099
509 872 1084646105
990 523 1084646179
781 701 1084646209
615 509 1084646217
72 1039 1084646497
1039 72 1084647247
277 1032 1084647314
189 708 1084647387
72 1039 1084647440
1039 72 1084647636
72 1039 1084647741
204 1070 1084647858
792 228 1084647917
679 194 1084647997
679 26 1084648023
252 242 1084648205
1039 72 1084648316
72 1039 1084648414
26 679 1084648423
679 26 1084648473
679 903 1084648500
834 1068 1084648614
679 346 1084648706
765 84 1084649492
389 509 1084649492
297 999 1084649761
26 679 1084649837
103 765 1084649959
103 599 1084650070
834 626 1084650323
103 277 1084650437
509 389 1084650553
429 950 1084650775
509 817 1084650825
429 950 1084650840
509 277 1084650874
884 1050 1084651154
884 536 1084651293
990 419 1084651383
990 419 1084651387
990 419 1084651395
950 429 1084651422
950 429 1084651442
536 884 1084651476
884 536 1084651560
536 884 1084651631
950 405 1084651926
884 536 1084652028
193 626 1084652062
168 834 1084652184
834 168 1084652276
1068 834 1084652436
950 698 1084652438
297 999 1084652442
73 617 1084652480
994 1056 1084652529
1068 72 1084652534
73 63 1084652538
1068 949 1084652597
155 34 1084652754
72 1068 1084652840
626 834 1084652865
626 193 1084652937
1068 72 1084652995
72 1068 1084653193
254 626 1084653354
626 254 1084653422
26 645 1084653423
1068 72 1084653499
254 626 1084653558
626 254 1084653631
834 1068 1084653990
834 626 1084653999
1068 834 1084654048
307 509 1084654104
445 199 1084654691
1000 286 1084654697
72 1068 1084654716
194 445 1084654858
626 834 1084654883
834 1068 1084654935
834 626 1084654966
724 523 1084655051
1068 72 1084655083
1068 834 1084655104
626 834 1084655140
536 884 1084655154
143 1037 1084655222
72 1068 1084655245
143 103 1084655246
834 626 1084655247
143 201 1084655260
143 415 1084655278
830 549 1084655287
834 1068 1084655291
143 834 1084655295
143 834 1084655310
884 536 1084655422
1060 103 1084655476
626 834 1084655504
1068 834 1084655617
713 950 1084655655
1068 72 1084655732
128 934 1084655854
72 1068 1084655999
67 282 1084656019
294 830 1084656054
841 915 1084656071
1089 765 1084656096
841 103 1084656123
199 445 1084656159
53 250 1084656231
1060 422 1084656231
53 26 1084656258
233 193 1084656327
53 834 1084656341
233 1037 1084656459
1068 72 1084656626
199 1060 1084656656
194 768 1084656936
194 949 1084657001
72 1068 1084657239
143 834 1084657318
394 586 1084657811
67 938 1084657903
536 884 1084658114
536 884 1084658160
67 1072 1084658285
131 194 1084658386
884 536 1084658406
42 144 1084658595
189 42 1084658894
144 42 1084658956
341 1072 1084659116
189 42 1084659550
189 42 1084659671
836 609 1084659737
852 1090 1084659870
189 712 1084659967
189 42 1084660141
377 281 1084660456
377 755 1084660538
68 135 1084660556
536 884 1084660796
341 686 1084660834
704 1091 1084661030
704 1092 1084661125
768 1033 1084661223
1013 673 1084661235
704 1060 1084661252
1013 398 1084661261
873 144 1084661365
768 801 1084661492
1019 439 1084661511
1019 588 1084661522
704 1050 1084661540
950 1093 1084661650
1093 950 1084661662
67 173 1084661893
834 626 1084662288
834 1068 1084662294
282 34 1084662422
704 768 1084662484
454 242 1084662548
884 536 1084662656
777 1072 1084663203
144 873 1084663223
204 1070 1084664163
523 724 1084664183
523 990 1084664213
176 277 1084664256
523 1049 1084664289
277 176 1084664298
42 1049 1084664325
752 1032 1084664330
915 817 1084664410
42 1062 1084664411
42 1050 1084664462
701 1093 1084664516
176 277 1084664517
626 834 1084664573
277 176 1084664613
277 176 1084664708
817 915 1084664757
1093 701 1084664777
523 1093 1084664792
342 194 1084664838
176 277 1084664853
638 847 1084664855
1093 523 1084664861
523 1093 1084664890
277 176 1084664914
638 1093 1084664924
638 1093 1084664992
176 277 1084665015
1093 523 1084665032
758 638 1084665043
277 176 1084665065
638 758 1084665080
42 1 1084665084
523 1093 1084665144
1093 32 1084665156
342 969 1084665175
32 1093 1084665185
1093 523 1084665228
915 817 1084665236
1093 32 1084665249
32 1093 1084665272
981 1021 1084665296
1093 32 1084665302
277 176 1084665360
67 282 1084665572
277 1093 1084665606
817 915 1084665795
599 103 1084665850
586 394 1084666151
915 817 1084666153
143 32 1084666256
817 915 1084666336
817 509 1084666374
817 176 1084666381
701 1093 1084666466
834 626 1084666486
176 817 1084666496
143 32 1084666518
817 176 1084666560
176 817 1084666611
817 176 1084666787
143 201 1084666872
915 817 1084666889
176 817 1084666936
103 1060 1084666953
1050 42 1084666956
143 201 1084667031
617 73 1084667224
143 201 1084667289
143 163 1084667333
143 201 1084667342
143 201 1084667449
626 834 1084667589
143 201 1084667597
143 103 1084667606
143 103 1084667634
143 103 1084667722
143 103 1084667791
103 599 1084667923
103 841 1084667948
1033 1072 1084668098
679 194 1084668346
539 817 1084668539
228 792 1084668601
143 1094 1084668894
102 645 1084668927
617 73 1084669054
297 999 1084669518
969 342 1084669522
536 884 1084669616
884 536 1084669883
873 144 1084670073
638 950 1084670756
599 103 1084670770
1049 523 1084671001
1049 42 1084671020
1014 312 1084671875
638 950 1084671883
1045 269 1084671901
638 1014 1084671958
834 626 1084671984
638 1045 1084672002
969 549 1084672068
1014 851 1084672103
69 915 1084672125
67 598 1084672230
638 950 1084672294
67 462 1084672373
212 639 1084672399
679 1095 1084672414
502 176 1084672441
638 236 1084672523
176 502 1084672781
638 950 1084672853
638 950 1084672981
926 557 1084672984
638 950 1084672989
145 1033 1084673097
638 236 1084673202
638 950 1084673213
638 950 1084673395
638 950 1084673607
638 950 1084673739
422 1060 1084673829
638 950 1084674053
346 679 1084674158
502 176 1084674237
176 502 1084674393
915 598 1084674431
679 346 1084674585
502 176 1084674717
429 950 1084674836
950 429 1084674927
176 502 1084675183
713 1049 1084675339
309 540 1084675391
1 42 1084675418
713 545 1084675423
502 176 1084675520
356 543 1084675717
429 950 1084675765
176 502 1084675838
950 429 1084675906
934 1096 1084676258
934 527 1084676281
1097 884 1084676634
12 599 1084676784
1097 127 1084676815
12 938 1084676817
626 834 1084676875
67 1092 1084676976
834 626 1084677041
817 915 1084677143
67 598 1084677181
12 1039 1084677203
12 817 1084677236
12 998 1084677419
686 341 1084677594
12 697 1084677615
12 603 1084677698
19 1078 1084677851
19 1078 1084677858
19 1078 1084677861
626 834 1084677926
12 527 1084677929
12 599 1084677939
733 297 1084678317
394 586 1084678323
733 626 1084678347
19 1098 1084678364
19 1098 1084678371
194 131 1084678448
38 94 1084678570
38 626 1084678695
128 934 1084678742
38 783 1084678743
19 598 1084678794
394 422 1084678982
626 733 1084679130
626 38 1084679143
681 32 1084679521
422 394 1084679679
394 131 1084679721
394 422 1084679900
131 394 1084680244
394 131 1084680498
526 477 1084680623
32 1099 1084680732
131 394 1084680763
645 102 1084680775
1099 32 1084680827
645 26 1084680832
394 131 1084681032
131 394 1084681183
297 733 1084681192
32 1099 1084681234
32 598 1084681351
9 566 1084681398
783 38 1084681522
12 32 1084681892
687 1054 1084682017
687 1004 1084682030
915 815 1084682044
32 462 1084682045
342 319 1084682083
12 603 1084682116
12 319 1084682172
12 603 1084682187
319 342 1084682190
12 319 1084682274
128 934 1084682334
342 319 1084682342
12 319 1084682425
603 814 1084682644
9 32 1084682728
12 319 1084682876
63 990 1084682895
12 32 1084683010
12 319 1084683090
595 509 1084683480
67 938 1084683684
67 595 1084683691
67 282 1084683745
67 451 1084683794
252 1000 1084683887
509 595 1084684036
67 598 1084684103
271 194 1084684657
128 934 1084684764
67 32 1084684809
194 271 1084684859
934 1026 1084684954
194 32 1084685105
194 296 1084685126
277 830 1084685286
277 950 1084685312
252 595 1084685384
41 1056 1084685498
194 32 1084685506
252 598 1084685529
41 1041 1084685707
194 32 1084685760
19 1099 1084685968
103 599 1084686049
599 103 1084686250
103 599 1084686359
513 990 1084686449
128 934 1084686546
277 830 1084686672
277 950 1084686730
277 830 1084686966
277 950 1084687058
1034 1036 1084687202
277 950 1084687273
704 1072 1084687353
128 934 1084687416
277 950 1084687550
277 950 1084687759
277 950 1084687999
63 73 1084688016
103 1100 1084688052
103 566 1084688119
599 103 1084688120
1101 687 1084688130
103 599 1084688269
990 513 1084688284
543 356 1084688375
814 603 1084688400
12 817 1084688451
599 103 1084688612
277 950 1084688643
615 1042 1084688708
1000 252 1084688709
277 950 1084688850
228 1100 1084688986
277 950 1084688997
73 617 1084689132
73 63 1084689167
74 840 1084689280
12 857 1084689297
376 194 1084689335
1072 1033 1084689412
603 814 1084689433
1072 341 1084689452
12 527 1084689552
12 73 1084689688
19 1072 1084689824
12 1080 1084689908
475 468 1084689993
12 475 1084690007
103 599 1084690081
19 527 1084690090
12 609 1084690091
103 599 1084690150
12 173 1084690156
12 527 1084690238
12 142 1084690317
557 926 1084690350
1034 32 1084690374
12 599 1084690402
173 103 1084690455
297 999 1084690742
12 103 1084690937
1101 513 1084690981
12 142 1084691027
12 103 1084691153
12 1102 1084691229
1089 765 1084691367
624 595 1084691437
539 1103 1084691601
12 142 1084691745
12 679 1084691888
881 1090 1084691914
194 376 1084691954
193 233 1084691991
193 149 1084692056
881 999 1084692059
673 679 1084692076
658 667 1084692322
142 482 1084692405
297 609 1084692467
673 687 1084692483
193 658 1084692660
599 103 1084692673
482 142 1084692849
540 309 1084693173
546 281 1084693183
614 445 1084693355
638 540 1084693371
609 1036 1084693491
536 884 1084693522
638 540 1084693555
540 638 1084693688
532 325 1084693750
557 561 1084693958
296 295 1084693966
540 1104 1084694145
1104 540 1084694291
540 1104 1084694370
540 754 1084694392
1104 540 1084694449
754 540 1084694523
234 391 1084694590
624 592 1084694662
1105 1072 1084694704
542 314 1084694888
542 697 1084695049
540 1104 1084695059
1097 127 1084695080
540 754 1084695082
1097 884 1084695114
90 48 1084695214
542 1103 1084695301
557 583 1084695338
1097 191 1084695370
1097 191 1084695436
540 191 1084695461
495 1050 1084695491
1097 191 1084695580
1097 103 1084695628
1104 540 1084695635
191 540 1084695661
540 191 1084695682
546 542 1084696125
41 495 1084696208
552 975 1084696271
103 783 1084696284
1097 1104 1084696309
1097 103 1084696319
103 988 1084696355
103 1097 1084696402
542 546 1084696675
1060 199 1084696714
542 297 1084696774
1060 103 1084696795
542 598 1084696839
1060 422 1084696933
542 297 1084696934
103 1060 1084697031
1060 103 1084697112
103 1060 1084697182
542 297 1084697187
542 128 1084697202
1097 437 1084697263
542 638 1084697275
63 73 1084697303
542 297 1084697388
63 339 1084697395
687 1032 1084697458
542 297 1084697643
777 1072 1084697675
422 1060 1084697802
144 873 1084697841
542 297 1084697911
542 1072 1084698020
1072 542 1084698047
542 297 1084698053
297 542 1084698111
542 1072 1084698111
1072 542 1084698145
542 297 1084698150
555 352 1084698155
542 1072 1084698237
297 542 1084698271
1072 542 1084698326
128 542 1084698378
542 297 1084698422
542 128 1084698459
297 542 1084698495
542 1072 1084698514
542 297 1084698616
297 542 1084698703
542 460 1084698714
41 599 1084698718
9 566 1084698732
560 1072 1084698735
542 297 1084698792
128 542 1084698799
297 542 1084698820
248 374 1084698852
1072 542 1084698862
392 950 1084698908
792 228 1084698927
1072 560 1084698934
12 140 1084698945
599 41 1084698953
41 599 1084698977
599 41 1084698978
41 599 1084698994
599 41 1084699009
599 41 1084699023
482 1072 1084699044
1072 482 1084699069
12 543 1084699103
1034 1036 1084699151
560 1072 1084699154
41 599 1084699168
41 599 1084699181
1072 560 1084699207
542 1072 1084699260
542 297 1084699294
560 1072 1084699322
542 297 1084699346
12 1106 1084699371
297 542 1084699386
1072 542 1084699395
297 542 1084699415
12 599 1084699421
297 542 1084699469
542 297 1084699470
1072 560 1084699472
560 1072 1084699518
542 1072 1084699530
297 542 1084699533
12 140 1084699550
542 297 1084699554
560 1072 1084699559
297 542 1084699676
1072 560 1084699711
542 297 1084699742
12 80 1084699749
12 586 1084699777
586 1107 1084699787
12 586 1084699795
1072 542 1084699807
560 1072 1084699813
297 542 1084699863
542 297 1084699970
12 80 1084700081
297 542 1084700083
12 586 1084700145
542 297 1084700206
297 542 1084700260
12 586 1084700414
542 1072 1084700566
1069 884 1084700624
1069 74 1084700640
1069 878 1084700856
1069 252 1084700881
1069 687 1084700890
1069 102 1084700951
928 999 1084701100
928 915 1084701190
254 654 1084701248
724 523 1084701306
560 1072 1084701352
201 140 1084701458
350 1102 1084701499
950 392 1084701520
201 938 1084701534
103 938 1084701680
29 1072 1084701750
460 542 1084702186
939 783 1084702389
939 460 1084702508
1034 853 1084702849
884 536 1084703984
884 1097 1084704061
783 939 1084704062
252 463 1084704274
335 34 1084704525
335 174 1084704609
843 1051 1084706155
549 830 1084707792
549 969 1084707846
342 1068 1084718314
938 201 1084718380
938 103 1084718456
1033 302 1084718538
