244 1783 1095622344
143 1727 1095623002
95 561 1095626255
557 1624 1095626604
1727 143 1095626724
51 1436 1095629798
1626 1783 1095631612
44 1846 1095633343
1624 557 1095635071
398 1730 1095636881
398 1730 1095636922
1624 398 1095637108
398 1624 1095637236
1624 398 1095637268
398 1730 1095637297
398 1624 1095637322
398 1624 1095637416
1624 398 1095638036
1624 398 1095638052
1624 281 1095638211
1624 1758 1095640946
398 1624 1095641845
1624 398 1095642789
398 1624 1095642849
1624 398 1095643062
561 95 1095643181
1624 1349 1095643222
1624 398 1095643268
398 1624 1095643423
398 1624 1095643456
1624 398 1095643518
398 1624 1095643558
1624 398 1095643596
398 1624 1095643603
398 1624 1095643655
1624 398 1095643672
1624 398 1095643685
398 1624 1095643686
1624 398 1095643705
398 1624 1095643745
1624 398 1095643803
398 1624 1095643873
1624 398 1095644005
398 1624 1095644110
1624 398 1095644223
398 1624 1095644329
1624 398 1095644511
398 1624 1095644567
1624 398 1095644589
398 1624 1095644640
1624 398 1095644710
398 1624 1095644771
1624 398 1095644816
398 1624 1095644877
1624 398 1095644944
398 1624 1095645015
398 1624 1095645034
1624 398 1095645281
398 1624 1095645435
1624 398 1095645532
398 1624 1095645659
398 1624 1095645679
1624 398 1095645689
1624 398 1095645712
398 1624 1095645777
1624 398 1095646460
1624 271 1095647308
398 1624 1095647478
1624 398 1095647509
398 1624 1095647601
1403 95 1095651967
1543 1847 1095653294
1543 1848 1095653379
1758 1624 1095653867
492 145 1095653991
95 1849 1095655030
44 1850 1095655224
44 1851 1095656189
143 1727 1095656654
155 1624 1095656768
1624 155 1095659009
1730 398 1095660870
1730 398 1095660904
1730 398 1095660940
398 1730 1095661107
398 1730 1095661134
398 1730 1095661163
1540 1167 1095663584
1848 1543 1095664140
1852 44 1095664288
475 341 1095669047
323 298 1095673101
1167 1847 1095692053
