561 1543 1098721234
431 561 1098725995
1868 1548 1098726086
711 1898 1098733554
1898 711 1098739958
620 818 1098742506
1543 561 1098765032
393 193 1098767999
818 620 1098768351
1899 987 1098770122
969 342 1098770179
969 1416 1098770424
1899 1372 1098770438
1899 713 1098770674
1899 1792 1098770791
1899 306 1098770921
1899 1215 1098771034
1899 447 1098771169
1899 204 1098771330
1899 1781 1098771796
1899 784 1098772497
1899 144 1098772766
1899 1497 1098773546
1899 314 1098773637
1899 61 1098773714
1899 8 1098774056
1416 969 1098774255
1899 1217 1098774687
1899 561 1098774918
1899 657 1098775025
1899 1436 1098775640
1899 1284 1098775770
1899 391 1098775817
1899 1417 1098776254
1899 311 1098776473
1899 1847 1098776648
1899 1097 1098776836
1899 277 1098777003
1878 1624 1098777111
1878 1624 1098777142
