42 1507 1086620323
132 1491 1086621225
509 1026 1086622838
509 711 1086622946
557 297 1086623569
299 1175 1086623851
299 1175 1086623892
299 1175 1086623976
523 228 1086624355
1127 69 1086624454
1 161 1086625476
27 1158 1086625952
27 620 1086626513
1623 711 1086627157
713 912 1086627776
713 546 1086628199
713 884 1086628225
713 878 1086628296
713 842 1086628476
713 271 1086628617
713 749 1086628717
103 462 1086629815
53 1623 1086629824
840 1105 1086629954
509 840 1086630224
859 1522 1086630430
1503 1502 1086631043
809 1522 1086631136
809 342 1086631267
321 277 1086631747
847 1578 1086631913
713 509 1086632039
523 615 1086632585
1630 495 1086632626
620 27 1086632725
799 1608 1086632918
219 1594 1086633914
1539 753 1086634248
793 863 1086634401
1539 1299 1086634883
346 1616 1086634936
1365 643 1086634942
1365 1393 1086635028
1539 1299 1086635067
1314 781 1086635698
1253 1365 1086635940
1539 1637 1086636263
432 1587 1086636293
1539 1637 1086636304
1314 1346 1086636323
1638 1633 1086636557
1488 518 1086636872
27 620 1086637559
254 973 1086637686
254 1616 1086637768
523 615 1086637998
605 431 1086638235
389 830 1086638672
1629 560 1086638746
1539 1346 1086638757
495 741 1086639267
495 498 1086639347
1434 174 1086639443
392 321 1086639816
821 483 1086639960
1539 1169 1086639964
1173 1616 1086640073
1539 1346 1086640129
1162 913 1086640598
950 495 1086640635
392 1315 1086641534
161 1 1086641683
1539 1039 1086642092
161 1487 1086642493
1539 1510 1086642910
1539 1510 1086642941
768 1253 1086643105
741 495 1086643416
1510 3 1086643619
1227 1238 1086643668
378 32 1086643707
431 605 1086643871
617 704 1086643973
617 704 1086644003
1594 219 1086644041
605 431 1086644166
431 605 1086644248
704 617 1086644248
617 704 1086644319
704 617 1086644386
617 704 1086644785
523 193 1086644937
523 870 1086645006
523 67 1086645016
1539 177 1086645252
177 1009 1086645265
1539 177 1086645397
1539 177 1086645473
1539 1338 1086645546
143 582 1086645601
1539 177 1086645690
1539 1338 1086645731
809 257 1086645747
1539 177 1086645795
1539 1338 1086645806
1539 1338 1086645851
1539 177 1086645872
831 495 1086646015
1539 177 1086646089
871 183 1086646102
297 557 1086646655
871 297 1086646711
297 871 1086646787
704 617 1086646837
1052 1136 1086646929
1113 1553 1086647014
103 495 1086647539
687 757 1086647678
103 605 1086647717
176 1565 1086647826
1539 1639 1086647863
1539 299 1086647889
1539 1639 1086648032
1539 299 1086648110
1539 1640 1086648177
1539 1639 1086648193
1539 1640 1086648301
1539 1069 1086648399
1539 1640 1086648427
1539 1069 1086648577
1546 1619 1086648664
1253 768 1086648691
1033 1281 1086649229
1033 1281 1086649317
249 302 1086649397
233 193 1086649533
1539 1021 1086649814
1565 176 1086649983
1539 1021 1086650136
1539 1169 1086650227
812 1616 1086650409
812 708 1086650502
1539 299 1086650546
1539 1169 1086650570
234 1248 1086650806
32 219 1086650846
1412 810 1086650973
1539 1169 1086651096
818 372 1086651103
1539 818 1086651114
818 1269 1086651134
1539 36 1086651140
1539 1169 1086651156
1539 818 1086651166
1539 1169 1086651205
1539 1169 1086651347
1539 1169 1086651481
878 1637 1086651490
1539 1169 1086651562
32 1338 1086651669
1539 601 1086651847
321 392 1086651896
810 1412 1086651957
1539 601 1086652061
768 1253 1086652806
1113 339 1086653026
768 1304 1086653309
176 1565 1086653440
1565 176 1086653517
617 704 1086653554
176 1565 1086653670
1365 1253 1086653908
1565 176 1086653933
704 617 1086654009
1387 67 1086654269
1387 12 1086654301
1072 800 1086654320
176 1565 1086654338
1387 67 1086654375
809 257 1086654449
1387 67 1086654766
768 621 1086654937
3 1510 1086655021
768 621 1086655095
768 621 1086655232
1158 27 1086655242
95 1118 1086655467
704 447 1086655485
1158 1072 1086655555
1387 768 1086655656
1539 1443 1086656050
518 1488 1086656126
95 1365 1086656178
95 299 1086656397
95 712 1086656470
95 1393 1086656603
711 1623 1086656658
1043 1585 1086656795
12 1493 1086657329
12 1639 1086657350
1304 768 1086657517
95 525 1086657792
1641 95 1086658012
523 176 1086658021
679 67 1086658162
95 525 1086658371
768 1304 1086658876
95 592 1086658889
1539 378 1086658945
95 525 1086658999
1539 710 1086659014
1642 679 1086659044
95 1510 1086659138
95 525 1086659338
1304 768 1086659427
1510 3 1086659624
95 525 1086659648
103 1021 1086659701
95 525 1086659914
1281 1033 1086659961
525 95 1086659963
679 1642 1086659971
1339 1299 1086660208
1642 679 1086660495
967 193 1086660542
103 899 1086660669
219 32 1086660951
1564 1565 1086660996
27 1158 1086661127
42 964 1086661265
103 1231 1086661612
3 135 1086661677
103 1643 1086661683
1387 768 1086661934
1601 1282 1086661951
1644 1539 1086662150
1315 392 1086662168
1637 878 1086662440
1254 1234 1086662526
704 1231 1086663469
32 219 1086663552
103 1231 1086663560
1282 1601 1086664086
1238 1227 1086664692
679 1642 1086664772
967 193 1086664784
1642 679 1086664985
1642 32 1086665247
219 32 1086665278
822 1642 1086665327
1642 822 1086665399
1642 822 1086665443
679 1642 1086665591
314 333 1086665613
812 708 1086665630
12 1387 1086665867
1562 1299 1086665914
878 1637 1086666054
967 193 1086666190
193 967 1086666302
193 967 1086666319
1101 713 1086666437
9 1387 1086666657
32 219 1086666710
1539 1069 1086666732
1539 1255 1086666755
32 1642 1086666796
1539 1255 1086666799
12 1387 1086666826
1539 1342 1086666849
32 1645 1086666931
713 509 1086667199
144 1500 1086667281
219 32 1086667548
249 708 1086667580
249 1645 1086667648
1231 704 1086667652
1231 704 1086668000
32 219 1086668102
1434 174 1086668394
219 32 1086668462
1539 1646 1086668516
546 713 1086668836
1539 1647 1086668968
1539 1647 1086669050
423 1497 1086669126
1539 1646 1086669151
871 297 1086669156
1539 1647 1086669163
392 321 1086669312
1042 615 1086669351
73 1646 1086669546
1630 389 1086669560
704 1231 1086669579
1646 73 1086669720
878 1647 1086669768
73 1646 1086669807
392 1315 1086669837
1299 1646 1086669969
1299 1646 1086669995
878 1647 1086670068
1299 1646 1086670089
752 598 1086670092
1646 1299 1086670096
1646 1299 1086670171
1255 878 1086670256
986 163 1086670275
297 871 1086670278
1646 1299 1086670286
1539 1647 1086670302
871 297 1086670332
1644 1601 1086670378
1539 1647 1086670412
871 297 1086670509
103 1646 1086670562
878 1647 1086670573
1539 1647 1086670596
1539 1647 1086670647
1539 1647 1086670659
297 871 1086670704
1539 1647 1086670772
1255 878 1086670907
1539 1647 1086670936
103 1646 1086670956
174 1434 1086671033
1601 1646 1086671178
103 1231 1086671517
233 193 1086671673
131 1255 1086671756
569 1522 1086671887
1270 832 1086671923
1601 1616 1086672114
176 523 1086672181
620 27 1086672224
1601 605 1086672228
1601 220 1086672289
357 143 1086672304
193 233 1086672345
357 1644 1086672364
1521 828 1086672370
523 176 1086672404
321 392 1086672664
1619 1648 1086672744
193 233 1086672747
176 523 1086672760
193 1646 1086672769
1644 357 1086672816
1489 878 1086672922
41 523 1086673050
103 1231 1086673103
1255 1113 1086673319
27 620 1086673330
41 176 1086673398
41 523 1086673432
233 193 1086673534
620 27 1086673622
1641 1539 1086673751
191 1097 1086673806
27 620 1086673821
193 1646 1086673839
1097 191 1086673878
1097 1270 1086673940
620 27 1086673987
193 233 1086674022
389 1630 1086674138
233 193 1086674238
1646 193 1086674242
220 1601 1086674285
871 297 1086674310
193 1646 1086674347
220 234 1086674382
708 812 1086674526
525 19 1086674532
193 1130 1086674669
1616 1601 1086674831
1130 193 1086674842
193 1130 1086674874
1130 193 1086674951
27 620 1086674954
1539 1211 1086675004
494 389 1086675038
494 389 1086675097
912 713 1086675098
1624 1253 1086675176
193 1130 1086675211
847 1387 1086675367
592 95 1086675468
620 27 1086675622
1641 970 1086675762
9 1313 1086675877
1130 34 1086675912
970 128 1086676165
1641 970 1086676248
27 620 1086676266
1158 27 1086676379
1624 719 1086676446
27 1158 1086676522
1158 713 1086676552
1624 1500 1086676554
1042 615 1086676605
1235 1468 1086676657
1158 27 1086676741
643 1365 1086676779
1189 1489 1086676806
1485 1403 1086676849
1641 970 1086676909
1286 1231 1086676970
1641 341 1086676979
810 233 1086677051
1009 177 1086677061
1113 1565 1086677094
1314 1346 1086677118
27 1158 1086677142
970 1641 1086677188
12 1493 1086677251
378 1539 1086677266
561 95 1086677291
822 1642 1086677336
1113 544 1086677387
878 1489 1086677411
12 1639 1086677424
103 1231 1086677428
1624 719 1086677494
1158 27 1086677535
620 27 1086677563
1113 544 1086677669
1543 592 1086677734
128 970 1086677838
1113 544 1086677901
1113 544 1086678050
27 1158 1086678094
12 366 1086678158
1113 544 1086678218
9 32 1086678242
9 32 1086678292
1113 544 1086678359
9 32 1086678388
193 1646 1086678393
1158 27 1086678460
1113 544 1086678795
1616 1252 1086678808
843 871 1086678818
843 1237 1086678844
1252 1616 1086678935
392 321 1086678943
933 145 1086679074
67 822 1086679091
1616 1252 1086679096
933 495 1086679259
843 1553 1086679365
143 357 1086679392
1237 843 1086679446
1113 544 1086679466
777 1639 1086679467
1619 839 1086679541
1619 839 1086679565
1619 839 1086679602
1539 36 1086679631
1539 1021 1086679859
1539 1021 1086680055
1426 339 1086680077
1426 830 1086680099
338 1244 1086680219
1426 1066 1086680442
67 1426 1086680448
1539 1021 1086680486
1343 281 1086680507
1619 773 1086680701
1522 809 1086680885
1522 859 1086680994
1522 1184 1086681052
970 128 1086681082
1189 1647 1086681098
249 1629 1086681129
1522 859 1086681133
1522 1618 1086681276
1113 128 1086681352
1285 1565 1086681369
128 970 1086681451
1285 1641 1086681523
482 1489 1086681534
1565 1285 1086681587
569 1522 1086681587
1285 1565 1086681672
1113 544 1086681674
1113 128 1086681723
1539 659 1086681748
1113 1255 1086681754
1542 540 1086681762
1539 1649 1086681799
544 1113 1086681807
1565 1285 1086681851
822 67 1086682000
809 546 1086682062
1285 1565 1086682183
1113 544 1086682202
298 573 1086682263
298 573 1086682450
298 573 1086682461
234 220 1086682515
1248 234 1086682554
1647 1189 1086682558
298 573 1086682600
546 809 1086682630
843 871 1086682707
1539 1647 1086682708
843 1237 1086682732
1113 495 1086682739
298 573 1086682970
1113 437 1086683032
878 713 1086683035
621 768 1086683148
177 1009 1086683380
1 161 1086683467
1617 1283 1086683556
1367 1485 1086683649
1113 135 1086684026
135 42 1086684074
135 1356 1086684103
1617 370 1086684138
27 1158 1086684149
1326 713 1086684155
3 1510 1086684317
135 1486 1086684331
3 135 1086684373
1113 135 1086684491
1489 878 1086684838
1489 482 1086684966
1113 135 1086685093
1489 249 1086685140
3 135 1086685155
3 72 1086685214
1539 204 1086685327
1539 1573 1086685367
1539 1573 1086685403
1270 1097 1086685477
3 135 1086685526
1270 1097 1086685528
1539 1573 1086685563
3 135 1086685580
3 135 1086685605
3 135 1086685617
1113 135 1086685653
1568 1042 1086685677
135 1113 1086685711
1539 1573 1086685722
1113 135 1086685794
1539 1573 1086685862
72 3 1086686076
1545 1556 1086686123
1280 48 1086686641
1280 48 1086686821
1346 1314 1086686826
1280 48 1086686958
1280 48 1086687051
1280 48 1086687089
1280 48 1086687345
1280 48 1086687567
135 1 1086687680
1280 48 1086687806
1280 48 1086688060
1280 48 1086688251
1280 48 1086688648
103 30 1086688900
1280 48 1086689033
103 30 1086689169
1619 593 1086689262
30 103 1086689283
1280 48 1086689304
103 30 1086689371
30 103 1086689399
1576 389 1086689868
1189 1647 1086690404
766 252 1086691007
1033 1281 1086691626
438 687 1086695109
438 687 1086695130
438 1319 1086695293
1136 1052 1086699272
1440 438 1086704969
1649 1539 1086705189
735 1575 1086705400
482 1489 1086705509
191 738 1086706330
