1467 309 1090345131
1655 719 1090351195
1285 27 1090352563
9 144 1090356431
9 1655 1090356761
9 1467 1090356792
9 1731 1090356825
9 1489 1090356852
9 97 1090357007
9 8 1090357049
9 1255 1090357411
9 1308 1090357444
1308 9 1090357480
9 1308 1090357517
9 1759 1090357526
9 1760 1090357559
9 1749 1090357585
1308 9 1090357586
1308 9 1090357617
9 1742 1090357631
9 1308 1090357685
9 1719 1090357776
9 1753 1090357797
1308 9 1090357954
8 9 1090358025
9 1308 1090358078
9 8 1090358120
1308 9 1090358151
9 1308 1090358282
191 429 1090358300
8 9 1090358619
9 8 1090358656
9 1308 1090358713
1308 9 1090358784
8 9 1090358815
621 1647 1090358956
1655 9 1090368823
1285 1731 1090369996
1285 8 1090370116
8 1285 1090371674
1741 1673 1090374237
1741 277 1090374281
1255 12 1090374596
1255 9 1090374630
1313 1713 1090374916
810 233 1090375337
27 1285 1090375371
810 1338 1090375496
308 674 1090378600
1346 1314 1090379380
1758 144 1090380424
1731 9 1090381494
193 118 1090382195
193 118 1090382372
312 3 1090382582
474 749 1090382776
1754 1644 1090383254
144 1758 1090386241
175 95 1090387633
346 1655 1090387675
175 95 1090387783
494 389 1090387926
1343 9 1090389474
995 27 1090389931
1644 1754 1090390082
995 1749 1090390114
447 395 1090390353
995 318 1090390414
995 318 1090390422
1113 1493 1090390633
1644 995 1090390763
249 447 1090390790
144 1761 1090390791
1113 1395 1090390849
995 1644 1090390913
1644 995 1090391045
995 1644 1090391092
1644 995 1090391262
995 1644 1090391447
1644 995 1090391602
995 1644 1090391710
1644 995 1090391845
1497 1158 1090392506
995 1644 1090392535
249 1497 1090392587
995 1644 1090392700
1644 995 1090392718
27 995 1090392734
1644 995 1090392788
995 1644 1090392808
995 1644 1090392829
995 27 1090392878
1754 1644 1090394270
1253 673 1090394408
810 175 1090395171
1762 1281 1090396163
1758 144 1090397240
67 318 1090399071
67 713 1090399245
67 97 1090399353
67 97 1090399391
67 97 1090399417
1346 1678 1090400360
1678 1346 1090404156
1678 475 1090404878
3 312 1090409473
