1431 431 1088955085
969 1725 1088962609
249 212 1088963812
212 249 1088964887
212 303 1088965064
525 32 1088965112
249 212 1088965129
525 155 1088965373
430 536 1088965565
430 194 1088965663
430 277 1088965701
430 638 1088965718
430 69 1088965732
430 297 1088965743
430 72 1088965766
430 323 1088965774
430 475 1088965807
430 27 1088965865
430 44 1088965880
430 144 1088965889
430 8 1088965981
430 175 1088966077
430 97 1088966154
430 260 1088966206
430 220 1088966242
249 1395 1088966391
249 997 1088966408
1713 536 1088967219
1713 809 1088967394
1713 1737 1088967472
1314 1346 1088968229
1346 1314 1088968374
615 245 1088968484
1644 1713 1088968631
1713 1644 1088968692
1181 620 1088969272
1158 1072 1088970176
431 1431 1088970674
431 396 1088970717
1540 48 1088972373
1540 781 1088972485
9 1343 1088972607
9 1731 1088972614
1540 518 1088972748
1488 32 1088972833
809 1713 1088972981
242 1178 1088973096
245 615 1088974599
1713 809 1088975031
1713 474 1088979410
1540 1738 1088979480
32 1488 1088980031
32 474 1088980099
1548 1713 1088981129
1713 1548 1088983678
72 430 1088983756
1647 482 1088983867
1647 714 1088983988
1644 1713 1088984271
1713 1644 1088984396
1713 1647 1088984471
1647 1713 1088984729
1738 1540 1088985225
1713 1647 1088985627
1343 1113 1088985728
1343 582 1088985779
1343 9 1088985835
1644 1713 1088985856
1713 1644 1088986056
1644 1713 1088986385
1181 620 1088988017
175 224 1088988219
620 1181 1088989755
191 429 1088990079
191 952 1088990156
209 1699 1088991172
394 1190 1088991321
1713 61 1088992299
620 1644 1088992362
1434 81 1088992487
1434 85 1088992554
1434 1679 1088992691
620 27 1088992719
1434 1312 1088993383
1434 1562 1088993660
1434 1312 1088994495
1540 1738 1088994592
1181 620 1088995395
1509 1624 1088996898
620 1181 1088996921
342 523 1088998137
708 1713 1089002928
708 557 1089003040
708 1500 1089003205
1713 1739 1089003885
1667 1231 1089004820
233 193 1089005113
443 32 1089005582
443 1409 1089005904
443 42 1089006042
1142 1415 1089006467
199 1739 1089007470
97 726 1089007605
1562 1434 1089008014
1739 1713 1089008019
1739 199 1089008142
63 193 1089008441
63 1520 1089008458
415 997 1089008517
204 456 1089010755
32 443 1089010876
9 1343 1089011150
809 1713 1089011789
1406 495 1089011926
959 699 1089013079
1713 809 1089013914
1042 32 1089014830
1472 1346 1089014963
843 557 1089015039
620 1487 1089015200
858 701 1089015307
1520 63 1089015942
283 69 1089017375
878 783 1089017490
48 1540 1089017665
1485 249 1089017752
249 1485 1089018131
1346 1472 1089018459
540 1142 1089032886
1 312 1089032908
719 1346 1089036306
