1675 32 1093878733
1675 1783 1093878764
27 620 1093880541
1808 12 1093880894
1488 847 1093881167
1167 809 1093883573
398 12 1093885293
398 12 1093885403
1485 1756 1093888441
547 1246 1093890029
1543 1675 1093890218
620 27 1093890383
847 1488 1093890865
1543 561 1093890953
27 620 1093893030
809 1167 1093896646
809 1167 1093896699
1756 503 1093896996
1756 1485 1093897082
1624 456 1093898444
105 561 1093899059
768 1280 1093899156
1167 809 1093901747
494 63 1093904524
1814 175 1093906448
32 1403 1093906604
105 1395 1093906942
1540 48 1093907660
1540 249 1093907731
12 398 1093908025
12 868 1093908189
12 1808 1093908327
12 1246 1093908511
1280 768 1093908616
620 27 1093911502
27 620 1093912735
105 697 1093914000
105 697 1093914000
1132 341 1093914116
398 12 1093914485
105 1624 1093914696
1624 105 1093914801
105 1624 1093914915
1624 105 1093915021
105 1624 1093915070
1624 105 1093915254
105 1624 1093915323
1624 105 1093916038
1713 561 1093916102
105 1624 1093916804
1756 1629 1093917070
1624 105 1093917306
175 1814 1093917340
105 1624 1093917424
1624 105 1093917789
105 1624 1093918129
1624 105 1093918174
105 1624 1093918284
1624 105 1093918339
105 1624 1093918511
1624 105 1093918598
105 1624 1093918713
868 12 1093918835
1624 105 1093918856
12 868 1093919157
12 868 1093919173
868 12 1093919240
12 398 1093919288
868 12 1093919295
12 868 1093919318
398 12 1093919334
105 1624 1093919349
12 868 1093919355
868 12 1093919407
12 868 1093919418
868 12 1093919444
1624 105 1093919470
12 868 1093919529
12 398 1093919566
868 12 1093919626
1624 398 1093919639
105 1624 1093919645
1624 105 1093919666
12 868 1093919716
105 1624 1093919781
868 12 1093919929
12 868 1093919999
868 12 1093920078
12 868 1093920269
1624 105 1093920309
398 12 1093920338
105 1624 1093920375
868 12 1093920475
1624 105 1093920505
12 1624 1093920517
1624 12 1093920532
398 1624 1093920535
12 868 1093920573
12 1624 1093920599
1624 398 1093920735
1624 12 1093920757
12 1624 1093920773
1624 12 1093920823
12 1624 1093920869
12 868 1093920892
1624 12 1093920897
868 12 1093920951
868 12 1093920970
398 1624 1093921078
105 1624 1093921112
1624 105 1093921352
1624 398 1093921709
398 1624 1093921729
398 1624 1093921753
1624 398 1093921757
1624 398 1093921776
398 1624 1093921929
1624 398 1093921975
398 1624 1093922050
1624 398 1093922140
398 1624 1093922186
1624 398 1093922274
398 1624 1093922301
1624 398 1093922886
398 1624 1093923068
1624 398 1093923153
398 1624 1093923236
1624 398 1093923364
398 1624 1093923530
398 1624 1093923543
398 1624 1093923586
105 1624 1093923759
1624 398 1093923802
1624 398 1093923815
1624 105 1093923836
105 1624 1093923905
398 1624 1093923936
1624 105 1093923968
1488 847 1093924893
105 1624 1093925852
32 12 1093927409
12 32 1093928704
1545 1332 1093932919
1545 1556 1093932942
1783 204 1093933710
1217 1344 1093937346
783 1741 1093939217
105 1743 1093939865
847 1021 1093940763
221 1783 1093941334
221 1796 1093941438
105 415 1093941470
415 105 1093941517
105 415 1093941625
105 927 1093959136
