626 733 1086534868
1578 847 1086535801
1578 342 1086535896
1585 1043 1086536090
155 1196 1086539392
735 1575 1086539785
1127 405 1086540028
735 810 1086540072
1509 352 1086541084
725 1260 1086541904
1582 199 1086541977
105 585 1086543897
352 1509 1086544586
103 277 1086546677
525 1623 1086547032
103 899 1086547078
103 1015 1086547140
357 1359 1086547518
19 639 1086547532
1 1626 1086547620
143 357 1086547628
1359 357 1086547838
3 60 1086547871
1042 220 1086548340
615 823 1086549262
1619 297 1086549438
1619 712 1086550064
852 1611 1086550066
852 1611 1086550176
224 1624 1086550517
852 1611 1086550870
605 1601 1086551136
1105 840 1086551179
852 1611 1086551224
704 734 1086551579
1626 1 1086551777
145 933 1086551887
145 644 1086551974
1625 686 1086552374
1396 669 1086552471
1 1626 1086552686
1 312 1086552761
1 1626 1086552807
507 1036 1086552981
1619 1100 1086553353
103 908 1086555179
103 758 1086555257
1619 758 1086555282
758 1619 1086555396
704 734 1086555626
1619 758 1086555701
1624 224 1086557388
1624 234 1086557397
1043 1585 1086557515
859 725 1086557603
810 233 1086557948
1539 1338 1086558011
1624 1518 1086558391
810 1624 1086558469
1624 810 1086558854
1009 463 1086559007
1548 1598 1086559108
509 893 1086559115
1548 303 1086559179
327 1598 1086559442
224 1624 1086559945
1313 507 1086559985
342 1255 1086560047
389 950 1086560062
389 1576 1086560074
1539 1628 1086560325
1313 507 1086560408
704 734 1086560476
68 323 1086560787
704 734 1086561837
1522 1184 1086561868
1522 1598 1086561904
1624 224 1086561960
224 1624 1086562805
704 502 1086562907
704 734 1086562929
704 502 1086562952
1362 342 1086563314
713 733 1086563491
1522 1616 1086563669
713 912 1086563847
1522 859 1086564201
174 1231 1086564831
810 1624 1086564854
72 1316 1086565041
176 1603 1086565167
1624 810 1086565719
809 342 1086565734
704 1603 1086565767
1522 175 1086566748
103 874 1086567003
103 437 1086567220
704 734 1086567236
1196 155 1086567697
1196 155 1086567787
704 734 1086567942
1539 1196 1086568257
342 1050 1086569074
143 357 1086569715
143 357 1086569735
560 1629 1086569810
233 810 1086570058
342 389 1086570173
1565 1379 1086570309
810 1624 1086570612
810 233 1086570748
389 342 1086570980
1546 1619 1086571009
1619 1546 1086571858
103 1419 1086572361
1568 1042 1086572452
1339 474 1086572486
53 1585 1086573111
1026 509 1086573522
1314 781 1086573953
547 32 1086574087
27 620 1086574160
475 203 1086574979
1539 154 1086575420
1339 605 1086575467
1543 475 1086575599
704 1565 1086575740
1565 1379 1086575968
704 734 1086575988
950 389 1086576135
704 734 1086576201
475 1543 1086576299
704 734 1086576359
249 1629 1086576588
103 1238 1086576770
422 1299 1086576824
103 1238 1086576907
1231 1339 1086576927
495 1630 1086577052
249 1608 1086577172
919 303 1086577915
155 1196 1086578071
800 1072 1086578495
103 919 1086578538
1339 323 1086578769
1339 1069 1086578883
1576 578 1086579152
704 1231 1086579659
249 1362 1086579824
704 1231 1086579895
474 1339 1086580206
32 547 1086580338
704 1231 1086580455
704 1231 1086580542
547 711 1086580543
812 708 1086580550
704 1231 1086580699
1339 474 1086580721
547 711 1086580773
704 1231 1086580794
620 233 1086580902
704 1231 1086580908
547 711 1086580995
233 620 1086581025
594 752 1086581067
233 810 1086581154
547 711 1086581250
973 254 1086581302
1594 219 1086581348
219 1594 1086581486
697 1631 1086581553
547 711 1086581608
679 919 1086581830
547 711 1086581833
1594 219 1086581970
711 1623 1086581974
620 967 1086582011
1545 259 1086582061
679 919 1086582167
547 711 1086582200
605 1339 1086582556
679 919 1086582557
605 1339 1086582589
1539 1255 1086582589
967 620 1086582670
781 1314 1086583011
620 967 1086583064
967 620 1086583138
354 1373 1086583180
617 734 1086583273
617 734 1086583353
1624 810 1086583362
474 1339 1086583380
617 734 1086583470
617 734 1086583598
1282 1601 1086583661
617 734 1086583693
620 967 1086583764
617 734 1086583917
1616 1173 1086583983
605 734 1086584019
617 734 1086584084
1407 1189 1086584134
605 1246 1086584291
725 859 1086584423
1227 1238 1086584503
1616 1601 1086584617
1616 582 1086584663
799 302 1086584699
1619 712 1086584904
1281 1033 1086585250
1238 1227 1086585346
1339 605 1086585885
1339 474 1086586015
1539 1632 1086586129
1314 781 1086586217
1578 342 1086586606
799 302 1086586704
463 609 1086587324
538 1065 1086587386
463 1009 1086587481
1282 1542 1086587595
1521 852 1086587713
1575 735 1086588160
249 302 1086588247
1576 1248 1086588400
749 1487 1086588538
517 1588 1086588671
495 933 1086588685
495 1213 1086588735
495 498 1086588769
495 741 1086588825
1542 1282 1086588833
249 708 1086589155
405 398 1086589277
741 495 1086589390
768 1304 1086589670
193 233 1086589803
1304 768 1086590080
1539 1346 1086590167
871 297 1086590204
323 68 1086590226
323 1339 1086590251
1175 299 1086590280
298 323 1086590305
871 1603 1086590343
298 323 1086590359
298 323 1086590415
1489 878 1086590472
1158 27 1086590477
1539 599 1086590480
871 1603 1086590556
1189 483 1086590568
1189 1407 1086590614
103 495 1086590615
103 1603 1086590755
600 1454 1086590765
1105 840 1086590774
193 63 1086590849
323 950 1086590887
103 1603 1086590984
1507 42 1086591017
103 462 1086591017
1175 299 1086591101
1396 1618 1086591108
193 282 1086591252
193 118 1086591335
1576 1034 1086591397
193 1633 1086591498
193 63 1086591596
1297 800 1086591889
704 1603 1086591929
1393 95 1086591973
193 85 1086592003
1413 800 1086592322
392 321 1086592631
967 193 1086592632
1537 324 1086592917
676 1206 1086592957
1537 329 1086592957
704 1603 1086592993
1616 254 1086593092
1539 1206 1086593125
143 357 1086593133
950 323 1086593422
1539 1039 1086593665
498 495 1086593674
1616 582 1086593688
1543 475 1086593938
704 1603 1086593954
298 573 1086593963
1585 1043 1086594002
172 1603 1086594014
338 1244 1086594032
1539 1039 1086594085
1543 63 1086594103
1543 475 1086594111
507 1313 1086594197
1603 172 1086594263
1543 282 1086594319
298 573 1086594374
620 27 1086594391
1616 582 1086594536
298 573 1086594587
298 573 1086594685
768 1304 1086594913
1616 940 1086594988
1346 1314 1086595090
398 405 1086595164
1616 582 1086595351
1039 1632 1086595486
582 1616 1086595542
643 1365 1086595587
298 573 1086595603
298 573 1086595616
298 573 1086595995
1616 940 1086596098
1244 338 1086596137
1184 1522 1086596379
67 1565 1086597232
687 1616 1086597243
1304 768 1086597597
234 1244 1086597781
1244 234 1086597907
1565 67 1086597974
1565 174 1086599178
555 1634 1086599379
1378 1635 1086599546
53 1585 1086599643
1252 1616 1086599894
1616 1252 1086599935
1616 1252 1086599957
713 878 1086600023
1565 174 1086600034
1252 1616 1086600102
713 714 1086600129
713 546 1086600221
1252 1616 1086600267
1565 174 1086600389
1616 1252 1086600487
1491 132 1086600773
1189 502 1086600836
1252 1616 1086600848
1616 1252 1086600970
1565 176 1086601029
53 1636 1086601671
53 1636 1086601820
1383 1636 1086601849
53 1636 1086601885
1378 1635 1086601923
53 1636 1086601989
53 1636 1086602028
984 1636 1086603332
1539 1056 1086603414
1539 1056 1086603575
781 1314 1086603850
201 1616 1086604647
679 963 1086605239
1565 228 1086605681
103 72 1086607933
1009 928 1086611378
1009 752 1086611622
1009 177 1086612213
321 392 1086618300
342 1578 1086620114
