1509 1669 1090681268
318 995 1090691549
561 431 1090693942
561 95 1090695885
727 1280 1090697259
810 175 1090697446
431 561 1090698515
1762 308 1090699880
1253 1744 1090707995
1285 27 1090710030
1 312 1090710413
1738 1280 1090710464
1669 1509 1090715200
3 32 1090715366
1 1655 1090715504
1343 9 1090716589
1758 144 1090728922
1698 1644 1090732714
309 1467 1090734478
1280 727 1090734863
175 810 1090735656
429 191 1090735930
308 1762 1090736225
1253 984 1090736620
1253 549 1090739403
1644 1698 1090739622
1310 561 1090740281
727 1280 1090741098
1253 1765 1090741135
1026 509 1090742102
1741 1391 1090742992
1713 809 1090744291
9 1346 1090745699
9 1343 1090745800
1749 1063 1090747331
595 1101 1090748166
595 1101 1090748191
1762 308 1090752369
1346 9 1090760486
