1859 1601 1096038092
143 1601 1096042398
1601 143 1096045347
1781 1601 1096045481
1308 9 1096049090
1237 1167 1096054495
9 1308 1096055189
586 396 1096056422
1644 9 1096056557
1624 105 1096057443
1624 1168 1096058522
1624 398 1096058532
1168 1624 1096058569
1624 95 1096058586
1624 1168 1096058598
1624 1168 1096058629
1168 1624 1096058654
1624 1168 1096058729
1168 1624 1096058805
1624 1168 1096058844
1168 1624 1096058914
398 1624 1096059020
1624 1168 1096059171
1624 398 1096059177
1168 1624 1096059257
398 1624 1096059369
1624 1168 1096059400
1624 398 1096059413
1624 1727 1096059458
1168 1624 1096059479
1624 1168 1096059559
1168 1624 1096059694
1624 1862 1096059717
1624 1168 1096059730
1727 1624 1096059748
1168 1624 1096059752
1624 1727 1096059777
1624 1168 1096059794
1168 1624 1096059951
1624 1168 1096060001
1727 1624 1096060050
1624 1626 1096060075
1624 1727 1096060107
1727 143 1096060180
1727 1624 1096060192
1727 1624 1096060209
1168 1624 1096060244
1624 1864 1096060268
1624 1727 1096060276
1624 1727 1096060283
1624 1168 1096060294
1168 1624 1096060362
1624 1864 1096060374
1624 1168 1096060386
1168 1624 1096060463
1624 1285 1096060466
1624 1168 1096060481
1168 1624 1096060585
1624 1168 1096060716
1168 1624 1096060813
1624 1168 1096060967
1168 1624 1096061066
1601 701 1096061086
1624 1168 1096061110
1624 1052 1096061119
1052 1859 1096061136
1052 1624 1096061153
1624 1052 1096061180
1168 1624 1096061184
1624 1168 1096061226
1052 1624 1096061262
1168 1624 1096061316
1624 1052 1096061327
1624 1168 1096061347
1052 1624 1096061359
1168 1624 1096061388
1626 1624 1096061616
1624 1052 1096061729
1624 1168 1096061747
1624 1626 1096061766
1168 1624 1096061941
1624 1168 1096062031
1168 1624 1096062443
1624 1168 1096062830
1168 1624 1096062928
1624 1168 1096063260
1168 1624 1096063310
1624 1168 1096063355
1168 1624 1096063404
1624 1168 1096063551
1168 1624 1096063585
1624 1168 1096063728
1168 1624 1096063771
1543 1848 1096063814
1543 1865 1096063906
1624 1168 1096064099
1168 1624 1096064181
1675 1657 1096064269
1624 1168 1096064356
1168 1624 1096064454
1624 1168 1096064542
1168 1624 1096064648
1624 1168 1096064805
1168 1624 1096064841
1624 1168 1096065021
1168 1624 1096065102
1624 1168 1096065163
1168 1624 1096065222
1624 1168 1096065262
1168 1624 1096065406
1624 1168 1096065449
1168 1624 1096065511
1624 1168 1096065663
1756 503 1096065669
1168 1624 1096065772
1624 1168 1096065895
1624 1866 1096065982
1168 1624 1096066007
1624 1168 1096066057
1866 1624 1096066165
1168 1624 1096066169
1624 1866 1096066226
1866 1624 1096066268
1624 1168 1096066305
1624 1866 1096066316
1168 1624 1096066329
1624 1168 1096066368
1866 1624 1096066421
1168 1624 1096066467
1624 1866 1096066764
1624 1168 1096066793
1866 1624 1096066810
1866 1624 1096066852
1168 1624 1096066903
1624 1866 1096066922
1624 1866 1096066946
1624 1168 1096066973
1866 1624 1096066996
1168 1624 1096067020
1866 1624 1096067026
1624 1866 1096067090
1624 1168 1096067103
1624 1866 1096067133
1866 1624 1096067135
1168 1624 1096067166
1624 1866 1096067189
1624 1168 1096067202
1866 1624 1096067252
520 443 1096067255
1866 1624 1096067307
1624 1866 1096067315
1624 1866 1096067429
1624 520 1096067498
1866 1624 1096067586
1624 1866 1096067624
1866 1624 1096067648
1866 1624 1096067677
1624 1866 1096067700
1624 1866 1096067712
1866 1624 1096067807
1866 1624 1096067858
1624 1866 1096067859
1866 1624 1096067887
1624 1866 1096067894
1624 1866 1096067921
1866 1624 1096067940
1866 1624 1096067972
1624 1866 1096067977
1624 1866 1096067996
1866 1624 1096068051
1624 1866 1096068099
1866 1624 1096068133
1624 1866 1096068165
1866 1624 1096068169
1866 1624 1096068179
1168 1624 1096068733
1624 1168 1096068942
1168 1624 1096069088
1624 1168 1096069182
1168 1624 1096069270
1168 1624 1096069591
1624 1168 1096070032
32 1675 1096071241
143 1727 1096072641
143 1601 1096072693
1862 1624 1096072972
1624 1862 1096073209
1231 1783 1096073419
509 1097 1096074969
509 1839 1096075151
1181 9 1096075530
398 1624 1096079220
1811 1624 1096079841
1783 1231 1096080106
843 1237 1096080820
1859 1052 1096090496
1280 1167 1096091887
1624 398 1096093252
1624 1811 1096093284
969 1867 1096101031
479 1540 1096104645
479 1546 1096104661
1546 479 1096107532
