312 1 1097432254
536 492 1097432420
1 312 1097432596
561 557 1097433612
431 561 1097434036
475 1741 1097435845
1332 1395 1097444880
1332 1395 1097445226
1332 1178 1097445256
492 536 1097446134
768 1280 1097447776
536 492 1097451142
1624 1878 1097452307
1724 1488 1097459395
1291 1836 1097460257
1487 1890 1097464426
342 561 1097464554
1052 1002 1097465739
1236 1237 1097467773
1280 768 1097468030
561 342 1097468291
1878 1624 1097470388
429 1700 1097471012
492 429 1097471479
1836 1291 1097475046
418 1565 1097478027
418 928 1097478601
