617 431 1094401523
617 1713 1094402128
1535 1434 1094403357
1713 617 1094411843
431 617 1094416771
1127 105 1094417463
1543 443 1094417574
1565 67 1094418667
983 431 1094433467
189 44 1094435256
143 201 1094438978
1397 398 1094440817
1315 1724 1094443288
503 1756 1094443326
334 523 1094443796
1434 1535 1094444614
1343 415 1094445106
673 1403 1094446271
398 1397 1094446905
95 1624 1094447605
398 697 1094447844
1676 415 1094448086
398 1644 1094448091
398 1676 1094448174
398 1676 1094448211
1676 398 1094448226
398 1676 1094448255
1676 398 1094448273
1724 1315 1094449829
1783 1724 1094450043
1724 1783 1094450081
1546 1786 1094450521
1624 95 1094450947
398 1624 1094451577
1231 1783 1094456103
1796 95 1094458006
1587 673 1094460494
673 1587 1094461702
1403 673 1094481709
