1676 233 1092150727
1312 12 1092152574
474 1786 1092153071
1543 70 1092156449
1543 109 1092156703
105 1781 1092156919
105 652 1092156942
1543 1768 1092156965
105 1771 1092157040
1395 431 1092157388
431 1395 1092158010
847 1675 1092160184
1786 474 1092160528
1342 942 1092160808
1786 474 1092161634
942 1342 1092163621
652 105 1092164695
27 398 1092166173
27 652 1092166479
105 652 1092168440
1397 502 1092170708
1585 1127 1092174209
319 438 1092174901
319 1127 1092174968
474 1786 1092176884
474 1786 1092176925
1771 105 1092177097
1771 105 1092178417
503 249 1092178418
1059 713 1092178948
398 27 1092179978
969 1756 1092184047
1756 969 1092185969
1771 1285 1092190676
1686 27 1092198426
1724 1786 1092200219
32 1791 1092202212
1786 1724 1092203895
1786 1255 1092203963
1255 1786 1092203981
1786 1603 1092207097
1786 1491 1092207303
1786 1344 1092207316
1786 1280 1092207692
1280 1786 1092208282
1 1675 1092208392
140 1644 1092215347
189 1749 1092216145
969 1756 1092217482
1675 1 1092220024
1675 847 1092220276
105 1675 1092221169
1168 1624 1092222457
1675 105 1092225913
175 810 1092233946
