27 398 1092070908
95 175 1092072276
95 44 1092072371
398 27 1092072420
398 27 1092072455
95 561 1092072798
1342 942 1092073081
95 868 1092073486
95 1246 1092073878
342 975 1092076969
1349 1183 1092078119
1246 95 1092078278
652 27 1092079172
105 652 1092082061
105 1624 1092082206
105 1781 1092082253
1624 105 1092086090
1624 474 1092086790
27 398 1092086936
1127 1585 1092087451
431 1395 1092087664
810 175 1092088020
105 1624 1092088364
1624 105 1092088673
105 1624 1092088720
652 105 1092088935
494 1647 1092088986
494 429 1092089056
942 1342 1092089516
652 105 1092089572
27 652 1092089751
1342 942 1092093613
398 27 1092093691
561 95 1092097763
291 1787 1092100357
291 1787 1092100364
191 429 1092100567
1788 1771 1092102934
1771 1788 1092102984
1788 1771 1092103050
1771 1788 1092103122
1771 719 1092104172
1758 144 1092107091
674 1789 1092107503
97 871 1092107831
398 1013 1092109128
1312 12 1092109393
719 1771 1092111208
429 191 1092113371
1781 67 1092114161
1781 105 1092114175
652 27 1092114635
1771 719 1092116257
1013 398 1092116750
398 1013 1092116771
191 429 1092118124
12 1312 1092119229
975 342 1092119512
398 1397 1092120714
942 1342 1092120805
1013 398 1092121675
398 1013 1092121958
1013 398 1092122164
1013 398 1092122322
398 1013 1092122347
398 1013 1092122365
1562 898 1092123059
1013 398 1092123083
557 1338 1092126141
1338 557 1092126607
1 1790 1092127404
249 503 1092128142
1101 595 1092131447
1675 847 1092135399
1675 847 1092135458
1675 1 1092135537
1 1675 1092135645
1 3 1092135691
1675 1 1092141869
1 1675 1092142155
1675 1 1092148636
