199 1509 1092322893
1748 172 1092323244
1793 1474 1092325134
1543 1215 1092327054
1786 1344 1092327302
1543 639 1092327367
1312 12 1092327513
105 1724 1092327530
105 398 1092327547
105 1792 1092327691
105 1756 1092328129
1059 713 1092330693
1059 713 1092330984
474 1792 1092331136
1792 474 1092331449
27 398 1092331688
27 652 1092331899
1756 105 1092332998
398 105 1092334909
398 27 1092334989
1127 1794 1092334996
1346 1314 1092336035
105 398 1092336743
105 1756 1092336846
27 398 1092337372
1756 105 1092345871
1756 105 1092345884
1756 105 1092345887
312 132 1092346819
749 1788 1092349206
303 1724 1092349314
211 1 1092349900
211 93 1092349955
1285 1792 1092351016
398 27 1092352469
398 105 1092352481
398 697 1092352562
1771 1285 1092353898
93 211 1092355662
1343 12 1092355723
1756 1346 1092358472
831 1031 1092359932
1031 831 1092360496
1031 651 1092360603
132 312 1092361023
1792 1285 1092365894
1792 620 1092368604
1346 1756 1092370124
1021 1449 1092371915
286 1756 1092374529
856 50 1092374742
1724 303 1092375878
1724 105 1092375904
1724 431 1092375929
1297 1771 1092375944
1786 1344 1092377752
1792 1042 1092380853
1792 341 1092381113
140 1644 1092381464
1 211 1092381789
1771 1297 1092381896
1 312 1092382036
431 1724 1092382364
72 1792 1092385811
1 1626 1092398135
1626 1 1092398164
1 1626 1092398192
1 1626 1092398218
1626 1 1092398220
1626 1 1092398253
1626 1 1092398405
1 1626 1092400780
1 1626 1092400802
1 1626 1092400819
1 1626 1092400841
1 3 1092400860
