1756 483 1092843058
1750 561 1092843091
1127 818 1092843748
652 1 1092845224
1052 1796 1092845826
1543 1675 1092846119
342 561 1092846238
1543 561 1092846877
1543 318 1092846898
95 175 1092848367
95 561 1092848602
105 1724 1092854582
847 843 1092855154
12 997 1092855500
1059 713 1092855941
1724 105 1092857544
105 1724 1092861600
312 1626 1092862119
1 652 1092863737
105 1308 1092866159
1724 105 1092866865
503 1316 1092867554
713 1059 1092868057
1255 1756 1092868869
1756 1255 1092869519
1756 503 1092869754
520 1792 1092872036
361 1749 1092872816
1285 1190 1092874016
167 1758 1092874717
1543 1343 1092876070
1543 1582 1092876234
1543 1312 1092876451
561 727 1092876667
561 431 1092877205
1624 1543 1092877500
1716 1624 1092877548
1624 1716 1092877715
561 1750 1092878267
561 1750 1092878751
561 557 1092878883
1801 1802 1092878915
561 1750 1092878965
1801 1800 1092879026
561 342 1092879314
561 1543 1092879708
557 561 1092879817
561 95 1092879963
561 557 1092880017
431 561 1092882034
431 561 1092882144
843 847 1092883136
342 561 1092884878
1434 847 1092885962
1312 1543 1092886366
1312 1543 1092886512
1485 1756 1092888096
19 1803 1092888135
19 1246 1092888213
1246 19 1092888549
19 1246 1092889015
19 1246 1092889651
561 557 1092889690
561 431 1092890273
1246 19 1092890557
557 561 1092890626
1542 1246 1092890627
1246 1542 1092890658
1246 1542 1092890680
1542 1246 1092890775
1542 1246 1092890933
1246 1542 1092890939
1542 1246 1092891082
1246 1542 1092891282
1542 44 1092891312
1542 1246 1092891470
1246 1542 1092891576
1542 1246 1092891780
1542 1750 1092891907
1750 1542 1092891982
1246 1542 1092891993
1542 1246 1092892348
1542 1246 1092892829
1246 1542 1092892835
1542 1246 1092892914
1246 1542 1092892980
1542 1246 1092893385
1246 1542 1092893561
1542 1246 1092893950
1332 1624 1092893955
1246 1542 1092894315
1783 1246 1092894560
1542 1246 1092894640
105 1724 1092895237
1246 1542 1092895536
431 561 1092895954
1786 1517 1092896366
1517 1786 1092896514
1796 431 1092896645
1796 1052 1092896877
1343 1543 1092897006
431 1796 1092897199
1343 1517 1092897694
1786 1517 1092898275
1626 312 1092901604
847 1434 1092902608
847 843 1092902666
847 1675 1092902701
1771 1340 1092903082
1 3 1092905112
1796 67 1092906113
1675 847 1092908278
1675 32 1092908605
1675 1543 1092908926
1 3 1092909494
1762 1281 1092912543
105 1675 1092914578
1675 105 1092920171
