652 1728 1091288636
1748 172 1091294939
561 431 1091298621
1052 1624 1091299816
1052 1238 1091299829
431 561 1091300189
431 1039 1091300440
1771 431 1091301171
1312 12 1091302922
27 398 1091305661
431 1771 1091306464
1127 1771 1091308281
1127 1203 1091308317
172 1748 1091308436
1395 1772 1091310910
407 372 1091313122
429 191 1091315620
12 1312 1091316102
344 42 1091316691
1362 193 1091318497
1362 1748 1091318559
308 1118 1091319373
1771 1127 1091320058
652 862 1091321561
1343 12 1091322386
1312 12 1091326256
1127 36 1091327512
1772 1395 1091333085
1686 27 1091334574
1314 1346 1091334960
1758 1644 1091335001
1758 167 1091335013
105 852 1091335306
9 1338 1091337398
9 1313 1091337416
9 32 1091337461
12 1343 1091341042
12 1312 1091341147
1686 475 1091342106
557 302 1091342298
302 557 1091342422
557 302 1091342929
1313 9 1091343200
302 557 1091343558
621 593 1091344134
557 302 1091344412
1343 12 1091344597
431 495 1091344840
431 394 1091345222
557 302 1091345325
302 557 1091345329
398 27 1091345578
302 557 1091345601
1472 27 1091350778
1118 308 1091351822
36 1127 1091351905
191 429 1091353085
105 639 1091362256
105 639 1091362276
