1756 1255 1093017559
1543 1624 1093018953
1543 561 1093019689
1543 1312 1093019940
1804 1543 1093019969
1804 1543 1093019972
1804 1543 1093019975
1246 1542 1093021532
1624 1543 1093022121
1332 1246 1093023959
561 1543 1093025572
1 312 1093026325
681 1792 1093026945
681 1789 1093027123
1312 1543 1093031730
456 143 1093032685
727 561 1093034920
1312 1543 1093035520
1246 1332 1093035579
749 1724 1093035812
1280 1786 1093035950
95 1246 1093037663
95 561 1093038956
1111 1190 1093039059
95 1796 1093039605
1603 1127 1093039928
312 1626 1093044770
1052 1796 1093047126
1246 95 1093048681
1543 1312 1093048906
1543 1624 1093048935
1543 561 1093049165
36 1 1093052829
224 621 1093054261
105 1308 1093054989
1624 1543 1093055032
1332 1246 1093055440
1332 713 1093055480
1796 1052 1093060258
224 1796 1093060490
1312 1543 1093060596
1724 749 1093062805
494 1436 1093063888
1246 1332 1093064746
503 1756 1093068684
503 1316 1093068697
503 1316 1093068719
621 224 1093073420
1750 538 1093074815
67 1796 1093074861
1542 583 1093078481
