1542 1246 1093194361
415 1343 1093194550
561 1543 1093195129
561 727 1093195515
561 95 1093195956
810 145 1093196350
810 175 1093196493
1285 393 1093206560
1343 12 1093208941
1343 415 1093209037
1343 1517 1093209070
95 1624 1093210148
1756 1624 1093210334
1624 95 1093210650
1624 1756 1093210657
1756 503 1093210771
1756 1624 1093210840
503 1756 1093213936
393 1285 1093214463
1285 393 1093216213
175 810 1093221126
415 1343 1093222936
105 615 1093225089
1781 1783 1093225935
19 1246 1093226387
1373 1792 1093228067
105 1373 1093228383
105 175 1093229072
1343 415 1093229189
105 1781 1093230522
105 783 1093230735
1312 12 1093230962
1781 105 1093231010
105 1781 1093231029
105 1624 1093231102
1624 105 1093231122
415 1343 1093231208
105 1624 1093231212
1781 105 1093231226
1624 105 1093231232
105 1781 1093231302
105 1624 1093231351
1796 95 1093231454
1796 1716 1093231704
105 32 1093231717
32 105 1093231737
105 32 1093231750
32 1675 1093231840
32 1789 1093232027
32 125 1093232043
1783 1781 1093232383
1781 1783 1093232972
1783 1781 1093233109
1781 1783 1093233192
1783 1781 1093233235
1781 1783 1093233490
615 105 1093233545
1783 1781 1093233766
1781 1783 1093233810
1783 1781 1093233901
105 615 1093233912
1781 1783 1093234062
1783 1781 1093234238
1781 1783 1093234291
1783 1781 1093234372
1781 1783 1093234409
1783 1781 1093234539
1781 1783 1093234580
1783 1781 1093234711
1781 1783 1093234821
1398 856 1093234831
1783 1781 1093234927
1781 1783 1093235010
1783 1781 1093235050
32 1255 1093235539
32 105 1093235592
105 32 1093236207
1585 1332 1093238855
1585 1280 1093238942
105 1585 1093238950
1585 105 1093239009
105 1585 1093239091
105 44 1093239604
1343 415 1093239802
1543 1312 1093240855
1312 1543 1093240945
1543 561 1093240957
1312 1543 1093240960
1543 1312 1093241049
1312 1543 1093241086
1543 1312 1093241098
1543 1312 1093241144
1312 1543 1093241146
1312 1543 1093241162
1543 1312 1093241214
1543 1312 1093241262
1312 1543 1093241283
95 1246 1093241306
1312 1543 1093241321
1543 1312 1093241383
1312 1543 1093241389
1312 1543 1093241426
1543 1312 1093241441
1312 1543 1093241495
1543 1312 1093241543
1312 1543 1093241613
1543 1312 1093241615
1312 1543 1093241697
95 1796 1093241748
1543 1312 1093241802
1312 1543 1093241843
1543 1312 1093241975
1312 1543 1093242047
1543 1312 1093242087
175 105 1093242193
615 105 1093242211
1253 492 1093242272
105 175 1093243132
105 615 1093243152
105 1730 1093243319
415 1343 1093244612
415 1781 1093245017
1688 277 1093245096
393 1285 1093245743
19 1624 1093245863
19 1046 1093245986
1624 19 1093245996
19 1624 1093246059
19 1624 1093246094
19 1806 1093246251
19 1806 1093246276
1624 19 1093246403
19 1624 1093246512
95 1624 1093246559
19 1645 1093246586
19 1645 1093246594
19 434 1093246666
615 105 1093246909
19 1624 1093247175
19 443 1093247424
19 443 1093247430
19 443 1093247433
105 615 1093247762
1749 361 1093247765
19 1749 1093248065
967 308 1093248085
1332 1585 1093248307
1546 1786 1093249033
1546 1554 1093249103
1280 1585 1093250859
1675 32 1093268451
1675 1543 1093268564
