9 899 1096297720
9 1190 1096297778
1312 1387 1096301402
1312 1344 1096301436
561 1750 1096301816
1052 711 1096309617
1052 701 1096310290
1 312 1096310831
768 1280 1096315085
145 492 1096318810
620 27 1096323460
1344 1312 1096325952
1601 711 1096326017
1601 711 1096326064
1 312 1096326917
1601 1118 1096327176
1181 9 1096328140
492 1181 1096328215
492 1181 1096328375
1601 1872 1096329611
9 1181 1096330566
1750 561 1096330976
1868 1052 1096332935
1624 810 1096334487
1624 1868 1096334523
1781 9 1096334672
1781 1624 1096335216
1624 1781 1096335729
1624 1052 1096335747
1624 1052 1096336096
312 1 1096338701
1724 1836 1096339044
1624 1601 1096339187
1624 1727 1096340832
785 1724 1096342920
1280 768 1096344764
1624 234 1096348553
1868 1624 1096349506
1346 1868 1096349775
492 463 1096352049
1190 9 1096353128
1190 394 1096353218
1724 785 1096353332
652 1644 1096353650
652 69 1096353994
9 1781 1096356080
9 1190 1096356234
1860 494 1096361718
1860 1873 1096361797
1644 652 1096382964
