557 843 1089386539
249 1644 1089391890
27 1009 1089392740
1190 394 1089394073
1313 1713 1089394971
281 708 1089395327
44 211 1089397587
1730 1746 1089397715
199 1346 1089397744
1730 1034 1089397762
1730 1042 1089398098
1387 95 1089399128
211 44 1089402155
211 93 1089402276
794 1118 1089402959
794 277 1089402977
1746 1029 1089404724
1644 249 1089405826
1314 1346 1089406497
1713 1029 1089408309
1713 1313 1089408447
447 398 1089408749
367 1346 1089409378
1346 367 1089411057
1434 193 1089411338
1434 85 1089411882
1434 81 1089411939
1434 1562 1089411963
1346 1314 1089415058
1343 212 1089415612
1713 605 1089416639
605 1713 1089416685
1713 605 1089416836
312 851 1089417150
1713 1346 1089417559
1346 1713 1089417693
1713 1346 1089417818
1346 1713 1089417965
1713 1346 1089418103
1346 1713 1089418336
592 249 1089418495
592 871 1089418586
176 1747 1089419184
176 475 1089419284
475 176 1089419364
176 475 1089419410
475 176 1089419435
1713 1346 1089419513
249 1644 1089420947
249 1489 1089420995
1346 1713 1089421362
1713 1346 1089421768
878 438 1089422613
1748 384 1089422730
878 1489 1089422793
67 1748 1089424817
398 447 1089426082
1472 1346 1089428141
1118 794 1089429371
1312 12 1089429572
1346 1713 1089429716
1312 12 1089429782
1713 1346 1089429982
1313 1713 1089432439
429 191 1089433254
429 1680 1089433348
1749 1734 1089434201
1749 1727 1089434342
1727 1749 1089434404
1749 346 1089434457
1727 353 1089434604
1667 537 1089434789
1749 995 1089434792
1727 471 1089435151
1667 8 1089435577
1644 249 1089435870
537 1009 1089436545
249 1644 1089437529
1669 1665 1089438667
1395 341 1089438752
537 1667 1089439397
12 1312 1089439521
12 1312 1089439756
739 969 1089440258
1647 1713 1089441245
1647 482 1089441269
1647 1282 1089441310
1647 1688 1089441353
249 447 1089441443
447 398 1089441526
1647 714 1089441527
1713 1647 1089441679
1667 843 1089441877
447 249 1089442044
249 1742 1089443207
843 1667 1089443311
19 1742 1089443542
193 1742 1089443559
1339 1624 1089446080
346 1749 1089446105
1749 346 1089446187
1749 346 1089446301
1713 175 1089449056
843 193 1089449106
557 1644 1089450176
984 1231 1089451143
1669 454 1089451396
1513 1520 1089451573
1669 437 1089451593
1520 1540 1089451761
1520 63 1089451881
1520 1513 1089452100
1742 211 1089452136
1520 1513 1089452218
1669 1521 1089452243
1520 912 1089452321
1513 1520 1089452349
1520 1513 1089452365
1513 1520 1089452394
1520 1513 1089452451
1513 1520 1089452464
1513 1520 1089452533
1513 1520 1089452571
1520 1513 1089452576
1520 1513 1089452609
1669 204 1089452631
1513 1520 1089452780
1669 979 1089452840
1520 1513 1089452955
1513 1520 1089453057
1488 518 1089453069
1029 1746 1089453167
1520 1513 1089453285
1669 784 1089453379
1513 1520 1089453607
1520 1513 1089453679
1513 1520 1089453686
1513 1520 1089453722
1669 1056 1089453733
1520 1513 1089453836
1669 561 1089454466
1727 97 1089454532
1669 460 1089454621
1669 391 1089454780
1669 1423 1089455084
191 429 1089456292
851 312 1089467510
