1644 140 1092236542
27 1686 1092239010
105 1675 1092243221
1491 1786 1092244439
1756 969 1092244506
1756 1603 1092244681
1756 1130 1092244791
105 97 1092244927
1724 1786 1092246171
105 1724 1092246575
1724 105 1092246678
1724 1791 1092247036
713 1059 1092247300
847 1675 1092249789
1624 1168 1092250518
1059 713 1092251472
1127 1603 1092254003
1127 1724 1092254081
1724 1127 1092254280
1127 840 1092254369
1724 1127 1092254416
1127 1724 1092255098
1724 1127 1092257007
431 1724 1092257106
1724 431 1092257209
105 1724 1092257320
1285 1771 1092257364
105 1724 1092257709
431 1724 1092258062
768 1280 1092259451
1436 1332 1092259676
639 105 1092261185
652 27 1092262635
1285 1190 1092263076
1626 1 1092263103
1313 9 1092263636
1313 9 1092263930
713 1059 1092265188
810 175 1092268669
105 639 1092269261
105 398 1092272565
494 1436 1092272917
1724 431 1092273689
398 105 1092273915
1724 105 1092274376
1509 199 1092277303
1509 193 1092277532
1792 1285 1092283284
1792 1168 1092284040
1168 1792 1092284223
1792 72 1092284275
172 1748 1092284842
1792 1168 1092284951
1792 520 1092285653
1792 1399 1092286337
1792 1310 1092286986
1792 278 1092287179
1792 1583 1092287367
1436 494 1092288978
1771 1285 1092290529
1346 1433 1092290831
1792 474 1092291004
1280 768 1092291497
431 1724 1092291551
175 810 1092291811
1285 1792 1092292057
1285 1771 1092292122
9 1313 1092292444
9 1313 1092292458
1 1626 1092292518
1314 1346 1092292664
72 1792 1092293650
12 1312 1092293723
1168 1792 1092293953
12 997 1092294219
12 9 1092294329
12 1343 1092294699
1 3 1092294976
1031 1739 1092295889
1031 707 1092295944
1031 831 1092296143
1344 1786 1092299119
1792 1285 1092300074
1792 72 1092300097
1792 1168 1092300175
1792 1373 1092300523
249 503 1092300983
1 3 1092311825
1 3 1092311945
1 3 1092311965
1 3 1092311983
1 3 1092312115
