1543 886 1096647224
1543 536 1096647426
652 1565 1096649720
557 1624 1096649761
9 1624 1096653145
9 1781 1096653223
1644 9 1096654001
674 1865 1096655251
1338 1868 1096655679
316 509 1096656876
509 316 1096657101
1190 9 1096660353
1624 1168 1096662067
1624 557 1096662089
1624 9 1096662110
1168 1624 1096663275
1624 1168 1096664538
27 620 1096666082
1852 1865 1096667559
768 1280 1096667593
12 1312 1096668017
1876 1865 1096672262
1624 557 1096672368
561 1750 1096672450
557 1624 1096672560
1624 557 1096672680
1624 557 1096672699
557 1624 1096673175
1624 557 1096673257
557 1624 1096673304
561 431 1096673636
561 1713 1096673795
561 95 1096674366
1285 1624 1096674403
536 1543 1096675390
423 1565 1096676201
1565 652 1096676303
642 234 1096678623
711 1601 1096680866
431 561 1096681284
1543 536 1096681807
847 1781 1096685190
9 1624 1096685363
95 1865 1096685372
9 1190 1096685405
539 710 1096686706
1781 9 1096687093
1781 847 1096687143
1624 9 1096689853
1724 1836 1096693006
1362 1624 1096694338
1624 1362 1096694910
1565 652 1096699039
847 1781 1096701635
809 1167 1096712117
