1224 1406 1086103202
595 1526 1086103320
582 626 1086104881
114 770 1086105699
1179 1509 1086106233
483 821 1086107041
1533 1489 1086107849
1393 1180 1086108739
1393 919 1086108753
1393 283 1086108829
509 1026 1086109394
337 263 1086109404
509 316 1086109417
1189 713 1086109914
1215 1083 1086109965
1189 626 1086110023
606 1502 1086110113
1167 483 1086110484
1507 1534 1086111122
1502 606 1086111125
1189 454 1086111146
41 473 1086111231
41 713 1086111299
606 1502 1086111511
42 1534 1086111634
710 646 1086111859
36 211 1086113871
1523 1518 1086115641
1523 626 1086115979
1313 507 1086116025
1313 733 1086116100
1416 713 1086116363
735 276 1086116535
620 27 1086116761
1509 1356 1086116814
72 303 1086116827
1281 1356 1086117216
586 145 1086117559
704 297 1086117863
1489 1533 1086118135
1101 375 1086118240
1434 1535 1086118242
1489 42 1086118311
1026 615 1086119250
1026 509 1086119509
518 1488 1086119560
1026 1517 1086119851
831 1199 1086120649
518 1536 1086120678
1075 708 1086121117
561 38 1086121368
1532 852 1086121709
768 797 1086121817
1532 852 1086121844
852 1356 1086121988
1401 794 1086122250
1235 1468 1086122285
626 1189 1086122494
626 1523 1086122527
483 821 1086122688
67 1489 1086123250
12 366 1086123809
30 132 1086123881
245 194 1086124632
1440 42 1086125138
95 1385 1086125141
1113 1517 1086125292
635 1433 1086125311
95 311 1086125322
635 725 1086125598
615 1026 1086125618
1127 1015 1086125702
676 394 1086125732
635 725 1086125786
966 852 1086126079
605 431 1086126156
725 635 1086126380
233 193 1086126700
635 725 1086126941
329 1537 1086127246
1365 643 1086127306
1365 1393 1086127383
67 1538 1086127566
725 635 1086128748
307 189 1086128894
36 189 1086129195
1402 95 1086129501
454 1189 1086129693
36 211 1086129760
72 303 1086129813
1136 376 1086129854
1406 1224 1086129905
1406 928 1086129918
817 981 1086130039
1036 792 1086130182
1189 626 1086130200
68 893 1086130282
1189 454 1086130424
504 1517 1086131267
495 1213 1086131551
495 1433 1086131574
495 1367 1086131611
495 172 1086131649
495 1517 1086131709
36 189 1086132042
1113 1493 1086132231
779 713 1086132250
483 821 1086132757
1328 239 1086132923
617 1539 1086133170
1224 1406 1086133410
1539 938 1086133711
283 1393 1086133731
1285 1021 1086133804
1211 1377 1086134258
810 233 1086134345
1377 1211 1086134392
114 770 1086134530
1211 1377 1086134594
1393 1365 1086134663
1393 283 1086134775
357 1190 1086134784
439 1449 1086134827
357 1387 1086134954
893 68 1086135020
1539 1452 1086135556
1364 282 1086135739
1452 1539 1086135803
735 1168 1086135934
124 449 1086136025
357 449 1086136084
9 1285 1086136291
620 1211 1086136334
283 1393 1086136359
620 27 1086136428
908 352 1086136474
1406 1224 1086136627
1489 1289 1086136808
282 1364 1086136937
67 798 1086137093
67 908 1086137143
299 1175 1086137434
1539 402 1086137447
552 326 1086137521
823 285 1086138170
1463 402 1086138407
1539 152 1086138443
592 545 1086138713
592 377 1086138723
1539 152 1086138736
1026 615 1086138830
615 1026 1086138972
706 1236 1086138982
615 1026 1086139997
376 824 1086140148
823 1525 1086140656
1440 1509 1086141220
1359 1497 1086142000
326 552 1086142182
598 1538 1086142230
1339 173 1086142616
324 1537 1086143046
1504 738 1086143600
1354 42 1086143731
1540 1440 1086144199
372 1529 1086144398
1540 1179 1086144682
1183 376 1086145349
1328 1178 1086145383
1440 1540 1086145487
114 770 1086145547
103 1395 1086145775
1339 1344 1086145792
333 314 1086146033
1437 1332 1086146191
1437 1454 1086146217
1323 938 1086146854
1113 1541 1086146929
1489 1289 1086147039
483 821 1086147060
938 1323 1086147079
103 893 1086147147
938 1323 1086147178
883 326 1086147280
1323 938 1086147308
938 1323 1086147383
1033 1281 1086148022
1033 194 1086148039
1542 42 1086148216
193 233 1086148286
1189 1282 1086148299
1189 626 1086148317
1542 1282 1086148404
41 473 1086148441
41 642 1086148466
1136 376 1086148467
41 1248 1086148505
41 1542 1086148515
41 1136 1086148520
32 1015 1086148707
32 1543 1086148804
429 1449 1086149386
103 429 1086149590
103 1231 1086149899
621 1544 1086149935
103 462 1086150037
1508 1184 1086150351
1508 1021 1086150402
1332 1437 1086150486
704 1231 1086150565
1393 283 1086150659
704 1231 1086150752
704 1231 1086150877
193 63 1086150983
1021 1285 1086150988
704 1231 1086150990
1540 1440 1086151029
63 193 1086151050
704 297 1086151179
1332 390 1086151243
1332 390 1086151250
1332 390 1086151254
1342 1335 1086151428
1433 635 1086151440
1507 1410 1086151464
507 1313 1086151482
376 1183 1086151533
1545 1332 1086151708
1332 806 1086151731
63 923 1086151837
447 124 1086151943
1440 1540 1086152280
1036 299 1086152424
400 601 1086152431
1522 220 1086152435
1545 1332 1086152486
1545 1332 1086152495
220 1522 1086152790
400 474 1086152904
1540 1440 1086152939
1542 1282 1086152971
326 883 1086152994
103 1231 1086153220
635 1433 1086153234
103 1431 1086153324
193 63 1086153351
421 1069 1086153375
103 1518 1086153496
1463 373 1086153555
63 193 1086153586
283 1393 1086153659
674 282 1086153822
1291 1335 1086153843
787 1490 1086153927
9 1510 1086153978
643 1365 1086154021
1426 339 1086154202
787 1339 1086154246
582 626 1086154273
1255 1332 1086154348
617 431 1086154590
1468 1339 1086154597
878 1540 1086154599
1339 787 1086155134
1339 1468 1086155154
1479 658 1086155174
810 1540 1086155359
1393 283 1086155361
878 1540 1086155486
263 337 1086155499
422 308 1086155552
1543 282 1086155608
878 1540 1086155821
714 1540 1086156104
1026 615 1086156564
1534 42 1086156792
830 1426 1086157062
605 431 1086157104
1 1440 1086157236
1 1440 1086157245
249 1504 1086157355
249 1541 1086157549
1546 32 1086157555
810 1540 1086157576
1158 713 1086157638
615 1026 1086157710
983 985 1086157753
1468 1339 1086158233
787 1339 1086158273
1184 1508 1086158325
103 1308 1086158574
483 821 1086159317
323 514 1086159322
1546 1547 1086159366
1244 615 1086159701
1540 1548 1086159803
658 1479 1086160003
1244 338 1086160047
704 297 1086160148
994 1540 1086160162
483 821 1086160581
212 1507 1086160676
1185 676 1086160741
495 1433 1086160910
1326 85 1086160947
547 1246 1086161084
1181 1545 1086161173
1013 85 1086161340
1013 85 1086161352
1517 1026 1086161387
1246 99 1086161390
99 1246 1086161425
1517 504 1086161488
109 32 1086161491
1246 99 1086161519
85 1326 1086161538
372 864 1086161596
1083 85 1086161601
1069 421 1086161626
42 1534 1086161642
509 1026 1086161694
143 201 1086161761
1246 547 1086161806
85 1083 1086161864
294 1549 1086161907
1550 1547 1086161948
1397 294 1086161981
1285 1021 1086162124
1521 1501 1086162164
878 1489 1086162321
878 1489 1086162405
447 124 1086162443
143 1339 1086162528
1359 1342 1086162638
1489 546 1086162688
1489 546 1086162774
1339 1546 1086162787
1546 1339 1086162924
878 1489 1086163038
143 1339 1086163069
1158 1377 1086163127
212 1551 1086163285
1546 1339 1086163333
1552 1553 1086163651
1551 212 1086163686
1546 1554 1086163727
1553 1552 1086163763
1552 814 1086163774
1552 1553 1086163794
1553 1552 1086163822
442 1184 1086163994
1440 1517 1086164013
339 1426 1086164268
400 474 1086164275
1517 1440 1086164476
483 821 1086164541
453 516 1086164658
1142 1517 1086164752
400 1555 1086164755
400 1555 1086164761
704 69 1086164911
1520 504 1086164948
1556 1557 1086165235
483 821 1086165430
42 754 1086165471
1189 1282 1086165554
871 409 1086165555
400 1419 1086165558
1189 454 1086165588
42 1558 1086165590
714 1493 1086165592
1412 372 1086165766
42 1559 1086165822
1377 1158 1086166003
1551 212 1086166141
810 1412 1086166146
810 1412 1086166528
278 883 1086166693
42 374 1086166719
1517 1142 1086166737
1189 475 1086166795
792 372 1086166887
502 1189 1086166921
1416 400 1086166941
1416 400 1086167039
1412 810 1086167080
400 1142 1086167112
1416 85 1086167128
810 1412 1086167163
1101 1493 1086167301
1509 1440 1086167432
1189 1560 1086167526
502 400 1086167793
221 1561 1086167817
1280 9 1086167819
1562 1517 1086167850
1561 221 1086167883
502 1189 1086167905
345 259 1086167911
400 1416 1086167920
221 1323 1086167966
1415 42 1086167991
502 400 1086167997
1189 1520 1086168050
1189 1520 1086168076
221 1282 1086168091
502 400 1086168107
377 942 1086168196
1493 714 1086168221
502 400 1086168265
72 303 1086168310
42 1415 1086168398
1520 928 1086168405
502 400 1086168525
502 400 1086168610
1431 342 1086168729
846 132 1086168772
704 72 1086168901
1539 1563 1086169116
704 72 1086169116
1539 1563 1086169288
883 278 1086169928
1431 768 1086170353
48 1015 1086170485
1545 1181 1086170892
475 400 1086171004
400 475 1086171292
475 400 1086171584
176 101 1086172255
1489 546 1086174677
1564 1565 1086176300
1472 1375 1086176382
1564 773 1086176726
799 32 1086184619
342 1431 1086187371
400 475 1086187501
1405 516 1086187776
1405 1373 1086187823
