865 708 1086275970
53 308 1086276295
32 1546 1086276809
560 1280 1086277026
1255 1332 1086277282
1575 735 1086277341
1586 1545 1086277849
1586 1556 1086278350
1586 1595 1086278380
980 710 1086278521
569 250 1086280057
626 762 1086280162
735 1575 1086280486
1272 768 1086281510
53 308 1086283026
470 621 1086283096
32 1577 1086283177
394 1582 1086283225
1596 808 1086283776
1393 1180 1086283840
1365 1393 1086284167
1585 1018 1086284315
1585 1043 1086284381
1018 1585 1086284388
1585 762 1086284640
44 103 1086284728
582 626 1086284821
701 1579 1086284863
582 598 1086284940
701 317 1086285029
1253 50 1086285356
103 44 1086285745
822 704 1086285955
294 1397 1086285981
847 913 1086285996
620 27 1086286183
1072 800 1086286290
1594 1377 1086286344
29 1540 1086286352
1072 1158 1086286471
29 569 1086286535
1072 878 1086286535
103 1072 1086286639
29 1587 1086286700
639 103 1086286715
639 19 1086286740
620 27 1086286744
1312 1013 1086286792
1312 308 1086286876
878 1072 1086286906
1312 1344 1086286929
639 103 1086287091
350 1551 1086287203
557 63 1086287618
620 27 1086287641
1393 1365 1086288172
1013 1312 1086288571
1031 1109 1086288651
626 582 1086288728
1158 1072 1086288899
801 1246 1086289074
801 249 1086289090
620 27 1086289244
1339 1546 1086289315
494 389 1086289516
1013 465 1086289812
83 1244 1086289912
1033 1594 1086290343
1386 1580 1086290389
1585 1033 1086290830
1579 342 1086290981
1579 701 1086291008
389 482 1086291098
389 494 1086291112
1280 560 1086291126
3 36 1086291280
1415 42 1086291301
3 781 1086291360
704 958 1086291569
958 959 1086291640
958 704 1086291928
9 1196 1086291960
67 1546 1086291974
3 72 1086292039
465 1013 1086292110
3 32 1086292114
3 1440 1086292298
3 36 1086292335
1556 1586 1086292408
1556 1402 1086292428
1339 1344 1086292506
3 36 1086292569
204 482 1086293284
204 704 1086293291
204 1539 1086293301
1497 762 1086293618
1570 1447 1086293669
1101 1493 1086293798
765 425 1086293847
482 389 1086293955
482 204 1086293985
1582 394 1086294424
1551 350 1086295134
1585 1582 1086295154
1284 1588 1086295526
1582 1585 1086296011
95 1246 1086296132
95 1393 1086296208
95 1402 1086296323
389 482 1086296372
768 1272 1086296522
95 1573 1086296598
950 389 1086296599
1502 238 1086296604
908 103 1086296605
768 1272 1086296618
95 1118 1086296700
317 701 1086296836
3 36 1086296879
41 610 1086296882
41 616 1086296888
41 1463 1086296900
823 495 1086296918
823 103 1086296961
95 299 1086296963
801 1246 1086297033
41 1142 1086297075
41 439 1086297086
1489 482 1086297086
41 1253 1086297105
41 1339 1086297116
41 1485 1086297132
282 1364 1086297139
95 1365 1086297262
1189 322 1086297381
1489 762 1086297498
322 1217 1086297538
323 560 1086297602
282 1543 1086297703
621 470 1086297764
1397 294 1086297838
621 1063 1086297972
1436 573 1086298336
1253 768 1086298463
3 44 1086299034
768 1253 1086299063
1578 847 1086299080
1375 1472 1086299108
1578 337 1086299204
700 337 1086299547
249 44 1086299688
561 95 1086299880
495 823 1086299995
1562 1436 1086300074
470 621 1086300513
1508 309 1086300799
1562 823 1086300936
617 250 1086301126
1546 67 1086301379
1546 1339 1086301407
12 1297 1086301802
1368 1142 1086301877
1253 768 1086301980
573 1436 1086302059
12 101 1086302241
1111 1582 1086302548
309 1508 1086302596
103 1169 1086303017
1136 762 1086303020
1169 728 1086303578
768 1253 1086303656
3 135 1086303767
1031 831 1086303875
257 42 1086304235
509 1587 1086304389
257 1597 1086304706
1556 1281 1086304717
1181 219 1086304726
278 1039 1086304776
615 329 1086306112
621 470 1086306395
1217 322 1086306583
67 1217 1086306793
58 1326 1086307042
1039 278 1086307213
482 389 1086307431
1189 322 1086307435
1314 252 1086307610
1487 50 1086307645
1072 1158 1086309662
809 257 1086309896
1227 326 1086310006
1246 95 1086310740
278 1039 1086310791
1118 303 1086310817
704 958 1086310984
1489 482 1086311485
1546 1436 1086311600
27 1031 1086311645
1158 1072 1086311807
704 475 1086311855
303 1118 1086311910
482 194 1086312321
32 1577 1086312466
1387 105 1086313084
919 42 1086313089
751 822 1086313163
1313 507 1086313203
389 482 1086313211
389 950 1086313230
1447 1570 1086313581
1489 546 1086313657
103 919 1086313666
1447 1402 1086313765
1489 482 1086313865
1489 1588 1086313980
1489 482 1086314170
322 1217 1086314219
886 768 1086314262
495 1043 1086314381
447 124 1086314849
1598 645 1086314908
986 163 1086315089
470 621 1086315110
1598 984 1086315151
1598 986 1086315196
986 1265 1086315202
679 986 1086315290
1522 8 1086315377
679 986 1086315388
632 272 1086315459
507 1313 1086315519
474 1208 1086315588
1598 632 1086315719
1522 220 1086315764
1522 1587 1086315838
1598 560 1086315916
1598 1329 1086315959
1598 88 1086315981
1598 32 1086316060
1346 1314 1086316175
1598 1599 1086316192
1598 32 1086316291
1598 32 1086316369
1598 322 1086316447
286 202 1086316482
1598 32 1086316514
1598 1542 1086316677
1598 667 1086316728
1582 1111 1086316883
801 1246 1086316890
582 626 1086316921
1246 801 1086316967
1598 155 1086317011
1598 881 1086317076
1598 735 1086317125
1598 710 1086317233
1598 475 1086317302
350 1551 1086317428
1598 919 1086317494
1598 801 1086317519
1598 710 1086317619
1598 1344 1086317647
768 1217 1086317729
1598 341 1086317773
1598 710 1086317818
1598 667 1086317827
1598 1187 1086317864
710 610 1086317871
1598 341 1086317962
1598 667 1086318025
1598 44 1086318102
710 1489 1086318129
1598 1262 1086318151
1598 341 1086318215
1598 332 1086318265
1598 654 1086318330
1598 777 1086318362
1598 841 1086318406
1598 1265 1086318790
1598 1265 1086319008
1598 654 1086319035
1598 1039 1086319111
1598 1265 1086319166
1598 549 1086319390
810 735 1086319454
1598 549 1086319462
967 549 1086319490
1598 1265 1086319502
1598 549 1086319519
967 549 1086319586
1598 549 1086319594
1598 1265 1086319616
967 549 1086319699
569 29 1086319716
1598 1265 1086319806
704 475 1086319818
1598 625 1086319917
967 549 1086319957
1598 1514 1086320007
1598 967 1086320025
1352 1580 1086320028
823 549 1086320032
967 549 1086320096
42 919 1086320158
1598 1252 1086320190
1598 356 1086320206
1598 341 1086320268
610 710 1086320270
1042 681 1086320279
1598 356 1086320280
1598 1136 1086320304
1489 710 1086320322
967 549 1086320326
823 549 1086320402
1598 1246 1086320415
1489 482 1086320483
29 569 1086320535
103 919 1086320586
1598 393 1086320591
967 549 1086320636
1598 1174 1086320649
823 549 1086320701
1496 762 1086320742
1598 1487 1086320812
549 967 1086320814
1598 1174 1086320865
1598 356 1086320879
967 549 1086320920
823 549 1086320930
1598 345 1086321034
1521 847 1086321157
1598 1496 1086321169
1598 1591 1086321203
1578 751 1086321334
1598 1107 1086321335
1578 847 1086321389
1598 1227 1086321396
1598 1558 1086321701
1598 1561 1086321767
1598 1487 1086321798
1585 1033 1086321860
12 1297 1086321890
1598 1168 1086321950
1598 1487 1086322012
852 1440 1086322017
1598 1227 1086322111
1440 1419 1086322125
3 1440 1086322335
32 1196 1086322543
547 1246 1086323171
357 1585 1086323194
66 282 1086323239
704 1585 1086323483
1285 1021 1086323501
1196 32 1086323812
357 617 1086323839
1231 67 1086324167
1540 29 1086324379
1056 212 1086324457
1285 1600 1086324742
536 372 1086324881
1326 58 1086324883
1601 617 1086325020
1105 1154 1086325066
822 751 1086325414
639 19 1086325555
32 1577 1086325610
449 124 1086325633
1285 97 1086325881
366 1349 1086325934
1520 449 1086326115
1105 1440 1086326124
1601 774 1086326130
1440 1105 1086326181
32 1577 1086326308
483 821 1086326518
1601 525 1086326523
366 1349 1086326624
1575 735 1086326630
1105 1440 1086326833
1440 1105 1086327111
546 598 1086327153
1520 1513 1086327246
32 1577 1086327406
810 735 1086327622
1158 1072 1086327712
679 1574 1086327888
1580 1386 1086327908
581 328 1086327976
1580 95 1086328010
12 8 1086328052
1580 1352 1086328105
1539 1039 1086328207
581 1602 1086328246
581 1602 1086328253
1539 1582 1086328301
1598 1344 1086328352
1598 984 1086328395
1585 714 1086328571
1598 1344 1086328639
1520 451 1086328726
1520 451 1086328730
1520 451 1086328733
1598 1485 1086328758
1598 598 1086328799
1598 568 1086328818
1142 1368 1086328866
1598 1282 1086328898
1598 85 1086328966
1190 393 1086328975
1598 1195 1086329015
1598 1168 1086329057
1585 1190 1086329099
1190 1582 1086329107
1598 1359 1086329164
1598 1190 1086329210
1585 1190 1086329223
1585 1190 1086329344
1282 1542 1086329351
1598 398 1086329367
1598 708 1086329393
1598 1304 1086329440
1520 460 1086329500
1534 317 1086329529
1598 1282 1086329588
1601 1282 1086329626
1598 85 1086329662
1585 1043 1086329711
1598 1195 1086329732
1598 658 1086329757
1598 337 1086329872
1598 1282 1086329912
1585 303 1086330020
1601 1282 1086330027
1601 1282 1086330069
1598 254 1086330078
1598 50 1086330186
801 313 1086330251
1313 507 1086330259
1313 1014 1086330348
1189 8 1086330366
502 933 1086330387
1598 254 1086330393
1598 1176 1086330418
1598 254 1086330445
1598 1597 1086330483
1601 1540 1086330641
1601 1282 1086330727
1362 342 1086330742
303 1215 1086330810
1598 299 1086330848
843 1195 1086330898
1601 1282 1086331004
1598 299 1086331027
1598 277 1086331168
1489 482 1086331187
1362 302 1086331245
1489 1533 1086331281
1598 327 1086331338
1472 1375 1086331397
1576 598 1086331648
1598 398 1086331660
1598 398 1086331676
704 475 1086331695
1313 1579 1086331710
967 303 1086331729
1520 513 1086331739
1520 513 1086331745
1598 1215 1086331781
1598 398 1086331794
1598 398 1086332114
1215 303 1086332126
1598 398 1086332263
1598 1479 1086332365
1598 398 1086332375
1598 1472 1086332435
1375 1472 1086332470
1598 398 1086332530
1598 1006 1086332563
1598 398 1086332692
1598 398 1086332895
1598 398 1086332959
1489 546 1086333016
1598 398 1086333124
1598 398 1086333220
1013 299 1086333376
1521 847 1086333377
1158 1585 1086333416
1013 1489 1086333476
518 298 1086333614
303 1215 1086333756
1215 303 1086333898
518 298 1086334216
393 1190 1086334250
1158 1594 1086334296
67 430 1086334313
1603 1517 1086334464
303 1215 1086334473
518 298 1086334539
1603 1517 1086334587
1489 546 1086334668
518 298 1086334669
1594 1158 1086334697
1292 598 1086334751
1362 252 1086334856
1517 63 1086335467
303 1215 1086335527
1517 63 1086335742
912 375 1086335744
53 1349 1086335755
53 646 1086335797
621 470 1086335988
1255 1332 1086335996
1594 542 1086336116
63 1604 1086336175
810 233 1086336724
1605 779 1086336774
1339 543 1086336921
63 912 1086337012
912 63 1086337127
1314 1346 1086337451
1314 252 1086337486
912 63 1086337689
1562 1346 1086337768
778 974 1086337784
1517 63 1086338300
68 323 1086338581
1562 1068 1086339331
1562 1068 1086339641
495 1043 1086340129
1556 1281 1086340159
1556 1586 1086340170
1556 283 1086340603
1606 885 1086340676
495 1043 1086340795
495 1043 1086340805
1562 1068 1086340872
1562 1068 1086341104
1562 1068 1086341616
878 1189 1086341730
762 1497 1086341775
762 1496 1086341861
919 303 1086342004
919 870 1086342021
1165 621 1086342161
1165 938 1086342194
1520 1036 1086342562
375 912 1086342582
1539 437 1086342878
1033 1585 1086342998
1033 1605 1086343040
569 1313 1086343522
1489 546 1086343770
1489 546 1086343790
793 1215 1086343904
1539 1056 1086344194
372 536 1086344225
372 1540 1086344376
1265 938 1086345954
938 1265 1086346277
542 1594 1086346841
1539 1024 1086347076
1281 1556 1086348837
1497 762 1086350891
1497 1594 1086351022
1542 1282 1086358890
32 1577 1086360510
32 430 1086360544
