342 626 1084978716
626 1173 1084978741
626 342 1084978766
342 626 1084978863
342 1039 1084979010
1039 342 1084979170
342 1039 1084979263
352 332 1084979452
342 1039 1084979628
189 626 1084979647
199 652 1084979974
720 679 1084979975
1127 1137 1084979994
199 546 1084980078
1087 1187 1084980303
1087 1187 1084980311
462 675 1084980331
675 462 1084980334
675 462 1084980406
465 679 1084980601
44 249 1084980626
44 189 1084980733
372 473 1084980784
372 26 1084980839
1127 372 1084980994
1127 536 1084981162
1186 309 1084981352
189 635 1084981451
536 1127 1084981640
1127 536 1084981730
536 1127 1084982316
679 161 1084982578
954 103 1084982628
679 50 1084982698
679 72 1084982758
954 652 1084982775
679 720 1084982777
679 465 1084982843
569 372 1084983469
1113 142 1084983572
1113 323 1084983605
1113 815 1084983648
114 124 1084983773
652 954 1084984230
249 779 1084984407
317 308 1084984525
114 103 1084984758
494 1189 1084985138
1050 372 1084985903
679 72 1084986334
514 439 1084986341
72 679 1084986367
1142 1058 1084986523
679 72 1084986619
72 679 1084986975
183 234 1084987110
617 73 1084987114
679 72 1084987133
777 315 1084987266
755 377 1084987310
1137 1127 1084987414
72 679 1084987469
713 1158 1084987472
1189 1191 1084987531
72 679 1084987591
1189 536 1084987633
713 950 1084987649
30 161 1084987696
536 1189 1084987706
640 297 1084987731
30 679 1084987777
1189 536 1084987850
713 462 1084987871
679 72 1084987891
536 1189 1084987914
679 30 1084987958
72 679 1084988023
713 884 1084988029
1189 536 1084988042
1189 536 1084988051
713 346 1084988063
713 250 1084988079
1181 1083 1084988091
713 681 1084988109
1189 1181 1084988117
536 1189 1084988120
713 1018 1084988153
713 214 1084988176
1189 536 1084988213
30 679 1084988214
679 72 1084988246
536 1189 1084988277
679 30 1084988293
30 1 1084988302
713 1036 1084988312
30 679 1084988323
1189 536 1084988355
679 30 1084988372
679 72 1084988387
713 1101 1084988392
1181 1189 1084988394
30 679 1084988399
1185 598 1084988403
1189 80 1084988415
72 679 1084988420
713 249 1084988424
1189 1181 1084988444
1181 1189 1084988505
80 1189 1084988526
713 87 1084988542
679 30 1084988561
713 999 1084988619
1189 1181 1084988623
72 679 1084988627
30 679 1084988633
713 714 1084988706
713 884 1084988718
779 381 1084988770
679 72 1084988770
713 781 1084988786
679 30 1084988810
1189 80 1084988849
30 679 1084988888
713 998 1084988903
713 1042 1084988941
713 1036 1084988958
1181 1189 1084988971
1189 569 1084988974
1189 1181 1084988990
679 30 1084988996
72 679 1084989010
713 725 1084989011
713 609 1084989045
713 687 1084989062
713 124 1084989105
713 370 1084989119
80 1189 1084989147
713 749 1084989170
1 30 1084989181
713 1165 1084989247
713 199 1084989296
713 716 1084989338
713 1185 1084989375
713 1189 1084989409
713 1189 1084989433
1185 495 1084989550
712 189 1084989615
260 949 1084990410
990 1142 1084990433
260 509 1084990467
260 398 1084990519
260 103 1084990610
542 1059 1084990626
36 189 1084990831
1185 1130 1084990952
1066 277 1084990954
547 1169 1084991054
1136 48 1084991141
1042 781 1084991164
1165 713 1084991298
277 1066 1084991718
308 317 1084991771
483 1189 1084991835
1066 277 1084991902
277 1066 1084991952
1066 277 1084992151
277 1066 1084992181
713 1185 1084992188
594 277 1084992191
1136 309 1084992194
430 32 1084992207
569 1189 1084992213
1066 277 1084992221
594 535 1084992240
277 594 1084992297
277 1066 1084992322
1066 277 1084992377
277 1066 1084992419
1066 277 1084992458
950 713 1084992493
859 19 1084992517
594 277 1084992534
277 1066 1084992573
277 594 1084992614
594 277 1084992669
950 309 1084992674
537 939 1084992698
1066 277 1084992738
1189 80 1084993117
1189 713 1084993195
307 309 1084993232
1189 569 1084993255
1094 991 1084993304
1014 277 1084993413
1189 546 1084993424
1189 546 1084993433
1189 482 1084993505
1018 713 1084993545
42 1191 1084993641
42 288 1084993770
288 42 1084993843
686 341 1084994182
720 679 1084994288
454 1043 1084994599
454 546 1084994818
272 337 1084994821
272 337 1084994888
454 242 1084994924
483 1189 1084995092
1101 713 1084995223
734 1023 1084995446
425 765 1084996054
323 1036 1084996241
323 779 1084996269
189 712 1084996306
72 1039 1084996497
53 594 1084996530
341 686 1084996531
993 277 1084996542
36 189 1084996688
1127 536 1084996867
377 755 1084996873
998 713 1084997003
615 569 1084997158
615 8 1084997203
615 249 1084997255
615 297 1084997299
615 536 1084997329
615 1117 1084997794
372 1127 1084998017
372 569 1084998038
372 1050 1084998055
1066 495 1084998113
3 1192 1084998172
277 1014 1084998296
1036 323 1084998340
569 372 1084998353
277 993 1084998380
495 586 1084998430
495 498 1084998439
765 372 1084998442
87 713 1084998447
1136 398 1084998459
495 498 1084998475
495 498 1084998518
372 569 1084998598
1036 454 1084998606
495 884 1084998614
765 425 1084998636
993 277 1084998695
332 352 1084998775
364 993 1084998797
495 546 1084998807
277 993 1084998810
1036 1039 1084998822
513 440 1084998899
495 1113 1084998919
569 372 1084998997
1190 1034 1084999006
332 352 1084999018
1190 394 1084999020
482 1189 1084999117
993 364 1084999153
993 277 1084999213
224 175 1084999246
686 341 1084999251
378 586 1084999268
277 993 1084999292
495 542 1084999309
725 1132 1084999323
483 1189 1084999353
495 121 1084999385
847 63 1084999402
725 713 1084999547
495 68 1084999559
372 569 1084999586
114 1189 1084999588
1181 654 1084999605
277 993 1084999626
495 181 1084999643
495 815 1084999672
1110 281 1084999743
569 372 1084999774
495 1185 1084999776
495 1066 1084999795
114 1189 1084999874
1189 598 1084999880
483 1189 1084999931
372 378 1084999950
114 357 1084999963
372 402 1085000011
483 1189 1085000067
498 495 1085000130
498 495 1085000153
372 569 1085000264
402 1173 1085000330
1066 495 1085000387
1189 626 1085000391
569 372 1085000412
1189 840 1085000446
1189 840 1085000450
1066 277 1085000472
1066 840 1085000509
840 1189 1085000538
840 1066 1085000557
1066 840 1085000605
431 307 1085000612
840 1066 1085000626
1066 840 1085000644
483 1189 1085000652
48 840 1085000718
249 713 1085000778
249 615 1085000796
840 48 1085000814
712 189 1085000905
483 1189 1085000931
48 840 1085000939
415 538 1085001057
1189 595 1085001190
353 42 1085001277
1167 840 1085001288
372 569 1085001305
595 199 1085001366
323 1036 1085001386
90 598 1085001420
595 1189 1085001451
569 372 1085001469
353 1187 1085001470
1189 595 1085001474
1136 48 1085001502
1136 398 1085001575
595 1189 1085001576
1189 220 1085001590
1189 595 1085001633
297 1158 1085001689
595 1189 1085001698
840 1167 1085001726
840 48 1085001741
1189 595 1085001773
297 640 1085001776
318 1042 1085001802
840 1186 1085001809
297 615 1085001812
53 62 1085001825
212 306 1085001909
586 495 1085001911
595 1189 1085001953
586 378 1085002047
1167 840 1085002116
1189 595 1085002169
143 479 1085002180
598 90 1085002335
598 1189 1085002383
1189 598 1085002451
1189 595 1085002510
1032 783 1085002578
954 652 1085002604
288 1193 1085002681
483 1189 1085002721
48 840 1085002741
288 1183 1085002755
483 372 1085002770
306 212 1085002834
1186 840 1085002859
9 1183 1085002862
1039 72 1085002976
741 928 1085003005
546 454 1085003184
546 495 1085003267
546 199 1085003280
546 1189 1085003296
1186 840 1085003427
449 263 1085003606
1183 288 1085003683
1183 288 1085003709
958 704 1085003730
306 394 1085003947
288 1183 1085004017
394 306 1085004073
439 514 1085004101
781 1042 1085004294
297 640 1085004329
1183 288 1085004349
306 570 1085004397
570 306 1085004414
781 713 1085004454
377 48 1085004561
1014 277 1085004584
570 400 1085004648
306 676 1085004732
288 1183 1085004750
1042 781 1085004864
1018 252 1085004886
1034 32 1085004937
704 958 1085005040
542 495 1085005055
1113 323 1085005260
1113 495 1085005354
454 1036 1085005412
454 546 1085005517
536 1127 1085005919
536 615 1085005938
626 1189 1085006155
1178 615 1085006378
600 779 1085006591
600 667 1085006619
1190 288 1085006724
1190 1034 1085006807
1190 288 1085006889
1190 1034 1085006956
535 594 1085007123
1190 50 1085007136
1190 1034 1085007154
378 586 1085007234
378 372 1085007311
233 797 1085007338
1190 1034 1085007338
1190 1034 1085007488
1190 288 1085007507
1181 1194 1085007543
993 277 1085007787
288 470 1085007843
1190 1034 1085007940
9 1183 1085007953
509 389 1085007963
509 260 1085008034
823 149 1085008099
72 1039 1085008114
1036 454 1085008115
431 823 1085008188
1117 615 1085008237
1126 289 1085008273
1190 1034 1085008327
73 617 1085008443
823 242 1085008501
309 307 1085008525
19 434 1085008695
704 1195 1085008754
72 683 1085008812
704 1183 1085008829
204 1189 1085008924
204 615 1085008954
309 712 1085009128
514 439 1085009177
214 713 1085009196
32 1034 1085009236
1113 323 1085009337
1189 546 1085009411
283 583 1085009565
1189 626 1085009583
1113 309 1085009786
1113 823 1085009872
586 378 1085010188
9 32 1085010205
1113 1182 1085010225
679 720 1085010287
487 598 1085010424
189 712 1085010432
9 1196 1085010471
9 1197 1085010495
9 1191 1085010504
377 1117 1085010525
377 1117 1085010573
1032 823 1085010573
9 1190 1085010583
189 712 1085010607
586 570 1085010637
9 1196 1085010662
9 1198 1085010679
189 712 1085010734
9 1181 1085010741
770 277 1085010848
9 1196 1085010863
966 323 1085010900
9 1188 1085010916
9 1169 1085010992
189 712 1085011005
9 1196 1085011050
9 928 1085011132
966 617 1085011133
9 598 1085011167
9 72 1085011238
162 851 1085011316
220 1018 1085011326
817 1199 1085011358
1196 1189 1085011409
9 1196 1085011506
712 309 1085011538
9 1196 1085011632
712 189 1085011703
598 487 1085011801
9 1196 1085011897
783 1186 1085011919
9 1196 1085012080
617 966 1085012197
487 598 1085012288
598 487 1085012335
9 1196 1085012337
9 34 1085012351
189 712 1085012363
9 598 1085012364
9 598 1085012388
1186 783 1085012394
9 598 1085012441
9 282 1085012483
938 105 1085012487
9 598 1085012528
1066 815 1085012529
189 712 1085012561
9 1196 1085012578
9 598 1085012596
9 598 1085012689
9 598 1085012706
583 283 1085012711
9 72 1085012762
323 966 1085012777
1186 1056 1085012780
783 1186 1085012798
9 1196 1085012801
9 598 1085012817
9 598 1085012893
1196 155 1085012961
9 598 1085013021
758 741 1085013076
9 72 1085013082
9 598 1085013113
189 712 1085013147
9 1196 1085013178
9 598 1085013211
9 598 1085013234
679 720 1085013262
72 679 1085013341
9 1196 1085013350
212 394 1085013363
679 72 1085013368
9 72 1085013390
342 495 1085013406
9 598 1085013419
323 758 1085013467
72 679 1085013636
323 758 1085013680
679 72 1085013720
323 758 1085013735
323 758 1085013796
68 495 1085013832
323 758 1085013837
323 758 1085013916
683 72 1085013935
720 679 1085013979
398 758 1085014005
720 679 1085014047
176 840 1085014048
388 405 1085014186
758 398 1085014308
758 683 1085014341
72 679 1085014417
716 713 1085014550
72 683 1085014644
1173 402 1085014667
1059 542 1085014763
555 1173 1085014889
555 306 1085014899
144 1127 1085014928
422 615 1085015057
846 588 1085015341
250 713 1085015553
144 1200 1085015750
402 1201 1085015814
617 704 1085015925
454 1036 1085016127
1110 281 1085016308
1110 474 1085016338
128 105 1085016527
993 277 1085016638
595 1189 1085017051
402 1201 1085017194
143 201 1085017244
840 1167 1085017266
840 1186 1085017287
1110 281 1085017301
884 536 1085017470
149 823 1085017547
615 536 1085017557
615 1117 1085017574
615 422 1085017596
959 958 1085017736
297 615 1085017758
1186 840 1085017769
770 149 1085018145
313 34 1085018211
1036 454 1085018223
378 586 1085018237
1188 1033 1085018272
407 97 1085018668
53 250 1085018687
312 1014 1085018738
53 1202 1085018751
679 720 1085018754
342 1039 1085018901
679 72 1085018948
44 770 1085018970
454 1036 1085019158
884 536 1085019191
389 509 1085019302
776 400 1085019707
776 704 1085019729
9 72 1085019914
9 928 1085019932
440 513 1085019999
462 713 1085020117
194 1178 1085020137
9 1169 1085020143
9 1181 1085020158
34 313 1085020234
440 758 1085020308
1083 1181 1085020336
9 607 1085020447
1127 144 1085020488
9 607 1085020595
1127 536 1085020641
1029 586 1085020642
9 282 1085020680
9 607 1085020724
525 211 1085020811
9 607 1085020818
9 607 1085020881
9 928 1085020940
9 607 1085020952
9 928 1085021060
9 477 1085021183
201 607 1085021404
1110 281 1085021480
1181 1083 1085021552
12 598 1085021572
12 598 1085021660
1110 281 1085021760
1127 1203 1085021820
1178 194 1085021900
1110 281 1085021912
12 598 1085021941
749 969 1085021977
1178 194 1085022087
594 535 1085022122
12 599 1085022257
12 926 1085022337
1178 194 1085022353
1158 542 1085022374
12 308 1085022417
12 926 1085022439
712 189 1085022476
277 993 1085022499
639 498 1085022618
639 212 1085022899
12 569 1085022975
12 569 1085023223
12 598 1085023255
928 741 1085023318
1199 817 1085023385
1199 1204 1085023409
1199 1006 1085023494
1043 454 1085023496
1199 1049 1085023516
12 569 1085023520
1199 1003 1085023557
1136 48 1085023565
12 926 1085023569
1136 398 1085023573
12 569 1085023613
1136 29 1085023618
12 938 1085023686
1014 1194 1085023749
12 569 1085023752
114 770 1085023826
12 176 1085023856
12 569 1085023867
103 954 1085023933
396 372 1085024149
830 277 1085024322
198 101 1085024363
12 569 1085024373
12 719 1085024391
12 719 1085024519
277 830 1085024648
145 1042 1085024692
12 569 1085024795
44 770 1085024799
535 594 1085024813
830 277 1085024886
372 396 1085024887
145 341 1085024892
840 1186 1085024893
372 396 1085024902
145 830 1085024946
12 569 1085024972
323 341 1085025005
44 770 1085025026
683 758 1085025042
1205 869 1085025057
1137 67 1085025073
683 72 1085025087
145 830 1085025090
277 830 1085025106
1113 277 1085025131
830 277 1085025154
770 44 1085025186
277 830 1085025266
114 103 1085025274
3 194 1085025326
172 277 1085025333
1 477 1085025360
758 683 1085025366
758 440 1085025399
389 830 1085025666
372 396 1085025671
372 396 1085025688
372 396 1085025728
19 389 1085025762
372 389 1085025829
114 770 1085025833
372 396 1085025883
372 396 1085025959
372 389 1085026018
487 598 1085026056
1185 1077 1085026063
372 396 1085026086
1136 719 1085026133
283 379 1085026329
252 1018 1085026400
830 277 1085026526
220 1018 1085026545
372 396 1085026550
830 389 1085026634
800 422 1085026729
95 712 1085026750
800 964 1085026849
67 1137 1085026850
307 309 1085026921
95 63 1085026947
307 1183 1085027030
95 713 1085027039
712 95 1085027229
762 713 1085027273
1132 725 1085027359
762 992 1085027373
525 19 1085027610
1132 1174 1085027668
103 378 1085027684
189 712 1085027708
815 1066 1085027821
712 189 1085027932
609 815 1085028116
1167 840 1085028150
430 857 1085028178
797 233 1085028210
431 823 1085028267
342 797 1085028305
1136 719 1085028328
800 422 1085028363
725 1132 1085028403
1087 1183 1085028550
1087 307 1085028600
6 1174 1085028658
719 1136 1085028702
67 1137 1085028719
1087 341 1085028766
1136 719 1085028919
67 449 1085029048
901 884 1085029085
576 575 1085029099
576 350 1085029130
576 212 1085029145
9 1196 1085029148
9 928 1085029155
9 1181 1085029172
576 885 1085029247
576 1167 1085029269
740 615 1085029298
9 1206 1085029306
1120 317 1085029307
67 901 1085029330
1041 41 1085029378
741 928 1085029437
814 823 1085029486
1186 840 1085029515
1186 277 1085029611
901 67 1085029735
41 1041 1085029740
41 1040 1085029758
966 323 1085029811
1186 638 1085029906
966 323 1085029940
638 1186 1085029958
67 901 1085029959
1186 638 1085029987
1190 393 1085030026
638 1186 1085030057
733 576 1085030078
884 536 1085030159
733 596 1085030218
277 1186 1085030413
638 511 1085030419
1187 353 1085030477
1186 277 1085030583
394 576 1085030706
277 1186 1085030791
596 733 1085030794
342 638 1085030908
586 378 1085030954
199 713 1085031011
586 1029 1085031013
290 44 1085031226
646 1021 1085031226
1189 638 1085031273
638 1189 1085031301
1113 990 1085031340
1072 1189 1085031349
1189 1072 1085031373
199 595 1085031397
290 63 1085031432
12 308 1085031459
12 8 1085031484
1113 1161 1085031509
290 408 1085031534
12 527 1085031599
560 638 1085031732
12 1188 1085031733
12 1188 1085031765
482 761 1085031811
357 835 1085031814
1181 254 1085031894
357 1161 1085031896
555 3 1085031966
357 527 1085032008
770 277 1085032065
234 638 1085032077
596 605 1085032223
725 638 1085032226
29 1136 1085032250
277 770 1085032255
378 586 1085032277
378 103 1085032316
770 277 1085032331
277 770 1085032484
67 1206 1085032490
67 1184 1085032591
615 740 1085032606
9 1196 1085032680
770 277 1085032691
9 1181 1085032698
725 719 1085032699
454 1043 1085032714
9 72 1085032714
1040 41 1085032729
277 770 1085032786
770 277 1085032844
706 484 1085032928
1066 815 1085032943
378 193 1085032943
638 725 1085032970
638 640 1085033024
1043 454 1085033040
640 638 1085033062
277 770 1085033071
638 640 1085033120
859 19 1085033124
638 560 1085033130
342 638 1085033213
770 277 1085033248
144 1127 1085033253
617 103 1085033313
638 342 1085033338
12 8 1085033369
511 638 1085033370
323 966 1085033376
617 103 1085033397
105 938 1085033405
638 511 1085033419
638 511 1085033436
105 128 1085033444
234 596 1085033447
144 290 1085033462
12 8 1085033473
277 770 1085033477
193 378 1085033478
1037 233 1085033484
706 638 1085033532
193 378 1085033539
658 193 1085033577
1183 704 1085033629
325 1169 1085033649
12 8 1085033665
297 1158 1085033670
9 1183 1085033676
770 277 1085033689
297 615 1085033692
1183 307 1085033695
19 1207 1085033699
625 662 1085033705
297 733 1085033708
625 662 1085033737
625 662 1085033746
625 662 1085033761
297 640 1085033770
625 662 1085033777
625 662 1085033783
853 881 1085033810
706 638 1085033815
625 534 1085033836
277 770 1085033838
1169 325 1085033872
118 1070 1085033873
704 1183 1085033913
290 144 1085033926
323 341 1085033937
741 1208 1085033946
12 8 1085033951
704 1209 1085033962
1033 1188 1085033971
12 8 1085033995
582 1210 1085034001
1033 1211 1085034005
770 277 1085034009
582 328 1085034020
193 658 1085034034
582 861 1085034039
144 290 1085034066
582 1212 1085034071
41 1040 1085034073
1033 1209 1085034090
741 697 1085034160
12 8 1085034178
706 277 1085034207
277 770 1085034250
1209 704 1085034328
853 514 1085034330
704 1209 1085034355
605 596 1085034357
770 277 1085034401
277 770 1085034416
269 1045 1085034421
1066 475 1085034436
297 1158 1085034436
1196 704 1085034444
63 95 1085034459
12 8 1085034462
704 605 1085034475
1209 704 1085034511
63 290 1085034540
605 704 1085034541
704 1209 1085034553
1209 704 1085034576
704 1209 1085034625
1174 1132 1085034655
704 605 1085034676
770 277 1085034677
161 679 1085034678
475 1066 1085034682
781 1018 1085034750
605 596 1085034759
605 704 1085034774
1209 704 1085034804
704 605 1085034811
161 30 1085034835
1209 1033 1085034836
128 338 1085034855
704 1209 1085034856
90 598 1085034858
605 704 1085034872
679 161 1085034875
919 51 1085034911
704 605 1085034915
919 704 1085034917
1066 475 1085034938
704 919 1085034947
1209 704 1085034954
1213 306 1085034990
704 1209 1085034993
398 758 1085035028
1209 704 1085035049
704 1209 1085035098
128 338 1085035135
586 378 1085035193
605 704 1085035231
898 1198 1085035232
161 679 1085035234
843 62 1085035239
1209 704 1085035250
1213 389 1085035300
792 356 1085035320
704 1209 1085035352
9 1183 1085035386
1213 1186 1085035390
843 62 1085035490
1209 704 1085035511
1213 389 1085035558
704 1209 1085035592
341 1072 1085035595
1209 704 1085035630
779 56 1085035674
356 792 1085035701
128 338 1085035702
1213 1032 1085035728
704 1209 1085035732
372 1209 1085035784
1209 704 1085035797
454 1043 1085035820
704 1209 1085035828
269 638 1085035832
90 269 1085035835
843 62 1085035873
372 527 1085035888
9 1183 1085035893
152 1153 1085035909
405 388 1085035914
638 269 1085035939
378 193 1085035997
372 919 1085036019
378 586 1085036027
234 144 1085036111
152 1153 1085036133
372 928 1085036138
193 378 1085036154
792 356 1085036157
152 372 1085036160
372 919 1085036215
234 1018 1085036225
1214 372 1085036227
269 90 1085036242
234 1018 1085036247
919 372 1085036251
152 372 1085036256
679 161 1085036269
586 378 1085036303
152 1153 1085036330
234 50 1085036340
919 50 1085036350
234 50 1085036351
372 919 1085036392
919 372 1085036466
928 372 1085036476
919 41 1085036519
90 269 1085036536
161 679 1085036544
193 1215 1085036556
90 697 1085036562
1209 704 1085036574
1215 193 1085036587
372 919 1085036612
152 372 1085036618
843 62 1085036621
193 1215 1085036635
372 928 1085036641
919 372 1085036665
1209 372 1085036700
1214 372 1085036739
372 919 1085036768
843 62 1085036787
372 1209 1085036806
152 372 1085036851
36 189 1085036875
779 1181 1085036894
598 1216 1085036900
919 372 1085036900
843 62 1085036927
1181 779 1085036945
928 372 1085036978
378 193 1085037043
297 1158 1085037044
815 609 1085037051
378 586 1085037096
779 1181 1085037126
638 103 1085037144
1181 779 1085037159
514 853 1085037171
152 372 1085037174
152 1153 1085037192
103 638 1085037194
41 919 1085037201
779 1181 1085037213
638 103 1085037215
41 1215 1085037219
843 62 1085037228
372 928 1085037256
103 638 1085037286
638 103 1085037301
1185 144 1085037364
152 372 1085037366
679 161 1085037383
704 1209 1085037418
1185 898 1085037429
152 1153 1085037493
346 590 1085037516
843 62 1085037528
1185 638 1085037592
152 372 1085037597
152 1153 1085037635
843 62 1085037674
1093 638 1085037684
103 378 1085037695
652 954 1085037705
128 194 1085037717
377 32 1085037726
609 815 1085037726
48 1136 1085037743
596 1153 1085037763
1217 482 1085037767
919 41 1085037781
843 62 1085037829
152 372 1085037832
90 48 1085037839
482 1217 1085037858
740 615 1085037863
152 1153 1085037868
1153 596 1085037875
50 234 1085037884
50 919 1085037905
50 919 1085037930
317 308 1085037937
793 90 1085037942
317 1120 1085037950
1181 779 1085037955
1218 881 1085037961
152 1153 1085037972
732 958 1085037980
706 277 1085037997
779 1181 1085038040
1215 41 1085038058
1181 779 1085038058
605 103 1085038102
350 343 1085038108
152 1153 1085038136
881 1218 1085038184
1217 482 1085038184
596 1153 1085038263
152 1153 1085038270
193 378 1085038273
1043 454 1085038277
586 378 1085038303
482 1217 1085038312
1093 1206 1085038329
605 103 1085038345
378 103 1085038372
652 598 1085038386
1217 482 1085038387
378 193 1085038415
605 277 1085038448
152 1153 1085038451
103 378 1085038453
482 1217 1085038463
605 317 1085038482
1153 596 1085038496
209 1217 1085038500
683 758 1085038522
605 103 1085038553
598 652 1085038560
1217 482 1085038577
1018 781 1085038609
706 615 1085038624
193 378 1085038646
706 194 1085038680
152 1153 1085038716
652 598 1085038731
706 615 1085038770
605 103 1085038778
596 1153 1085038786
1185 194 1085038794
152 1153 1085038818
815 609 1085038820
605 615 1085038833
714 460 1085038850
12 599 1085038857
706 1219 1085038864
1072 341 1085038879
706 615 1085038887
1153 596 1085038953
152 1153 1085038960
605 615 1085038968
714 713 1085038994
823 1032 1085039018
128 338 1085039026
605 249 1085039037
143 1037 1085039043
823 149 1085039047
143 442 1085039092
823 814 1085039123
9 1181 1085039144
220 1018 1085039146
152 1153 1085039165
9 679 1085039184
609 815 1085039190
1072 878 1085039205
627 1185 1085039216
1185 1220 1085039233
928 372 1085039236
9 753 1085039275
596 1153 1085039275
975 609 1085039276
1185 627 1085039295
9 72 1085039355
152 1153 1085039359
1153 596 1085039366
209 1072 1085039420
9 1183 1085039433
609 975 1085039444
755 377 1085039449
1214 372 1085039456
377 755 1085039481
48 152 1085039513
152 1153 1085039523
1189 1217 1085039523
1185 823 1085039537
596 1153 1085039546
19 1221 1085039607
779 1181 1085039612
1033 1209 1085039618
341 1072 1085039636
1153 596 1085039639
9 753 1085039642
152 48 1085039649
152 1153 1085039698
194 1185 1085039721
48 152 1085039731
9 753 1085039743
9 1183 1085039751
194 465 1085039768
1217 1189 1085039769
1113 823 1085039805
9 753 1085039811
814 823 1085039827
194 1004 1085039865
194 271 1085039893
1209 1033 1085039922
152 48 1085039924
9 753 1085039928
1043 1072 1085039936
1209 704 1085039947
9 753 1085039950
823 1185 1085039980
809 1101 1085039996
194 1101 1085040003
194 560 1085040028
823 814 1085040043
152 1153 1085040052
1113 815 1085040062
9 596 1085040070
48 152 1085040071
1113 823 1085040079
9 753 1085040079
220 1018 1085040081
823 1211 1085040084
194 590 1085040118
596 1153 1085040132
194 181 1085040139
475 1167 1085040139
152 48 1085040197
194 794 1085040214
194 567 1085040242
152 1153 1085040248
9 1183 1085040287
1153 596 1085040294
9 753 1085040298
194 679 1085040299
1185 194 1085040374
815 609 1085040387
823 1222 1085040395
1113 823 1085040404
1185 823 1085040415
815 1113 1085040418
1181 779 1085040504
9 753 1085040519
823 1113 1085040531
1089 975 1085040534
814 823 1085040539
9 1183 1085040543
823 1185 1085040544
9 1181 1085040563
209 823 1085040598
152 1153 1085040598
152 1185 1085040613
1185 823 1085040614
220 1018 1085040627
596 1153 1085040642
823 814 1085040648
50 679 1085040659
1113 815 1085040667
152 1153 1085040688
823 209 1085040700
9 753 1085040705
1113 823 1085040715
9 1183 1085040721
823 1185 1085040738
9 72 1085040748
209 823 1085040751
1153 596 1085040773
779 1181 1085040783
475 1167 1085040794
1113 1216 1085040800
1185 823 1085040852
41 919 1085040863
814 823 1085040868
823 209 1085040898
1101 194 1085040908
9 753 1085040914
823 1185 1085040953
823 814 1085040977
1184 719 1085040989
609 815 1085040996
152 1153 1085041001
1113 823 1085041003
823 41 1085041030
209 823 1085041037
1113 815 1085041044
1087 1187 1085041059
815 609 1085041076
1113 1216 1085041080
1113 823 1085041109
12 599 1085041145
1181 779 1085041148
609 815 1085041148
1113 815 1085041163
1184 1052 1085041169
1223 72 1085041173
220 1018 1085041173
152 1153 1085041176
823 209 1085041176
1113 1216 1085041186
12 527 1085041202
596 1153 1085041212
878 1072 1085041216
12 599 1085041263
128 338 1085041272
72 1223 1085041280
128 194 1085041282
815 609 1085041357
823 1163 1085041386
12 711 1085041412
814 823 1085041414
1080 1207 1085041428
128 338 1085041435
711 1034 1085041436
609 815 1085041453
12 711 1085041484
823 814 1085041492
793 1224 1085041509
152 1153 1085041554
12 711 1085041567
823 1185 1085041570
1113 815 1085041604
209 823 1085041609
12 711 1085041612
1223 72 1085041618
128 1080 1085041621
1153 596 1085041655
9 601 1085041663
1113 823 1085041687
9 72 1085041705
12 711 1085041707
9 753 1085041714
814 823 1085041734
9 1183 1085041739
823 209 1085041754
12 599 1085041780
1185 823 1085041785
1163 1211 1085041788
212 303 1085041814
823 814 1085041824
823 1185 1085041836
1113 823 1085041858
963 63 1085041859
995 346 1085041867
1185 823 1085041869
1225 1183 1085041876
1183 1225 1085041923
12 711 1085041928
1183 1225 1085041938
823 1185 1085041949
12 8 1085041958
1226 1185 1085041976
1184 9 1085041986
1178 878 1085042023
1010 463 1085042032
1113 823 1085042034
1225 1183 1085042034
1185 823 1085042094
1226 1185 1085042116
1185 823 1085042126
475 1163 1085042154
814 823 1085042155
1189 1217 1085042188
1226 540 1085042199
1032 823 1085042304
1189 878 1085042325
596 1153 1085042331
878 1189 1085042368
1189 878 1085042395
105 915 1085042471
1034 711 1085042479
815 609 1085042490
80 277 1085042525
128 878 1085042626
277 80 1085042644
128 338 1085042664
1183 307 1085042682
1185 277 1085042708
277 1185 1085042753
80 277 1085042757
878 128 1085042773
609 815 1085042786
878 598 1085042848
1185 277 1085042848
815 609 1085042874
277 80 1085042897
277 1185 1085042968
609 815 1085042982
80 277 1085042997
48 152 1085043052
669 1196 1085043084
80 277 1085043090
277 80 1085043101
80 277 1085043132
277 80 1085043164
80 277 1085043189
41 823 1085043211
1185 277 1085043236
80 277 1085043321
41 1217 1085043340
277 1185 1085043347
277 80 1085043369
80 277 1085043501
1185 277 1085043530
277 80 1085043552
815 609 1085043574
277 1185 1085043588
80 277 1085043596
609 815 1085043601
1185 277 1085043620
48 1184 1085043622
470 288 1085043667
815 609 1085043692
609 815 1085043778
1184 48 1085043806
815 609 1085044124
815 609 1085044174
609 815 1085044188
609 815 1085044206
48 1184 1085044238
815 609 1085044364
440 1215 1085044404
609 815 1085044416
1227 1018 1085044432
681 440 1085044451
1185 583 1085044461
1184 48 1085044503
815 609 1085044554
609 815 1085044558
80 194 1085044569
609 815 1085044640
48 1184 1085045021
1113 990 1085045064
555 594 1085045068
626 1189 1085045197
555 594 1085045230
1181 341 1085045319
546 454 1085045344
1113 990 1085045356
555 802 1085045362
308 1185 1085045394
308 615 1085045768
42 353 1085045818
42 1018 1085045855
306 1228 1085045874
42 1229 1085045927
42 1183 1085046002
840 1186 1085046095
72 1039 1085046311
1004 194 1085046348
1184 48 1085046461
372 928 1085046527
372 536 1085046763
555 1187 1085046792
681 513 1085046967
308 155 1085047097
308 753 1085047212
1018 42 1085047568
1214 372 1085047666
180 242 1085048056
242 180 1085048157
180 242 1085048176
42 488 1085048261
306 308 1085048451
242 180 1085048561
1198 898 1085048694
1198 9 1085048731
242 823 1085048762
242 454 1085048811
180 242 1085048823
242 180 1085048930
180 242 1085049029
547 63 1085049582
242 180 1085049953
540 1226 1085050104
41 1198 1085050146
1058 1142 1085050657
62 598 1085050967
1227 72 1085051006
72 1227 1085051213
1227 72 1085051262
72 1227 1085051346
1227 72 1085051423
72 1227 1085051752
1227 72 1085051830
1213 306 1085052459
1213 362 1085052566
72 1227 1085052584
1041 41 1085053507
687 481 1085058885
687 642 1085058898
687 479 1085058914
687 252 1085058935
214 1216 1085060049
679 194 1085062106
615 308 1085062253
594 209 1085062632
288 470 1085063603
1132 725 1085063648
1132 1174 1085063903
954 652 1085064164
1132 950 1085064168
