393 193 1093798151
1675 32 1093806117
1675 1543 1093806416
1783 1675 1093806488
1675 1783 1093806609
1783 1675 1093806633
95 1403 1093808965
1052 1796 1093813604
547 1246 1093813669
1052 1789 1093813887
809 1167 1093817724
1332 523 1093822165
1808 12 1093824320
1808 95 1093825051
1246 547 1093830795
1280 1786 1093830903
1783 1183 1093834490
193 393 1093834537
1387 1312 1093837634
561 431 1093839522
561 1310 1093839889
561 105 1093840032
105 561 1093840182
561 1543 1093840494
561 105 1093840655
12 1808 1093841266
175 1814 1093842483
1312 1387 1093842771
1648 719 1093843618
1167 809 1093845972
1808 12 1093846502
1167 809 1093847366
32 523 1093847667
32 1675 1093847790
12 1808 1093848243
12 32 1093848473
12 398 1093848685
431 561 1093848871
1543 52 1093849546
1310 561 1093849814
63 494 1093850601
1741 783 1093850780
523 32 1093852007
523 1332 1093852045
620 27 1093854145
809 1167 1093854608
582 27 1093855363
1 1626 1093862841
