1 312 1090770745
3 1 1090772535
1 3 1090773131
1 3 1090773145
1744 1253 1090774933
3 1 1090776466
1 3 1090776745
3 1 1090776788
809 1713 1090779260
1655 1 1090781912
12 1313 1090782648
12 1312 1090782679
12 1343 1090782705
1313 12 1090782983
856 1117 1090784208
312 1 1090786090
1 312 1090786541
9 1346 1090790064
9 1255 1090790112
1346 9 1090790227
9 1346 1090790275
193 1362 1090793526
1308 1713 1090794911
1308 1716 1090795006
12 1313 1090795265
810 175 1090797345
175 810 1090799526
1312 12 1090799771
1647 233 1090799830
1647 749 1090799939
1713 809 1090800046
644 143 1090800703
768 774 1090800919
1253 1744 1090802150
1281 1762 1090803636
12 1312 1090806577
711 1678 1090807161
1313 12 1090807217
1676 233 1090808712
1748 970 1090810243
1748 172 1090810405
32 3 1090811811
389 494 1090812037
42 1329 1090812673
1329 42 1090812804
42 1329 1090812901
42 1731 1090813851
1748 1440 1090818459
144 1758 1090818642
1748 1075 1090818837
1075 1748 1090819247
143 644 1090819493
1343 12 1090819542
1748 1075 1090819550
1343 9 1090819688
970 1748 1090820507
970 1641 1090820521
970 774 1090820541
970 298 1090820553
1314 1346 1090820920
1023 1766 1090821172
271 277 1090821292
271 638 1090821395
271 713 1090821714
443 42 1090821806
298 970 1090822584
995 318 1090823065
1765 1253 1090823170
995 318 1090823193
1765 72 1090823272
1181 19 1090824228
9 1343 1090824545
9 67 1090824720
191 429 1090825276
1255 42 1090825874
1765 1253 1090826407
1762 1281 1090826684
1280 727 1090827743
1713 1195 1090830787
1624 48 1090831231
48 1624 1090831674
1742 211 1090832010
67 9 1090834467
67 1767 1090834576
67 1768 1090834682
67 1769 1090834738
67 1760 1090834771
67 1749 1090834815
1042 1338 1090836920
970 710 1090837154
1253 1765 1090838065
3 32 1090839386
3 32 1090839943
1346 1314 1090842182
1312 12 1090844813
