32 429 1083337683
483 368 1083342467
70 174 1083344234
9 466 1083344445
70 482 1083345312
70 482 1083345755
429 372 1083345802
398 405 1083346279
398 97 1083347033
289 97 1083347079
342 194 1083347095
453 264 1083347118
429 209 1083347161
429 32 1083347189
342 454 1083347328
447 372 1083347471
209 194 1083348547
321 437 1083348827
321 316 1083349446
321 209 1083349471
348 338 1083349493
316 355 1083349494
321 506 1083349516
321 316 1083349545
321 507 1083349593
321 209 1083349621
316 263 1083349636
321 316 1083349660
321 348 1083349691
263 316 1083349954
263 316 1083349979
316 263 1083350157
355 316 1083350205
263 316 1083350271
263 316 1083350293
355 316 1083350326
316 355 1083350462
316 263 1083350477
355 316 1083350606
316 355 1083350618
344 263 1083350747
316 355 1083350766
344 194 1083350807
355 316 1083351004
316 355 1083351078
32 154 1083351372
431 398 1083351830
212 480 1083352164
431 372 1083352438
431 372 1083352444
212 303 1083352478
212 372 1083352647
431 454 1083352800
431 454 1083352801
431 454 1083352807
355 316 1083352945
405 508 1083353286
398 405 1083353384
398 254 1083353593
508 405 1083353747
474 74 1083353804
41 503 1083354018
358 479 1083354339
509 454 1083354503
372 508 1083354806
194 456 1083354838
431 372 1083354987
372 355 1083355057
260 236 1083355214
260 51 1083355309
176 453 1083355579
303 212 1083355681
303 194 1083355729
431 372 1083355827
508 372 1083356085
321 454 1083356181
321 358 1083356219
454 263 1083356345
211 194 1083356462
27 184 1083356545
454 496 1083356634
454 181 1083356924
68 437 1083357006
391 289 1083357053
263 257 1083357160
454 510 1083358463
456 194 1083358713
448 352 1083358855
181 454 1083358864
74 379 1083358885
74 379 1083358947
350 365 1083359029
69 450 1083359133
69 263 1083359145
296 194 1083359189
53 481 1083359230
69 124 1083359274
372 508 1083359292
44 432 1083359301
372 460 1083359352
34 313 1083359421
44 372 1083359473
53 254 1083359521
44 34 1083359533
325 128 1083359571
447 325 1083359592
44 511 1083359610
447 34 1083359620
128 325 1083359662
325 128 1083359796
212 263 1083359871
212 48 1083360329
19 512 1083360333
299 399 1083360347
128 325 1083360559
212 211 1083360608
460 372 1083361240
323 281 1083361503
513 388 1083361663
513 514 1083361686
465 62 1083361762
323 88 1083362027
323 124 1083362077
440 513 1083362141
317 308 1083362319
474 74 1083362438
474 32 1083362610
422 365 1083362722
263 212 1083362860
62 454 1083362953
62 481 1083362973
62 465 1083363028
422 460 1083363126
101 515 1083363294
453 516 1083363295
228 392 1083363410
465 62 1083363467
474 236 1083363467
517 368 1083363513
289 391 1083363532
517 68 1083363572
379 74 1083363628
517 289 1083363691
379 450 1083363692
359 460 1083363693
465 398 1083363780
379 432 1083363985
432 379 1083364142
297 248 1083364175
474 236 1083364215
297 272 1083364245
181 432 1083364769
368 194 1083365281
281 402 1083365356
281 323 1083365387
368 221 1083365435
425 378 1083365527
425 396 1083365539
368 359 1083365562
368 309 1083365601
359 368 1083365636
368 359 1083365702
359 368 1083365789
342 454 1083365808
474 359 1083365820
294 51 1083365831
368 359 1083365860
359 368 1083365928
62 465 1083365941
62 481 1083365954
517 368 1083365962
62 368 1083365967
474 359 1083365974
517 359 1083366022
9 465 1083366146
368 359 1083366154
474 359 1083366176
9 391 1083366212
359 368 1083366252
9 194 1083366267
368 359 1083366338
359 368 1083366409
474 359 1083366417
194 211 1083366464
368 359 1083366482
194 456 1083366488
359 368 1083366569
372 460 1083366655
368 359 1083366699
474 32 1083366835
359 368 1083366869
316 355 1083366883
378 425 1083366912
474 359 1083366953
378 396 1083366972
368 359 1083367234
359 368 1083367358
368 359 1083367560
465 62 1083367654
359 368 1083367695
359 368 1083367719
32 209 1083367816
518 345 1083367829
368 359 1083367866
456 194 1083367874
19 519 1083368202
19 519 1083368209
483 368 1083368353
520 32 1083368629
493 329 1083368664
143 32 1083368707
400 504 1083368742
521 305 1083368757
400 428 1083368985
273 272 1083369119
389 496 1083369266
273 522 1083369283
62 368 1083369720
62 465 1083369736
523 524 1083369796
469 519 1083369836
44 432 1083369913
44 432 1083369943
379 432 1083370207
469 463 1083370347
400 454 1083370813
400 396 1083370916
400 429 1083371092
520 291 1083371200
520 291 1083371209
520 292 1083371301
400 429 1083371496
44 211 1083371920
422 365 1083372099
496 454 1083372535
214 525 1083372650
321 454 1083373569
392 228 1083373718
41 523 1083373723
321 359 1083373791
321 480 1083373870
477 526 1083374156
32 527 1083374740
457 456 1083374861
350 365 1083375076
9 282 1083375114
36 413 1083375115
9 465 1083375292
425 378 1083375357
350 365 1083375527
460 359 1083375812
9 8 1083375868
9 8 1083375874
9 282 1083376059
9 8 1083376120
9 465 1083376202
9 8 1083376234
9 8 1083376431
9 527 1083376511
9 528 1083376535
9 8 1083376596
302 497 1083376691
9 8 1083376810
9 8 1083376820
297 234 1083377066
441 368 1083377106
209 32 1083377310
9 8 1083377313
447 325 1083377948
447 34 1083378007
447 48 1083379055
9 8 1083379649
62 375 1083380009
12 175 1083380818
12 302 1083381158
51 529 1083381354
51 528 1083381542
51 523 1083381556
51 530 1083381570
456 527 1083381925
456 527 1083381932
456 501 1083382071
447 48 1083382740
447 48 1083382828
363 502 1083382892
389 424 1083383179
400 428 1083383211
400 286 1083384365
396 378 1083384499
357 409 1083384525
400 396 1083384570
357 502 1083384595
400 502 1083384669
228 392 1083384971
12 502 1083385128
32 209 1083385268
447 325 1083385288
32 52 1083385317
53 254 1083385372
103 502 1083385394
447 325 1083385684
447 325 1083385874
41 527 1083386132
41 529 1083386140
357 502 1083386335
41 502 1083386440
176 502 1083386493
357 502 1083386625
355 316 1083386684
355 316 1083386705
62 475 1083386726
357 501 1083386728
501 456 1083386731
103 503 1083386740
355 316 1083386747
475 62 1083387193
398 502 1083387200
62 475 1083387224
502 398 1083387265
475 62 1083387276
456 501 1083387286
62 278 1083387296
474 32 1083387310
357 502 1083387454
474 32 1083387570
357 502 1083387576
176 502 1083387636
526 477 1083387689
483 62 1083387704
209 355 1083387706
357 502 1083387816
400 441 1083387820
41 502 1083387862
483 62 1083387968
447 325 1083387982
193 63 1083388070
483 62 1083388075
357 502 1083388093
193 149 1083388106
456 209 1083388113
467 389 1083388129
172 531 1083388195
501 456 1083388245
103 452 1083388286
357 502 1083388289
456 501 1083388314
482 389 1083388374
357 168 1083388432
357 502 1083388454
193 355 1083388642
41 502 1083388692
474 372 1083388703
103 456 1083388704
193 502 1083388843
502 193 1083388914
474 372 1083388939
193 502 1083389059
128 62 1083389095
41 502 1083389116
357 502 1083389150
41 452 1083389171
501 236 1083389247
501 236 1083389390
501 456 1083389542
482 532 1083389546
398 502 1083389603
357 428 1083389620
502 193 1083389736
357 502 1083389822
41 502 1083389827
313 34 1083390171
38 313 1083390209
63 193 1083390219
103 134 1083390271
41 502 1083390406
38 313 1083390474
38 313 1083390492
532 482 1083390503
38 313 1083390520
228 475 1083390706
38 313 1083390713
38 313 1083390810
38 313 1083390848
38 313 1083390861
38 313 1083391060
38 313 1083391092
41 502 1083391105
38 365 1083391208
38 313 1083391278
38 313 1083391441
38 313 1083391523
501 236 1083391529
38 313 1083391586
38 313 1083391918
38 313 1083392096
38 313 1083392109
67 378 1083392125
38 313 1083392131
38 313 1083392180
67 215 1083392217
67 215 1083392247
67 533 1083392265
67 534 1083392276
67 529 1083392283
67 527 1083392295
67 371 1083392306
67 482 1083392326
67 273 1083392350
67 8 1083392358
67 288 1083392366
41 502 1083392380
67 440 1083392389
67 535 1083392403
67 74 1083392451
67 288 1083392506
67 72 1083392557
67 236 1083392564
67 260 1083392573
67 313 1083392655
67 502 1083392678
67 242 1083392686
67 424 1083392709
67 521 1083392718
67 365 1083392733
67 172 1083392747
67 475 1083392864
67 313 1083392871
389 482 1083392872
67 475 1083392926
389 424 1083392951
38 313 1083393004
67 288 1083393075
241 501 1083393110
38 502 1083393161
67 475 1083393226
67 288 1083393254
67 72 1083393273
41 502 1083393274
38 313 1083393322
241 260 1083393334
36 413 1083393351
67 288 1083393371
67 475 1083393381
38 502 1083393464
41 502 1083393550
67 72 1083393559
67 288 1083393584
193 63 1083393616
67 74 1083393617
67 72 1083393644
67 288 1083393674
67 72 1083393686
38 313 1083393725
38 502 1083393751
67 475 1083393759
74 503 1083393765
38 502 1083393802
389 467 1083393805
67 72 1083393817
67 72 1083393826
38 313 1083393866
67 475 1083393952
193 502 1083393971
67 72 1083393972
67 72 1083394034
38 502 1083394048
67 475 1083394056
67 72 1083394198
67 475 1083394220
502 193 1083394252
509 454 1083394314
67 475 1083394321
509 454 1083394359
67 475 1083394456
38 502 1083394503
233 372 1083394517
67 475 1083394520
38 502 1083394583
38 502 1083394614
38 502 1083394626
67 475 1083394640
38 475 1083394689
41 502 1083394743
38 502 1083394762
38 313 1083394781
38 313 1083394815
67 88 1083394835
38 313 1083394859
67 475 1083394906
38 502 1083394930
38 288 1083394997
38 313 1083395095
38 177 1083395134
38 288 1083395151
38 313 1083395188
38 177 1083395208
38 177 1083395232
38 313 1083395260
27 414 1083395269
297 482 1083395307
38 177 1083395309
38 502 1083395341
482 389 1083395360
38 313 1083395413
41 502 1083395441
38 288 1083395446
38 502 1083395532
38 288 1083395572
38 288 1083395588
38 177 1083395635
38 502 1083395677
41 502 1083395702
38 502 1083395706
38 313 1083395755
38 502 1083395788
409 302 1083395795
38 502 1083395808
409 413 1083395817
38 288 1083395855
38 502 1083395870
38 502 1083395919
38 177 1083395954
38 288 1083396024
41 502 1083396078
38 288 1083396106
355 193 1083396155
386 387 1083396192
355 209 1083396196
38 386 1083396203
38 288 1083396237
509 534 1083396237
38 502 1083396279
38 502 1083396304
38 502 1083396363
38 502 1083396469
38 502 1083396637
38 502 1083396732
38 502 1083396785
38 502 1083396807
38 502 1083396932
38 502 1083396950
38 502 1083397032
38 502 1083397098
38 288 1083397191
38 502 1083397259
38 502 1083397345
38 288 1083397404
501 241 1083397407
74 379 1083397441
38 288 1083397501
38 177 1083397523
38 502 1083397537
38 502 1083397555
38 502 1083397584
38 177 1083397639
38 177 1083397653
41 502 1083397821
517 481 1083397911
38 502 1083397998
38 475 1083398039
41 502 1083398188
38 475 1083398216
38 502 1083398258
38 475 1083398317
38 502 1083398339
41 502 1083398361
38 502 1083398375
38 502 1083398399
41 528 1083398597
38 502 1083398603
474 74 1083398641
38 168 1083398674
400 428 1083398725
62 481 1083398741
38 475 1083398762
38 502 1083398802
214 512 1083398827
41 536 1083398946
19 409 1083399040
400 502 1083399058
398 308 1083399366
398 308 1083399640
398 308 1083399640
465 398 1083399735
41 355 1083399793
469 97 1083399846
41 464 1083399856
41 464 1083399870
342 502 1083399898
398 308 1083399918
398 308 1083399961
393 32 1083399971
537 536 1083400047
398 308 1083400107
143 201 1083400206
143 201 1083400494
241 501 1083400523
400 168 1083400579
501 236 1083400626
143 201 1083400661
398 308 1083400671
143 201 1083400672
400 378 1083400774
398 308 1083400808
456 405 1083400836
143 201 1083400880
400 365 1083400904
143 201 1083400967
143 201 1083401028
352 309 1083401069
501 241 1083401086
143 201 1083401116
398 308 1083401131
241 501 1083401141
143 201 1083401267
143 456 1083401296
143 201 1083401341
456 389 1083401399
143 201 1083401447
143 201 1083401466
143 456 1083401497
143 201 1083401519
143 201 1083401593
143 201 1083401725
501 241 1083402237
241 501 1083402309
282 456 1083402406
257 263 1083402426
19 538 1083402569
19 109 1083402636
539 502 1083402667
422 536 1083402694
19 538 1083402736
475 74 1083402771
75 475 1083402866
517 481 1083402925
308 68 1083402927
475 75 1083402940
475 75 1083402975
140 276 1083402987
75 475 1083403089
475 75 1083403116
422 97 1083403124
308 540 1083403125
308 538 1083403154
236 501 1083403191
75 475 1083403345
41 538 1083403367
475 75 1083403404
475 75 1083403433
236 242 1083403521
236 501 1083403586
44 74 1083403605
68 308 1083403631
75 475 1083403777
75 475 1083403823
475 75 1083403928
19 538 1083403935
475 75 1083404013
19 538 1083404041
501 236 1083404059
539 368 1083404087
19 538 1083404107
19 538 1083404125
75 475 1083404129
19 538 1083404146
75 475 1083404184
19 538 1083404190
19 538 1083404213
475 75 1083404228
19 538 1083404230
475 75 1083404263
19 538 1083404284
75 475 1083404295
19 538 1083404309
19 538 1083404329
75 475 1083404372
475 75 1083404377
75 475 1083404383
19 538 1083404389
75 475 1083404416
475 75 1083404440
475 75 1083404469
539 368 1083404538
475 75 1083404702
38 313 1083404877
536 532 1083405518
532 536 1083405570
539 368 1083405581
191 536 1083405631
536 532 1083405646
532 536 1083405704
536 532 1083405775
532 536 1083405849
536 532 1083405890
536 191 1083405913
532 541 1083405932
532 536 1083405975
536 532 1083406140
191 536 1083406218
532 536 1083406220
282 34 1083406453
532 463 1083406526
368 542 1083406949
542 368 1083407063
9 177 1083407122
41 355 1083407165
9 177 1083407165
368 542 1083407170
501 236 1083407254
128 62 1083407402
513 440 1083407436
128 236 1083407709
522 273 1083407850
236 128 1083407875
97 352 1083408242
97 542 1083408704
128 236 1083408758
144 398 1083408989
542 97 1083408997
97 542 1083409061
325 482 1083409125
97 542 1083409146
236 128 1083409166
542 97 1083409277
128 236 1083409349
542 543 1083409352
97 542 1083409354
128 97 1083409401
501 236 1083409411
542 97 1083409439
236 501 1083409441
97 542 1083409514
325 523 1083409557
501 236 1083409575
543 542 1083409585
145 119 1083409615
236 128 1083409634
325 482 1083409635
542 97 1083409642
236 501 1083409665
501 236 1083409703
542 543 1083409734
325 72 1083409742
97 542 1083409789
540 308 1083409835
542 97 1083409866
128 236 1083409889
543 542 1083409946
97 542 1083409948
236 501 1083409960
325 482 1083410018
542 543 1083410087
236 128 1083410103
119 144 1083410148
74 378 1083410168
542 97 1083410191
97 542 1083410232
325 97 1083410265
325 97 1083410277
325 97 1083410284
543 542 1083410309
97 325 1083410377
128 236 1083410443
74 527 1083410521
74 528 1083410686
74 544 1083410723
325 482 1083410796
542 97 1083410816
74 519 1083410827
325 97 1083410869
97 542 1083410957
74 541 1083410986
97 325 1083410999
542 97 1083411015
325 97 1083411116
97 325 1083411228
542 97 1083411239
97 542 1083411304
325 97 1083411317
542 97 1083411358
97 325 1083411405
68 97 1083411411
97 542 1083411450
542 97 1083411456
97 68 1083411473
482 325 1083411485
325 97 1083411502
97 542 1083411529
325 482 1083411543
97 325 1083411559
542 97 1083411667
325 97 1083411680
236 128 1083411758
97 542 1083411786
97 325 1083411839
68 97 1083411849
325 513 1083411857
325 513 1083411864
482 325 1083411886
97 68 1083411917
325 482 1083411943
542 97 1083411978
513 325 1083412008
325 97 1083412011
41 513 1083412013
325 513 1083412033
481 62 1083412036
97 542 1083412073
542 513 1083412087
513 325 1083412103
97 325 1083412118
513 542 1083412150
325 513 1083412184
542 97 1083412191
542 513 1083412240
325 97 1083412261
513 542 1083412309
97 542 1083412374
68 48 1083412401
325 61 1083412404
482 325 1083412428
97 325 1083412429
325 482 1083412476
68 61 1083412496
325 97 1083412555
542 61 1083412572
513 98 1083412631
542 97 1083412660
41 513 1083412675
325 109 1083412730
542 97 1083412760
482 325 1083412790
72 325 1083412831
513 545 1083412847
97 542 1083412887
97 542 1083412933
97 542 1083412936
97 542 1083412938
97 542 1083412938
542 97 1083412978
325 482 1083412979
325 72 1083413012
97 542 1083413051
542 97 1083413135
542 97 1083413183
72 325 1083413196
482 325 1083413208
325 97 1083413296
325 482 1083413332
97 542 1083413394
546 532 1083413431
97 325 1083413439
482 325 1083413509
546 542 1083413522
542 97 1083413561
325 97 1083413569
325 482 1083413594
546 454 1083413760
482 325 1083413889
546 97 1083414003
325 482 1083414003
482 325 1083414380
97 542 1083414440
97 325 1083414465
325 482 1083414690
325 97 1083414710
97 325 1083414766
547 311 1083414922
325 97 1083414945
97 325 1083414995
325 97 1083415208
97 325 1083415311
325 97 1083415378
482 325 1083415545
325 482 1083415566
546 97 1083416414
325 542 1083416881
542 325 1083417007
542 548 1083417059
325 542 1083417072
548 542 1083417108
542 325 1083417146
325 542 1083417229
542 548 1083417246
542 325 1083417298
325 542 1083417317
297 75 1083417526
325 549 1083418484
549 325 1083418669
62 481 1083422987
