27 1285 1089129282
1395 249 1089130997
495 741 1089132296
495 1406 1089132348
620 1181 1089133064
620 27 1089133264
1346 719 1089133776
708 557 1089134984
36 1713 1089135777
1713 36 1089135943
27 620 1089138261
1342 1343 1089138765
1713 708 1089138838
1059 713 1089139562
1142 540 1089139778
281 708 1089142362
1231 984 1089142764
617 1713 1089143173
1713 617 1089143523
1713 617 1089143725
617 1713 1089144368
1713 617 1089144469
984 1231 1089144681
1728 312 1089147622
1713 561 1089147944
1728 312 1089147957
561 95 1089148610
561 249 1089148780
561 1713 1089148875
63 1520 1089148954
1540 48 1089149595
1540 1520 1089149616
1285 27 1089150165
1285 1313 1089150250
1509 1285 1089150456
1285 1509 1089150695
1688 277 1089150883
1688 1647 1089150936
1136 249 1089151082
48 1540 1089153478
95 561 1089153689
249 1395 1089154758
249 1136 1089154788
1158 1072 1089156017
1713 143 1089156596
143 1727 1089156619
143 1713 1089156650
809 1240 1089156862
1231 984 1089157383
1540 48 1089157701
1713 143 1089158509
1181 620 1089159344
518 249 1089159482
124 1255 1089159616
652 598 1089159883
652 598 1089160157
1313 1285 1089160419
557 708 1089160476
1346 346 1089160605
1415 1142 1089160626
143 1713 1089161455
1488 32 1089162519
1727 143 1089162970
249 1488 1089163819
249 725 1089163853
474 32 1089164120
474 1158 1089164177
1624 1509 1089164256
1488 249 1089164269
249 1488 1089164294
1624 1408 1089164320
249 1488 1089164761
1029 1713 1089164880
1513 1737 1089165279
1513 1737 1089165309
1237 843 1089165311
1737 219 1089165329
1737 219 1089165329
1513 1737 1089165343
1737 277 1089165617
1737 1127 1089165688
1737 1255 1089165800
144 430 1089165848
1127 1251 1089165868
1737 1255 1089165900
32 1488 1089165923
1737 1408 1089166090
1737 1513 1089166165
1343 9 1089166208
1737 1157 1089166601
1737 415 1089166673
1737 415 1089166745
1343 1342 1089166757
1343 1342 1089166889
249 1343 1089167121
1737 220 1089167378
1667 799 1089168294
1667 144 1089168335
799 1667 1089168542
1343 249 1089168825
561 95 1089168861
713 884 1089170200
713 727 1089170261
1255 124 1089170271
713 1059 1089170357
1255 1737 1089170442
249 1343 1089171431
249 394 1089171644
1408 1737 1089174237
1408 1624 1089174243
1395 341 1089174812
1136 249 1089175051
249 1136 1089175535
415 1737 1089175567
1142 1415 1089175984
1713 143 1089176616
1406 495 1089176633
1472 1346 1089177433
1346 1472 1089177971
447 95 1089179893
714 1647 1089180279
878 537 1089180416
249 868 1089180557
1009 1585 1089180636
1713 1029 1089180720
537 468 1089180779
537 878 1089181156
1009 27 1089181258
1713 1026 1089181306
495 1406 1089181367
595 191 1089181611
1346 518 1089181671
878 537 1089181763
1009 1346 1089182723
708 281 1089182938
1009 537 1089183234
249 708 1089183519
1346 1009 1089183735
249 1731 1089183973
191 595 1089184405
1332 1545 1089185177
81 1434 1089185345
557 843 1089187001
1562 809 1089187546
809 1562 1089189684
1562 809 1089190315
788 9 1089190502
788 67 1089190538
1713 788 1089190551
1713 938 1089190683
843 557 1089191446
1240 809 1089191778
1632 1039 1089194758
809 1562 1089212155
