800 1072 1086015636
1072 1158 1086020636
1072 1158 1086020663
725 1260 1086021552
1393 283 1086022300
615 422 1086022374
1313 507 1086022524
1509 1514 1086022567
1509 1515 1086022644
393 1516 1086024042
831 934 1086024813
1339 1417 1086025026
509 893 1086025253
509 52 1086025310
509 799 1086025378
1255 980 1086025461
1255 984 1086025506
1255 462 1086025546
1472 817 1086025778
1472 594 1086025861
1113 1517 1086026744
1158 1072 1086026870
1158 1072 1086026981
1514 1518 1086027389
1021 1285 1086028495
1021 191 1086028530
1021 1508 1086028548
713 1441 1086030243
398 405 1086030259
713 370 1086030332
713 87 1086030362
713 276 1086030596
713 1185 1086030671
713 884 1086030767
830 389 1086030816
713 781 1086030939
713 462 1086031062
735 1168 1086031192
276 713 1086031295
713 1517 1086031340
329 468 1086031620
52 509 1086032027
309 520 1086032053
326 701 1086032172
378 994 1086032310
799 1475 1086032439
276 735 1086032725
639 1438 1086032730
639 993 1086032915
639 1433 1086033040
520 309 1086033186
509 52 1086033188
509 799 1086033209
212 1507 1086033283
520 1017 1086033313
884 713 1086033824
1375 1472 1086033991
32 1519 1086034319
32 1505 1086034423
47 1299 1086034592
708 1075 1086034866
1520 1513 1086035368
783 1381 1086035403
997 142 1086035628
9 1285 1086036118
469 463 1086036131
1521 645 1086036179
1142 47 1086036290
9 1285 1086036303
9 1285 1086036775
509 799 1086036906
283 615 1086037051
1280 725 1086037657
1043 1142 1086037907
375 912 1086038622
710 646 1086038642
52 509 1086039088
912 375 1086039538
912 893 1086039557
9 1521 1086040204
9 295 1086040223
9 295 1086040234
1114 1424 1086041135
701 326 1086041173
884 375 1086041276
509 52 1086041447
1406 1268 1086041549
1424 1114 1086041607
375 884 1086041614
1522 859 1086041702
375 912 1086041713
1523 1420 1086042000
1523 1420 1086042001
509 893 1086042750
687 438 1086043025
199 1375 1086043056
1523 1518 1086043285
209 1489 1086043811
639 509 1086043850
103 358 1086044243
67 1496 1086044284
67 1501 1086044300
103 1217 1086044364
598 542 1086045136
199 1060 1086045174
598 542 1086045175
1339 199 1086045528
1502 606 1086045549
626 1523 1086045666
652 1317 1086045753
652 394 1086045793
103 652 1086045905
679 1176 1086046173
97 726 1086046186
379 542 1086046209
884 375 1086046218
871 1417 1086046300
1487 50 1086046421
103 652 1086046663
103 652 1086047134
713 1441 1086047293
713 781 1086047378
67 1445 1086047385
713 1517 1086047473
713 462 1086047589
713 370 1086047683
1522 1524 1086047809
598 1517 1086048139
1487 312 1086048140
326 701 1086048208
249 1525 1086048405
1339 713 1086048431
128 509 1086048496
1522 8 1086048557
128 847 1086048574
42 72 1086048660
1522 97 1086048850
919 1449 1086048869
42 72 1086048938
1522 220 1086048969
1393 283 1086049419
42 72 1086049499
1317 652 1086050108
309 639 1086050163
297 738 1086050207
713 1165 1086050277
42 72 1086050294
309 212 1086050311
42 1526 1086050464
1520 1513 1086050828
50 1487 1086050843
370 1417 1086050915
1026 509 1086051147
1026 615 1086051212
1026 1236 1086051227
463 609 1086051317
1441 713 1086051373
463 469 1086051412
1142 1043 1086051494
249 402 1086051697
1284 1317 1086051898
191 1021 1086051938
1255 462 1086052077
609 463 1086052088
1507 405 1086052235
1507 212 1086052388
249 402 1086052527
1433 639 1086052617
144 1527 1086052720
615 1026 1086053043
1489 209 1086053083
942 377 1086053349
864 990 1086053371
277 1508 1086053587
277 1381 1086053624
277 797 1086053663
594 1472 1086054461
1173 654 1086054483
635 725 1086054935
635 725 1086054951
1173 654 1086055002
635 1433 1086055049
704 1468 1086055140
654 701 1086055212
635 224 1086055372
1284 285 1086055407
993 639 1086055414
249 713 1086056073
442 1184 1086056111
1521 645 1086056411
392 321 1086056487
1383 749 1086057277
1383 1127 1086057353
277 797 1086058010
1528 713 1086058143
1042 713 1086058185
1042 52 1086058215
1042 781 1086058231
42 43 1086058388
605 734 1086058468
442 852 1086058497
442 654 1086058853
342 1497 1086058904
852 442 1086058935
615 1526 1086059011
1037 1517 1086059174
342 1497 1086059299
394 1526 1086059316
944 1518 1086059329
615 713 1086059344
605 734 1086059359
1167 1424 1086059361
32 1518 1086059495
1517 1037 1086059525
1518 944 1086059531
32 460 1086059544
792 1036 1086059606
32 1518 1086059661
32 773 1086059685
605 734 1086059753
605 734 1086059958
605 734 1086060124
42 394 1086060241
605 734 1086060369
605 734 1086060607
1507 1117 1086060834
605 734 1086060900
1339 132 1086060918
605 734 1086060997
128 847 1086061381
67 1496 1086061492
67 1501 1086061532
67 1507 1086061594
1313 569 1086062078
1190 50 1086062081
823 285 1086062136
322 1217 1086062212
67 1507 1086062309
878 1362 1086062519
1180 1393 1086062547
309 1497 1086062565
42 1507 1086062605
42 1507 1086062647
1173 654 1086062727
1217 322 1086062757
42 964 1086062892
128 847 1086063000
128 847 1086063059
878 713 1086063098
706 1236 1086063154
1038 781 1086063232
1190 281 1086063429
1038 1489 1086063468
596 1179 1086063534
285 1497 1086063611
254 1190 1086063628
42 1507 1086063666
1313 569 1086063688
42 1507 1086063798
128 847 1086063826
1173 654 1086063902
1339 199 1086063918
714 713 1086063965
1313 569 1086063988
714 1400 1086064053
254 1190 1086064082
725 635 1086064120
1508 1021 1086064161
254 1190 1086064204
1508 1521 1086064219
67 1496 1086064225
498 708 1086064236
810 233 1086064238
1521 1508 1086064278
1284 1317 1086064287
1313 569 1086064439
1508 1521 1086064553
1339 276 1086064576
398 354 1086064602
1173 654 1086064612
1521 1508 1086064775
398 1526 1086064795
598 1080 1086064911
1313 569 1086064916
1313 569 1086065209
1502 1503 1086065443
1173 654 1086065493
128 847 1086065516
1508 708 1086065598
733 1313 1086065623
1526 595 1086065623
1508 1184 1086065769
1503 1502 1086066007
128 847 1086066434
128 677 1086066486
1026 615 1086066612
1181 131 1086066621
316 509 1086066676
1184 442 1086066676
447 1526 1086066747
1184 1508 1086066789
596 1187 1086066802
704 1509 1086066850
283 1393 1086066872
283 1502 1086066904
9 282 1086066929
1502 1503 1086066956
1489 209 1086066977
1184 1472 1086067046
283 1502 1086067060
283 1502 1086067069
1503 1502 1086067113
1339 316 1086067128
1502 1503 1086067137
281 1190 1086067155
283 1502 1086067167
283 1502 1086067185
194 998 1086067202
283 1502 1086067240
1502 606 1086067300
352 908 1086067306
781 713 1086067314
194 980 1086067329
783 1526 1086067454
615 1026 1086067533
753 6 1086067565
194 353 1086067566
194 1127 1086067678
878 1362 1086067711
194 560 1086067719
194 1004 1086067746
733 783 1086067750
194 794 1086067822
38 561 1086067843
308 739 1086067862
852 38 1086067863
733 919 1086067865
194 1178 1086067892
1295 392 1086067931
194 465 1086067972
617 250 1086067977
733 783 1086068005
635 725 1086068133
1289 212 1086068266
617 250 1086068334
733 783 1086068344
617 250 1086068575
1489 1289 1086068595
573 61 1086068653
1472 1184 1086068769
87 713 1086068829
1184 1472 1086069055
145 586 1086069263
1375 1529 1086069413
893 68 1086069651
842 713 1086069665
377 942 1086069850
1185 41 1086069852
118 194 1086070113
640 1468 1086070216
640 1526 1086070232
1117 1507 1086070233
1530 1192 1086070253
749 713 1086070490
271 713 1086070518
1236 706 1086070592
271 899 1086070643
749 474 1086070701
778 517 1086070745
502 778 1086070771
1520 716 1086070789
749 1383 1086070820
749 173 1086070852
1033 1496 1086070884
706 1236 1086070916
1033 1496 1086070927
1421 1356 1086070977
502 778 1086071040
1472 1184 1086071191
502 778 1086071373
447 1526 1086071374
1236 706 1086071505
341 1423 1086071534
1281 163 1086071621
502 778 1086071661
261 835 1086071818
502 778 1086071945
546 1362 1086071952
1400 714 1086071979
546 725 1086072083
1338 838 1086072104
1217 473 1086072117
835 261 1086072144
1508 1184 1086072169
1338 373 1086072229
1338 99 1086072291
1338 1508 1086072310
1338 67 1086072337
733 783 1086072345
1185 41 1086072442
1423 341 1086072464
1338 1508 1086072470
1508 358 1086072499
473 1217 1086072685
706 740 1086072689
605 431 1086072802
341 1423 1086072846
1338 1508 1086072859
1338 1036 1086072875
261 835 1086072982
733 783 1086073023
1176 679 1086073141
1509 1440 1086073166
679 1176 1086073379
1423 341 1086073436
442 1184 1086073469
341 1423 1086073545
41 277 1086073682
1423 341 1086073731
733 144 1086073810
1165 713 1086073855
1517 449 1086073970
19 1430 1086073986
19 1430 1086073992
733 1423 1086074135
871 988 1086074193
475 1105 1086074196
733 1423 1086074446
1423 733 1086074502
309 754 1086074528
1021 191 1086074541
733 1423 1086074561
1021 1508 1086074597
85 733 1086074641
332 352 1086074875
601 1517 1086074956
733 893 1086075162
85 733 1086075177
1517 601 1086075199
601 1517 1086075237
942 377 1086075548
716 713 1086075904
893 733 1086075925
912 1513 1086076002
1178 194 1086076082
706 1531 1086076109
1178 1051 1086076125
9 282 1086076235
9 1501 1086076243
835 261 1086076625
919 733 1086076759
1489 209 1086077023
1440 1509 1086077465
1449 1021 1086077646
1132 1425 1086077674
118 194 1086077702
852 276 1086077874
852 276 1086077952
852 276 1086078033
1113 1517 1086078047
1379 194 1086078098
1379 713 1086078267
204 1227 1086078348
985 983 1086078361
1433 635 1086078420
600 847 1086078962
950 353 1086079173
1101 713 1086079193
1532 852 1086079199
600 847 1086079340
899 271 1086079613
701 193 1086079621
1507 1019 1086079685
794 1401 1086079785
42 919 1086079860
42 394 1086079876
191 1021 1086080058
781 1528 1086080181
1184 1508 1086080309
1184 442 1086080377
781 1515 1086080409
1438 294 1086080417
323 298 1086080641
323 341 1086080691
298 323 1086080719
323 298 1086080782
323 341 1086080802
781 1365 1086080872
1520 716 1086080982
781 1426 1086081061
781 1426 1086081065
42 323 1086081242
42 573 1086081289
781 988 1086081517
781 386 1086081567
1356 1509 1086082451
1356 852 1086082591
146 312 1086083500
1244 1275 1086084089
42 72 1086084299
42 72 1086084341
42 69 1086084719
105 1444 1086085960
542 379 1086087009
9 282 1086096585
635 725 1086098027
342 1406 1086101283
342 1015 1086101344
