871 392 1085411225
1113 70 1085411680
1306 990 1085411872
67 1231 1085412691
67 1137 1085412831
67 697 1085412909
342 1097 1085413222
473 372 1085414102
163 245 1085414586
770 495 1085415018
712 640 1085415043
72 1317 1085415431
725 835 1085415838
725 1132 1085415972
454 1043 1085416019
725 1018 1085416122
654 272 1085416197
144 142 1085416386
950 815 1085416622
95 1246 1085416956
95 712 1085417079
249 1295 1085417151
640 712 1085417860
509 758 1085418054
1113 1348 1085418171
1271 281 1085418332
1042 1281 1085418369
1268 644 1085418534
3 482 1085418725
1 477 1085418962
919 1283 1085418999
477 1329 1085419174
42 799 1085419378
477 1271 1085419416
42 1334 1085419506
42 964 1085419589
483 782 1085419783
42 1255 1085419798
42 1255 1085419820
353 598 1085420155
353 793 1085420244
1281 781 1085420334
1113 933 1085420370
1281 422 1085420388
1281 131 1085420448
1281 1042 1085420478
1281 605 1085420546
42 1346 1085421325
26 63 1085421335
42 1346 1085421415
1280 497 1085421507
997 142 1085421568
42 626 1085421583
431 59 1085421797
1272 1346 1085421840
1246 95 1085422150
842 713 1085422203
944 840 1085422210
1335 1255 1085422377
838 547 1085422529
63 26 1085422604
547 838 1085422685
80 609 1085422974
26 63 1085422995
191 1060 1085423092
42 964 1085423159
408 306 1085423170
408 781 1085423261
809 42 1085423461
53 620 1085423468
42 488 1085423469
809 42 1085423705
53 408 1085423862
652 954 1085424087
408 1122 1085424292
488 42 1085424326
1349 366 1085424433
1233 1299 1085424776
644 598 1085424812
257 838 1085424829
372 473 1085425164
793 353 1085425178
220 1310 1085425333
131 1281 1085425545
605 1281 1085425726
142 144 1085426010
768 1189 1085426023
142 997 1085426087
1142 990 1085426430
503 254 1085426542
1142 1058 1085426575
503 739 1085426579
782 483 1085426580
342 784 1085426810
621 1280 1085426923
142 144 1085426934
431 605 1085427034
431 605 1085427057
431 605 1085427069
973 103 1085427071
1136 739 1085427090
314 834 1085427133
431 605 1085427552
431 605 1085427677
1283 1264 1085427706
1042 1281 1085427732
431 605 1085427737
431 605 1085427787
964 42 1085428031
482 3 1085428140
473 372 1085428232
257 42 1085428330
1298 1168 1085428361
770 1196 1085428362
1283 1350 1085428367
257 1294 1085428401
1281 131 1085428501
1215 1283 1085428692
1281 1065 1085428780
114 103 1085428787
609 80 1085428842
1065 517 1085428855
1065 586 1085428871
1215 1281 1085429134
1215 1350 1085429249
1215 1281 1085429347
1346 1314 1085429451
1190 738 1085429574
1325 1123 1085429620
1189 502 1085429629
1101 638 1085429701
1189 1021 1085429708
297 560 1085429710
539 1021 1085429725
1101 498 1085429726
1189 372 1085429736
372 1189 1085429767
1189 1338 1085429786
1189 372 1085429795
372 1189 1085429920
131 1281 1085429948
1127 1189 1085429997
1101 498 1085430027
283 843 1085430029
1101 297 1085430165
555 352 1085430232
1127 296 1085430261
307 317 1085430274
1101 297 1085430339
1072 615 1085430509
1101 297 1085430549
734 617 1085430606
617 734 1085430687
184 1026 1085430788
871 1142 1085430794
734 617 1085430794
871 1350 1085430847
617 734 1085430889
342 1097 1085430931
871 734 1085430953
1247 442 1085430992
1158 924 1085431009
871 1350 1085431069
871 1350 1085431196
1117 856 1085431201
1101 297 1085431359
871 445 1085431368
871 1350 1085431406
1127 296 1085431418
392 42 1085431462
1281 131 1085431542
392 1315 1085431560
1190 144 1085431584
26 1176 1085431682
871 392 1085431775
871 1350 1085431813
1068 1334 1085431826
871 392 1085431945
617 142 1085432016
617 142 1085432052
990 1142 1085432079
245 1146 1085432095
245 1264 1085432111
617 103 1085432188
1101 297 1085432198
871 1142 1085432275
1101 297 1085432726
859 95 1085432767
1190 378 1085432952
1190 378 1085432993
859 50 1085433073
859 1287 1085433155
971 199 1085433206
1350 1185 1085433289
233 193 1085433374
873 144 1085433446
307 317 1085433521
1101 297 1085433527
569 372 1085433659
307 317 1085433744
142 617 1085433792
666 589 1085433802
142 617 1085433880
871 1351 1085433908
871 971 1085434055
307 317 1085434109
32 379 1085434185
32 1338 1085434195
389 1283 1085434222
32 1336 1085434229
9 598 1085434289
9 1338 1085434411
666 616 1085434453
9 1312 1085434499
105 1021 1085434515
644 1295 1085434529
9 1265 1085434537
105 621 1085434587
734 617 1085434696
1295 644 1085434719
1185 1350 1085434727
1350 1185 1085434756
1185 1350 1085434798
1350 1185 1085434928
958 704 1085434953
843 283 1085435052
958 621 1085435289
1352 569 1085435327
1283 1350 1085435358
431 617 1085435369
1350 1283 1085435401
1283 1350 1085435435
871 843 1085435448
249 1295 1085435452
1350 1283 1085435461
1280 621 1085435479
439 212 1085435514
1117 856 1085435529
1283 1350 1085435530
1350 1283 1085435549
1283 1350 1085435619
63 26 1085435625
63 547 1085435686
1350 1283 1085435746
1189 372 1085435757
1189 1127 1085435774
1283 1350 1085435803
1350 1283 1085435838
1283 1350 1085435878
1350 1283 1085435914
1185 1350 1085435929
569 128 1085435969
1350 1185 1085436066
1283 1350 1085436073
704 958 1085436162
1185 1350 1085436170
1294 42 1085436214
431 617 1085436216
1350 1283 1085436292
26 63 1085436302
319 926 1085436357
1185 1350 1085436385
1350 1185 1085436409
1283 1350 1085436415
1350 1185 1085436445
479 472 1085436467
105 1353 1085436474
1350 1283 1085436476
547 63 1085436481
36 1059 1085436488
1185 1350 1085436570
1283 1350 1085436589
1350 1185 1085436597
1350 1283 1085436611
1283 1350 1085436710
1350 1283 1085436734
1185 1350 1085436750
589 666 1085436812
1350 1185 1085436816
831 1049 1085436890
1283 319 1085436969
1185 1350 1085437055
1350 1185 1085437115
1113 933 1085437129
1185 1350 1085437177
1185 1350 1085437209
1350 1185 1085437246
781 408 1085437281
1350 1185 1085437288
781 1281 1085437306
63 26 1085437421
63 547 1085437427
547 63 1085437588
3 482 1085437588
114 770 1085437726
713 1158 1085437770
600 80 1085437900
1350 1185 1085437986
908 1354 1085437997
770 1291 1085438047
1185 1350 1085438230
1350 1185 1085438250
596 193 1085438307
994 831 1085438435
555 856 1085438663
1190 1281 1085438863
831 994 1085438972
297 1183 1085439048
415 997 1085439394
1255 42 1085439553
323 339 1085439592
323 339 1085439796
469 463 1085439958
1036 1123 1085440064
547 1280 1085440121
323 339 1085440203
1283 337 1085440218
950 1346 1085440227
681 402 1085440256
1346 950 1085440293
53 620 1085440326
547 297 1085440356
337 1283 1085440372
283 843 1085440440
323 339 1085440491
871 843 1085440615
375 912 1085440628
1283 337 1085440673
810 1351 1085440756
871 375 1085440812
131 1281 1085440840
871 260 1085440850
193 233 1085441000
871 375 1085441082
1123 1036 1085441232
1123 1036 1085441247
1123 1036 1085441395
1123 1036 1085441418
1123 1036 1085441429
644 1295 1085441538
443 400 1085441751
443 29 1085441817
443 19 1085441829
1136 1283 1085441841
1043 454 1085442123
272 605 1085442192
272 654 1085442256
176 523 1085442259
639 740 1085442340
626 42 1085442527
323 950 1085442553
1196 834 1085442570
323 42 1085442760
986 704 1085443003
871 392 1085443091
871 392 1085443131
950 1346 1085443183
986 793 1085443256
950 323 1085443282
871 392 1085443288
986 357 1085443311
810 1351 1085443312
615 1072 1085443317
986 19 1085443328
1168 1298 1085443363
323 950 1085443410
810 323 1085443491
454 1043 1085443698
1325 1340 1085443730
950 323 1085443864
1118 620 1085443916
1295 644 1085443929
800 1072 1085443988
1083 323 1085444227
810 323 1085444281
986 991 1085444291
1346 950 1085444385
871 392 1085444436
323 950 1085444522
871 981 1085444557
323 1083 1085444567
1168 291 1085444618
871 392 1085444631
367 323 1085444649
323 367 1085444723
1043 454 1085444738
576 337 1085444843
576 337 1085445039
367 323 1085445069
1168 337 1085445248
12 142 1085445466
644 1295 1085445543
1298 1168 1085445556
337 1168 1085445576
644 711 1085445591
142 337 1085445621
29 443 1085445654
337 142 1085445696
337 1168 1085445707
323 367 1085445860
1168 337 1085445891
249 1351 1085445994
323 1083 1085445994
1281 131 1085446038
709 517 1085446048
1281 163 1085446115
36 1059 1085446224
1049 831 1085446232
32 638 1085446333
103 973 1085446392
547 1246 1085446511
1168 337 1085446632
1281 482 1085446633
32 1281 1085446705
1281 1246 1085446709
42 626 1085446713
1329 1271 1085446758
638 32 1085446773
42 392 1085446784
1281 1280 1085446806
1246 1281 1085446837
42 964 1085446852
1281 101 1085446870
32 638 1085446882
638 32 1085446903
1281 1231 1085446913
103 617 1085446938
1281 944 1085446983
1281 211 1085447018
1281 155 1085447087
770 1196 1085447137
1281 68 1085447153
42 1355 1085447156
1280 1281 1085447159
770 1281 1085447179
1281 1280 1085447195
1213 1281 1085447203
42 1356 1085447205
1325 1326 1085447219
323 42 1085447226
770 1281 1085447244
42 1357 1085447265
155 1281 1085447271
1213 1281 1085447279
1281 155 1085447301
225 638 1085447346
1326 1325 1085447363
1281 389 1085447372
1272 1281 1085447381
638 225 1085447394
1213 1281 1085447406
1325 1326 1085447411
1231 1281 1085447435
389 1281 1085447445
1280 1281 1085447466
1272 1281 1085447475
1281 389 1085447505
576 1281 1085447506
1281 1280 1085447523
1213 1281 1085447524
770 1281 1085447526
1213 1281 1085447591
389 1281 1085447605
1281 389 1085447641
1213 1281 1085447645
1272 1281 1085447660
1281 542 1085447663
1168 337 1085447668
770 1281 1085447682
1280 1281 1085447694
19 443 1085447748
1281 532 1085447798
155 1281 1085447834
57 596 1085447854
770 1281 1085447868
1281 155 1085447910
392 42 1085447967
770 1281 1085447970
1281 1287 1085448023
770 1281 1085448072
155 1281 1085448194
42 392 1085448205
1283 1136 1085448224
523 176 1085448272
1281 155 1085448289
523 176 1085448309
810 1281 1085448329
1325 1326 1085448351
155 1281 1085448379
1264 245 1085448467
1283 576 1085448491
1281 155 1085448544
483 1317 1085448564
1283 57 1085448675
586 1065 1085448688
276 190 1085448715
1136 1283 1085448723
155 1281 1085448734
609 1325 1085448773
1358 42 1085448904
502 1189 1085449018
1358 42 1085449116
128 211 1085449165
810 1281 1085449228
586 1072 1085449307
801 1283 1085449466
1113 1131 1085449504
1358 42 1085449630
1036 1123 1085449803
1036 1123 1085449826
1036 1123 1085449866
42 333 1085449914
950 1346 1085449919
1118 1281 1085449935
1358 42 1085450038
856 555 1085450298
1056 1032 1085450312
1123 1036 1085450469
462 1255 1085450657
462 103 1085450681
779 581 1085450703
233 193 1085450750
1171 966 1085451097
1340 830 1085451155
1329 1271 1085451187
752 42 1085451189
752 42 1085451230
1359 1342 1085451318
42 752 1085451520
687 260 1085451601
830 1340 1085451609
687 260 1085451628
1295 644 1085451659
1283 392 1085451675
1283 1359 1085451752
1283 372 1085451856
1268 372 1085451879
372 1283 1085451926
372 1268 1085451955
1283 372 1085451961
1268 1269 1085451965
372 1283 1085451994
454 1043 1085452046
372 454 1085452065
1283 1350 1085452088
372 874 1085452117
1283 797 1085452135
372 975 1085452192
1283 523 1085452196
372 1352 1085452248
1281 532 1085452476
114 770 1085452516
26 63 1085452579
114 103 1085452646
1281 1005 1085452654
835 1283 1085452748
1281 462 1085452774
1346 950 1085452776
523 1283 1085452819
101 100 1085452827
1281 835 1085452832
1281 1227 1085452859
1281 1344 1085452876
63 26 1085452881
799 42 1085452887
1281 128 1085452899
1350 1283 1085452962
1281 927 1085453056
1281 536 1085453097
1287 1281 1085453125
1281 1287 1085453163
1359 1283 1085453186
1281 797 1085453202
1281 542 1085453230
1281 26 1085453275
1287 1253 1085453283
1281 547 1085453297
1281 732 1085453336
32 1281 1085453381
118 1189 1085453390
462 1281 1085453422
1281 462 1085453448
32 638 1085453461
1281 1356 1085453463
32 1281 1085453469
1286 1335 1085453528
32 1281 1085453582
118 586 1085453593
1359 1335 1085453604
257 42 1085453642
752 42 1085453659
462 1281 1085453703
997 415 1085453721
704 799 1085453769
1215 1083 1085453799
257 1183 1085453845
1105 1284 1085453856
919 1317 1085453870
118 943 1085453893
462 1281 1085453964
963 1105 1085454138
1052 713 1085454147
975 1283 1085454208
1105 963 1085454222
800 1281 1085454254
963 1105 1085454296
975 372 1085454329
32 598 1085454386
1065 570 1085454500
1065 570 1085454507
1065 570 1085454511
1065 570 1085454517
1344 1281 1085454762
874 372 1085454973
454 372 1085455057
103 462 1085455211
1176 26 1085455288
770 963 1085455345
415 997 1085455470
462 103 1085455521
448 831 1085455657
50 1284 1085455691
353 194 1085455695
1176 856 1085455757
353 793 1085455858
353 372 1085455896
569 372 1085456044
353 296 1085456090
1032 1056 1085456206
1043 454 1085456256
353 950 1085456285
799 704 1085456341
547 1246 1085456531
799 704 1085456946
605 272 1085456980
704 799 1085457008
704 799 1085457066
799 704 1085457179
617 103 1085457202
704 799 1085457217
547 1169 1085457245
802 1283 1085457323
498 495 1085457349
495 950 1085457359
114 770 1085457377
495 1113 1085457552
296 353 1085457562
1281 1356 1085457580
831 1049 1085457581
569 128 1085457620
1281 462 1085457626
1132 725 1085457637
296 1127 1085457654
1281 462 1085457678
1281 1344 1085457706
799 704 1085457730
1281 1227 1085457739
26 1176 1085457758
495 646 1085457849
26 63 1085457969
1281 487 1085457989
422 6 1085457991
1281 799 1085458005
1281 831 1085458026
523 1032 1085458039
103 617 1085458083
1317 919 1085458095
26 1281 1085458099
704 799 1085458139
495 1043 1085458182
1255 462 1085458233
725 1132 1085458236
1032 523 1085458239
523 1032 1085458269
799 704 1085458282
704 799 1085458313
495 68 1085458346
1335 1359 1085458348
1231 704 1085458384
1284 50 1085458402
495 42 1085458442
1284 1105 1085458465
799 704 1085458477
462 1281 1085458502
1349 1255 1085458549
704 1231 1085458551
1169 547 1085458557
1349 1281 1085458573
462 1255 1085458579
547 1169 1085458609
576 1283 1085458635
1169 547 1085458667
1169 547 1085458695
547 1169 1085458696
1255 462 1085458699
547 1169 1085458704
1032 523 1085458711
1349 1255 1085458732
1183 1360 1085458734
1169 547 1085458741
576 966 1085458749
1281 26 1085458756
1183 1361 1085458761
547 1169 1085458764
831 1281 1085458767
1281 462 1085458797
1183 1356 1085458819
503 617 1085458847
1281 495 1085458854
1183 1354 1085458859
1183 1355 1085458891
1349 1255 1085458899
1349 1281 1085458925
26 1281 1085459001
1169 547 1085459003
547 1169 1085459039
487 1281 1085459062
462 1255 1085459066
462 1281 1085459112
1255 462 1085459126
1169 547 1085459208
547 1169 1085459262
249 607 1085459266
1349 1255 1085459316
980 639 1085459367
462 1255 1085459384
1349 1255 1085459384
495 585 1085459403
249 1359 1085459419
495 498 1085459451
1255 462 1085459464
1349 1255 1085459513
1331 615 1085459523
19 1281 1085459539
372 353 1085459545
131 1281 1085459567
372 1362 1085459620
1281 26 1085459700
1169 547 1085459712
323 950 1085459713
1349 1281 1085459715
1281 487 1085459716
323 42 1085459735
1349 1255 1085459740
1281 487 1085459746
1281 462 1085459770
372 938 1085459775
315 994 1085459779
315 777 1085459796
26 1281 1085459804
547 1169 1085459820
1281 131 1085459829
1118 1281 1085459837
1281 1349 1085459837
1176 26 1085459862
1349 1281 1085459865
1281 26 1085459869
1281 1349 1085459925
462 1281 1085459931
342 495 1085459932
1349 1281 1085459939
1255 1349 1085459940
1169 547 1085459943
372 233 1085459980
770 437 1085460135
353 372 1085460167
454 1043 1085460202
233 372 1085460209
569 372 1085460214
19 1281 1085460226
26 1176 1085460250
26 1281 1085460285
474 1349 1085460371
494 372 1085460391
372 353 1085460418
1349 474 1085460438
372 233 1085460439
372 233 1085460448
1349 1255 1085460474
323 42 1085460476
474 1349 1085460525
770 544 1085460530
1349 474 1085460563
462 1255 1085460578
569 372 1085460612
474 1349 1085460636
770 315 1085460659
1349 474 1085460666
986 834 1085460668
353 372 1085460668
800 1281 1085460674
770 315 1085460701
474 1349 1085460728
585 495 1085460751
814 1281 1085460760
114 770 1085460768
1349 474 1085460787
337 1168 1085460854
462 1281 1085460930
1168 337 1085461043
474 1349 1085461046
878 1355 1085461102
1349 474 1085461105
323 42 1085461121
1215 1083 1085461178
644 1295 1085461259
474 1349 1085461333
338 1302 1085461425
986 19 1085461453
986 19 1085461626
525 19 1085461695
53 975 1085461838
199 971 1085461851
516 94 1085461959
679 1363 1085462017
323 725 1085462077
601 400 1085462094
596 57 1085462172
793 353 1085462254
1038 1281 1085462382
626 42 1085462398
42 626 1085462524
1178 42 1085462728
337 777 1085462740
777 337 1085462794
626 42 1085462807
1113 495 1085462839
1359 1343 1085462950
596 605 1085462958
342 1040 1085463132
245 573 1085463140
245 542 1085463169
245 339 1085463190
245 102 1085463212
483 821 1085463427
199 654 1085463453
1271 1329 1085463485
679 398 1085463491
50 1284 1085463509
398 132 1085463514
679 398 1085463583
1352 372 1085463616
542 245 1085463717
357 1169 1085463753
199 1364 1085463758
199 1363 1085463808
679 398 1085463827
573 245 1085463833
1326 97 1085463916
357 701 1085463930
834 1196 1085463939
679 398 1085463996
1302 338 1085464063
617 103 1085464085
753 1271 1085464194
753 1271 1085464234
770 1302 1085464251
1045 269 1085464263
342 1040 1085464279
306 408 1085464291
1045 638 1085464293
1045 654 1085464348
903 754 1085464394
963 654 1085464395
1302 753 1085464418
1045 1040 1085464430
357 1169 1085464445
753 1302 1085464452
1045 1026 1085464501
679 398 1085464539
306 777 1085464548
105 1353 1085464554
339 245 1085464574
306 352 1085464585
131 654 1085464618
63 26 1085464666
950 353 1085464676
1326 1123 1085464677
654 963 1085464706
950 1346 1085464730
1176 26 1085464739
378 396 1085464792
131 654 1085464802
679 1174 1085464829
378 396 1085464839
871 306 1085464845
950 495 1085464846
1284 50 1085464894
1281 462 1085464898
1281 19 1085464920
1281 26 1085464932
333 42 1085464949
871 1365 1085464965
871 306 1085464987
1281 814 1085464997
654 131 1085465008
1281 462 1085465020
323 950 1085465022
50 1284 1085465086
871 306 1085465091
131 654 1085465126
131 654 1085465133
654 131 1085465161
131 654 1085465180
1346 950 1085465188
1295 644 1085465194
654 131 1085465205
679 398 1085465228
431 605 1085465297
131 654 1085465298
131 654 1085465329
1038 1281 1085465359
654 131 1085465392
479 1338 1085465419
323 753 1085465441
605 254 1085465470
679 398 1085465495
1365 1366 1085465497
912 375 1085465504
306 439 1085465515
950 1346 1085465520
431 605 1085465525
439 306 1085465563
323 950 1085465592
323 753 1085465619
132 398 1085465634
642 1338 1085465640
398 132 1085465663
398 132 1085465687
431 605 1085465705
871 814 1085465741
323 753 1085465752
681 617 1085465796
132 398 1085465872
431 605 1085465881
1113 1131 1085465897
1321 198 1085465901
938 372 1085465922
323 950 1085465925
398 132 1085465991
753 638 1085465997
431 605 1085466003
26 63 1085466012
132 398 1085466037
753 642 1085466093
26 1176 1085466142
131 654 1085466167
398 132 1085466169
1196 357 1085466175
431 605 1085466181
323 753 1085466186
26 1281 1085466196
257 1183 1085466231
431 605 1085466253
63 26 1085466283
306 555 1085466372
577 683 1085466395
323 753 1085466399
257 1178 1085466471
431 605 1085466583
431 605 1085466658
642 753 1085466671
1367 1365 1085466690
1178 42 1085466713
323 753 1085466717
342 753 1085466720
679 1174 1085466758
431 605 1085466788
342 1362 1085466842
1178 257 1085466846
725 547 1085466881
1368 752 1085466894
1284 50 1085466929
596 605 1085466967
753 642 1085467048
868 249 1085467083
323 753 1085467115
1233 588 1085467125
104 817 1085467132
997 415 1085467136
605 596 1085467162
257 1178 1085467197
431 605 1085467198
44 189 1085467225
834 175 1085467230
323 753 1085467312
105 577 1085467313
642 753 1085467411
323 753 1085467466
871 437 1085467476
725 547 1085467498
770 437 1085467581
871 1021 1085467590
462 1281 1085467606
753 642 1085467721
1326 983 1085467727
63 1271 1085467758
323 753 1085467794
1183 353 1085467934
596 605 1085467957
479 1018 1085467978
596 605 1085468076
800 1072 1085468112
800 1072 1085468177
638 753 1085468180
638 1045 1085468199
415 997 1085468205
294 831 1085468207
800 1072 1085468225
834 1365 1085468236
1233 337 1085468244
454 1369 1085468247
800 1072 1085468304
1183 236 1085468307
679 161 1085468381
1117 856 1085468407
176 864 1085468408
447 719 1085468409
800 1072 1085468444
523 870 1085468542
800 1072 1085468560
800 1072 1085468619
800 1072 1085468643
560 908 1085468724
42 353 1085468726
800 1072 1085468748
1178 257 1085468796
800 1072 1085468869
864 176 1085468872
679 161 1085468882
1043 454 1085468894
981 831 1085468920
176 864 1085468925
864 176 1085468978
871 981 1085468999
871 981 1085469011
1021 176 1085469019
800 1072 1085469036
1289 212 1085469050
176 864 1085469055
176 1021 1085469086
454 1043 1085469129
1285 638 1085469130
643 638 1085469153
1283 938 1085469179
731 1283 1085469201
800 1072 1085469232
800 1072 1085469264
1255 462 1085469270
1283 864 1085469313
631 775 1085469337
631 625 1085469361
800 1072 1085469365
323 643 1085469392
1131 1113 1085469406
12 142 1085469467
800 1072 1085469470
793 1131 1085469479
1043 454 1085469487
323 643 1085469509
513 1283 1085469514
679 1174 1085469522
638 736 1085469571
800 1072 1085469586
800 1072 1085469597
817 104 1085469622
1283 513 1085469656
454 1043 1085469659
1043 495 1085469660
714 316 1085469678
257 90 1085469681
323 753 1085469692
1043 454 1085469703
323 643 1085469712
81 400 1085469726
800 1072 1085469741
462 1255 1085469745
800 1072 1085469790
456 1246 1085469842
817 104 1085469857
338 1302 1085469866
638 1285 1085469879
638 643 1085469889
800 523 1085469894
878 1255 1085469919
1169 357 1085469930
1255 462 1085469931
1072 615 1085469969
1255 878 1085469970
498 638 1085469990
175 834 1085469991
495 864 1085470007
546 437 1085470022
323 643 1085470053
454 1043 1085470064
919 332 1085470073
878 598 1085470110
598 878 1085470167
372 938 1085470167
1236 337 1085470202
1178 257 1085470203
643 638 1085470208
462 1255 1085470212
1236 638 1085470270
878 1255 1085470275
638 1370 1085470283
1255 462 1085470285
1246 456 1085470313
498 864 1085470330
1285 638 1085470330
1255 878 1085470341
714 517 1085470365
372 454 1085470379
372 454 1085470386
1236 498 1085470405
638 1371 1085470406
454 372 1085470428
878 598 1085470441
372 454 1085470453
1236 984 1085470460
454 372 1085470504
257 1178 1085470548
638 643 1085470583
462 1255 1085470614
1236 638 1085470625
1236 984 1085470659
1018 479 1085470668
341 1255 1085470677
864 498 1085470683
1283 1302 1085470687
372 1014 1085470688
1255 341 1085470718
1326 638 1085470721
1236 392 1085470731
72 1283 1085470739
638 1326 1085470743
341 1255 1085470762
1255 462 1085470764
1255 341 1085470770
1236 440 1085470773
638 498 1085470792
1236 638 1085470816
372 475 1085470830
341 1255 1085470836
1283 72 1085470853
1326 638 1085470855
598 878 1085470857
1255 341 1085470857
1236 984 1085470913
372 864 1085470919
498 638 1085470924
498 864 1085470937
1236 984 1085470965
341 1255 1085470969
323 950 1085470971
1236 498 1085471002
1255 341 1085471007
569 372 1085471009
462 1255 1085471019
878 1255 1085471022
852 1361 1085471027
1255 462 1085471049
1255 878 1085471060
341 1255 1085471064
475 372 1085471076
1236 984 1085471080
864 372 1085471093
1255 341 1085471102
864 498 1085471105
1236 1372 1085471116
72 1283 1085471129
638 1326 1085471156
341 1255 1085471174
1326 638 1085471199
777 306 1085471210
1255 341 1085471239
1236 638 1085471248
598 546 1085471251
714 1255 1085471288
1236 984 1085471291
878 1255 1085471298
710 1373 1085471303
462 1255 1085471311
1043 454 1085471324
638 1326 1085471335
1255 714 1085471350
1236 638 1085471362
285 1126 1085471374
1255 878 1085471379
341 1255 1085471379
479 1018 1085471385
323 950 1085471394
1255 462 1085471396
53 620 1085471406
1176 26 1085471407
468 1372 1085471410
1255 341 1085471423
1189 1370 1085471445
1236 1050 1085471446
173 1283 1085471489
546 598 1085471498
173 1283 1085471506
1189 502 1085471508
341 1255 1085471530
714 1255 1085471534
1236 984 1085471537
1370 638 1085471540
638 1370 1085471565
285 1097 1085471573
1236 638 1085471582
1370 1189 1085471587
1326 638 1085471588
323 341 1085471603
638 1326 1085471610
1255 341 1085471615
1189 1370 1085471626
1189 1370 1085471634
1370 638 1085471639
1236 638 1085471649
1178 257 1085471657
1255 714 1085471664
323 341 1085471669
285 1284 1085471672
1370 1189 1085471681
341 1255 1085471682
1326 638 1085471695
454 1043 1085471696
372 864 1085471708
638 1326 1085471713
323 950 1085471715
1255 341 1085471720
859 1287 1085471753
341 1255 1085471775
1236 638 1085471784
1018 479 1085471792
1043 454 1085471814
1284 285 1085471819
1255 341 1085471836
1255 341 1085471837
1189 1370 1085471846
257 1178 1085471852
454 1043 1085471856
1189 1370 1085471862
859 105 1085471862
569 372 1085471889
1236 638 1085471934
710 1374 1085471950
423 1255 1085471951
323 341 1085471971
1255 423 1085471986
423 938 1085471987
341 1255 1085471996
1043 454 1085472018
569 372 1085472029
423 1255 1085472036
1255 341 1085472040
1255 423 1085472061
710 1374 1085472069
323 950 1085472078
1043 495 1085472106
50 1284 1085472141
1375 199 1085472143
341 1255 1085472149
423 1255 1085472165
1236 638 1085472177
479 1018 1085472193
1255 341 1085472195
1255 423 1085472209
1236 638 1085472218
454 1043 1085472221
714 1255 1085472366
1190 1183 1085472390
711 644 1085472391
569 372 1085472403
341 1255 1085472413
1142 752 1085472423
1255 714 1085472440
1236 638 1085472447
1043 454 1085472498
1255 341 1085472500
306 272 1085472517
573 840 1085472520
1236 1340 1085472522
1190 281 1085472533
341 950 1085472553
1089 1365 1085472580
840 573 1085472590
878 1255 1085472613
1142 963 1085472626
1255 878 1085472661
1236 1340 1085472663
573 840 1085472684
454 1043 1085472689
479 638 1085472691
1375 778 1085472696
350 626 1085472698
569 372 1085472757
341 1255 1085472761
609 389 1085472781
323 950 1085472810
1236 1340 1085472836
840 573 1085472899
1142 176 1085472915
573 1292 1085472926
1236 1340 1085472956
1255 341 1085472962
573 840 1085473027
1236 1340 1085473028
341 1255 1085473032
176 1142 1085473035
353 42 1085473040
809 257 1085473054
172 544 1085473071
615 840 1085473101
1142 176 1085473116
1236 1340 1085473124
1189 1370 1085473160
1236 479 1085473165
1189 546 1085473170
609 971 1085473170
1236 1340 1085473204
1236 479 1085473241
176 1142 1085473246
569 372 1085473254
840 573 1085473292
840 615 1085473312
1043 454 1085473313
1236 1340 1085473342
1236 479 1085473353
1189 938 1085473371
1236 1142 1085473384
615 840 1085473404
1284 50 1085473437
50 1284 1085473504
809 90 1085473507
454 1043 1085473546
1236 479 1085473558
1236 1142 1085473571
573 840 1085473575
1283 654 1085473588
1236 1340 1085473591
573 840 1085473622
546 1189 1085473642
1236 479 1085473645
809 257 1085473661
1043 454 1085473685
1236 1340 1085473720
871 840 1085473727
569 372 1085473749
1189 1244 1085473759
1202 964 1085473796
1189 475 1085473814
1236 1340 1085473821
454 1043 1085473823
871 1376 1085473901
1236 479 1085473914
711 1356 1085473946
1236 1340 1085473987
1236 454 1085474061
1043 454 1085474072
546 878 1085474090
1236 1340 1085474099
569 372 1085474102
1236 479 1085474125
1236 1340 1085474146
711 32 1085474186
1236 1142 1085474193
372 1377 1085474194
1038 1281 1085474198
1236 479 1085474202
1236 1340 1085474212
609 964 1085474229
569 372 1085474233
346 1353 1085474251
609 964 1085474268
1358 1283 1085474312
1236 1340 1085474361
454 1043 1085474375
1043 454 1085474403
569 372 1085474423
454 1043 1085474433
687 1378 1085474469
1236 454 1085474496
1236 1142 1085474509
609 765 1085474519
212 1168 1085474535
1043 454 1085474543
1236 1340 1085474578
128 1006 1085474617
1236 1018 1085474624
1236 822 1085474693
1358 372 1085474702
609 1097 1085474726
1236 1340 1085474800
1142 176 1085474884
1236 822 1085474890
1379 638 1085474891
454 1043 1085474902
1236 454 1085474909
306 964 1085474937
1236 1340 1085474951
1358 372 1085474962
1189 473 1085474977
353 1183 1085474982
1236 372 1085475001
1380 748 1085475026
1138 939 1085475035
609 463 1085475040
1379 912 1085475041
752 1142 1085475057
1236 1018 1085475059
1236 372 1085475077
1358 372 1085475092
353 950 1085475136
1236 454 1085475142
1236 372 1085475170
1006 128 1085475218
1236 822 1085475224
1236 454 1085475243
353 793 1085475247
1236 1379 1085475274
1236 372 1085475291
822 1189 1085475311
1189 822 1085475355
1236 824 1085475358
1236 1379 1085475381
1236 1340 1085475395
498 495 1085475430
871 1138 1085475447
1236 1340 1085475454
1236 1379 1085475505
372 353 1085475543
1236 1340 1085475545
372 353 1085475562
1236 1018 1085475571
822 1189 1085475592
908 560 1085475594
1236 372 1085475604
1236 1340 1085475611
1236 824 1085475631
1236 454 1085475655
1189 822 1085475668
1236 822 1085475705
1281 26 1085475720
1236 1379 1085475736
1281 462 1085475753
1236 824 1085475760
1281 163 1085475763
871 1138 1085475771
1236 1379 1085475802
128 1006 1085475828
1189 372 1085475853
1189 546 1085475884
822 1189 1085475884
1236 824 1085475885
1236 454 1085475895
1006 128 1085475909
1358 372 1085475964
1281 1033 1085475974
1189 822 1085475982
1274 1281 1085476012
128 1006 1085476060
1236 822 1085476077
1379 1138 1085476106
1006 128 1085476114
1346 950 1085476120
372 1189 1085476125
1189 372 1085476137
822 1189 1085476145
1274 1281 1085476197
1033 1281 1085476207
1189 822 1085476263
1281 1033 1085476281
128 1006 1085476301
105 711 1085476325
1033 1377 1085476355
938 423 1085476364
938 1189 1085476443
822 1189 1085476485
105 605 1085476488
1236 372 1085476493
1138 1379 1085476494
938 372 1085476514
1236 822 1085476521
53 1202 1085476521
1358 372 1085476527
1274 1281 1085476575
314 834 1085476598
1292 542 1085476612
53 1138 1085476638
1236 822 1085476652
372 938 1085476678
1189 938 1085476719
938 372 1085476731
1189 822 1085476740
1274 1281 1085476806
372 938 1085476813
822 1189 1085476818
822 819 1085476848
1236 822 1085476855
1236 372 1085476873
824 731 1085476911
1236 372 1085477006
824 1284 1085477045
1358 372 1085477069
1189 822 1085477082
1043 454 1085477117
1358 352 1085477176
1236 822 1085477178
1236 1274 1085477203
314 731 1085477388
379 32 1085477396
1358 372 1085477439
1358 372 1085477537
1358 372 1085477544
1358 927 1085477559
1358 1186 1085477578
1292 1072 1085477613
1358 372 1085477670
1358 372 1085477705
1358 372 1085477806
1326 1284 1085477887
1356 1183 1085477998
1356 1281 1085478016
1356 711 1085478036
325 1292 1085478206
1358 372 1085478417
1235 1068 1085478541
1358 993 1085478667
105 1069 1085478698
1235 1068 1085478783
1138 1381 1085478910
1235 1068 1085478987
1281 1356 1085479003
546 437 1085479014
1381 1138 1085479053
1138 1381 1085479069
1281 1382 1085479078
1381 1138 1085479092
1358 1381 1085479095
1381 609 1085479141
546 538 1085479143
1138 1381 1085479203
1358 1381 1085479209
546 429 1085479251
1381 1138 1085479291
1358 1381 1085479339
1138 1381 1085479384
1358 1381 1085479402
1358 1381 1085479412
1358 1381 1085479418
1381 1138 1085479422
546 460 1085479428
1383 1381 1085479458
1274 1281 1085479469
1138 1381 1085479507
1381 1138 1085479584
1235 1068 1085479596
1383 1381 1085479622
1138 1381 1085479682
546 1380 1085479709
1381 1138 1085479725
1381 1138 1085479740
1138 1381 1085479794
1383 1381 1085479795
1235 1068 1085479842
1381 1138 1085479880
1138 1381 1085479894
1381 1138 1085479919
1138 1381 1085479936
1383 1381 1085479997
1138 1381 1085480050
1381 1138 1085480087
1381 1138 1085480133
1097 609 1085480149
1097 285 1085480168
1138 1381 1085480195
1383 1381 1085480228
1138 1381 1085480271
1381 1138 1085480273
1381 1138 1085480371
1383 1381 1085480374
1138 1381 1085480386
1381 1138 1085480454
1138 1381 1085480483
1383 1381 1085480563
1138 1381 1085480632
1381 1138 1085480720
1138 1381 1085480814
1281 1382 1085480866
1187 191 1085480889
1138 1381 1085480901
1381 1138 1085480906
1381 1138 1085480943
1138 1381 1085480953
1281 835 1085480969
1138 1381 1085480973
1381 1138 1085480983
1383 1381 1085481022
1381 1138 1085481031
1281 555 1085481043
1138 1381 1085481076
555 1281 1085481112
1381 1138 1085481120
1138 1381 1085481156
1381 1138 1085481209
1138 1381 1085481237
555 1281 1085481255
1138 1381 1085481274
1383 1381 1085481281
1381 1138 1085481295
1381 1138 1085481312
1138 1381 1085481430
1138 1381 1085481439
1383 1381 1085481453
1381 297 1085481464
1381 297 1085481474
1381 1138 1085481502
1381 1138 1085481515
1381 297 1085481539
1138 1381 1085481574
1138 1381 1085481615
1381 1138 1085481668
1138 1381 1085481683
1381 1138 1085481684
1381 1138 1085481696
1138 1381 1085481700
1138 1381 1085481749
1138 1381 1085481759
687 193 1085481761
242 454 1085481852
1381 101 1085481886
242 128 1085481934
105 1138 1085481995
1168 212 1085482203
760 975 1085482414
1033 1281 1085482970
1381 1033 1085483087
1033 1381 1085483405
943 102 1085483781
943 250 1085483791
943 704 1085483817
943 41 1085483838
562 439 1085484268
943 752 1085484412
555 562 1085485100
943 638 1085485162
562 555 1085485224
105 1083 1085486205
105 1083 1085486221
163 943 1085486823
1381 1033 1085487384
1381 599 1085487508
599 1381 1085489934
964 609 1085490582
103 1302 1085491307
831 981 1085494448
1381 599 1085495123
599 1381 1085495269
1381 599 1085495460
342 753 1085495704
1381 599 1085495741
342 1097 1085495755
599 1381 1085496155
599 1381 1085496170
1381 599 1085496378
586 1097 1085496425
42 353 1085496578
42 1050 1085496746
42 132 1085496910
132 42 1085496958
