1 3 1094315949
1784 3 1094316052
32 1546 1094317580
443 1543 1094318963
1312 12 1094323735
398 673 1094324845
1042 1624 1094326069
398 1397 1094326925
398 1397 1094326942
1127 32 1094328142
1127 105 1094328214
1127 456 1094328423
582 1436 1094328646
1397 398 1094331436
398 1397 1094331656
456 1127 1094332270
768 1280 1094333819
1280 1403 1094342177
1403 95 1094342347
1403 1280 1094342395
1231 1783 1094352753
1784 3 1094357993
1784 3 1094358021
1783 1231 1094363257
1436 51 1094365202
1436 582 1094365242
1741 1832 1094365368
398 1013 1094366367
105 1127 1094367207
1280 1403 1094371759
1624 95 1094374344
1624 1042 1094374374
67 783 1094378807
