1772 1395 1091899619
95 1246 1091903954
768 1280 1091906882
1758 144 1091909653
12 1312 1091910197
1332 1313 1091910716
1313 1312 1091910761
1395 1772 1091910944
1313 1332 1091911014
1313 9 1091911080
1332 1313 1091911227
1313 1332 1091912141
1772 1395 1091914554
474 1786 1091915182
144 1758 1091916882
19 1313 1091919883
19 1645 1091920031
19 1645 1091920054
1312 1313 1091921799
1312 12 1091921819
468 1585 1091922168
1168 632 1091924590
595 1101 1091926982
12 1312 1091930626
12 144 1091930660
429 431 1091935274
1312 12 1091937061
1246 95 1091937867
271 27 1091938181
1783 1246 1091939004
585 495 1091939309
175 810 1091942635
12 1312 1091943969
1280 768 1091947000
233 1676 1091948484
438 319 1091950175
189 1749 1091950694
1 312 1091954070
1 3 1091954156
