51 288 1082997707
215 51 1082999612
1 255 1083002608
79 166 1083002711
79 256 1083002837
79 260 1083002917
204 68 1083003469
289 135 1083003485
204 79 1083003512
204 276 1083003577
204 221 1083003589
204 271 1083003597
3 221 1083003722
58 199 1083003991
44 290 1083004997
27 221 1083006622
291 292 1083007282
69 293 1083007302
69 104 1083007346
9 260 1083008168
114 124 1083008385
199 58 1083009684
63 290 1083010200
32 291 1083010857
36 236 1083011025
36 291 1083011135
51 294 1083011411
36 236 1083013364
105 135 1083014060
211 228 1083015753
291 32 1083016090
211 260 1083016196
204 68 1083016582
204 276 1083016687
204 79 1083016708
295 296 1083016814
204 48 1083017089
211 288 1083017192
211 284 1083017242
204 288 1083017268
204 284 1083017396
294 51 1083017720
263 277 1083017863
6 221 1083017914
44 129 1083018602
297 191 1083018944
70 124 1083019152
32 291 1083020491
51 294 1083021617
53 291 1083021844
204 298 1083022164
294 51 1083022276
9 32 1083023022
9 177 1083023075
220 221 1083023508
289 220 1083023948
211 265 1083024166
221 3 1083025217
221 6 1083025404
221 211 1083025931
27 221 1083026148
277 34 1083026255
263 277 1083026576
277 299 1083026942
277 299 1083027037
300 52 1083027132
212 67 1083028007
277 50 1083028488
204 221 1083029301
204 181 1083029386
211 221 1083029651
140 124 1083029836
6 221 1083029893
184 32 1083030012
193 233 1083030013
32 184 1083030041
32 184 1083030163
32 184 1083030264
301 63 1083030317
32 184 1083030405
193 149 1083030532
289 8 1083030664
9 299 1083030944
140 124 1083030975
6 88 1083031058
302 138 1083031145
204 68 1083031256
288 51 1083032211
288 211 1083032265
228 211 1083032504
260 51 1083032516
260 199 1083032539
260 79 1083032563
260 211 1083032603
260 181 1083032703
63 301 1083032793
303 294 1083033278
204 68 1083033436
155 3 1083034076
205 304 1083034095
155 8 1083034587
277 252 1083035131
204 68 1083035176
212 211 1083035238
204 68 1083035536
204 68 1083035816
204 68 1083035963
288 50 1083036046
204 68 1083036102
101 32 1083036179
204 68 1083036461
143 67 1083036825
212 228 1083037271
212 228 1083037427
228 121 1083037809
67 164 1083037958
67 132 1083038046
228 61 1083038176
228 304 1083038352
305 306 1083038413
239 236 1083038532
114 124 1083038647
51 294 1083038988
67 172 1083039126
51 288 1083039195
277 172 1083039328
288 51 1083039395
209 299 1083039452
67 175 1083039858
3 221 1083040089
3 155 1083040542
307 6 1083040579
307 6 1083040656
307 51 1083040803
6 299 1083040855
307 6 1083040896
307 6 1083041034
277 51 1083041045
307 6 1083041232
277 79 1083041256
277 51 1083041290
281 308 1083041513
307 6 1083041550
277 51 1083041605
193 302 1083041702
307 6 1083041796
302 193 1083041845
307 67 1083042068
281 302 1083042070
193 302 1083042184
307 6 1083042202
60 308 1083042284
60 308 1083042290
60 308 1083042293
60 308 1083042296
60 308 1083042299
309 175 1083042328
310 72 1083042558
143 67 1083042564
308 60 1083042622
212 209 1083042629
302 193 1083042689
307 67 1083042792
189 302 1083042906
193 302 1083042930
212 34 1083043002
277 184 1083043025
281 302 1083043079
302 193 1083043118
189 302 1083043169
193 302 1083043278
212 34 1083043534
277 184 1083043697
277 184 1083043880
302 193 1083044032
277 184 1083044172
9 177 1083044324
277 184 1083044420
9 299 1083044490
277 184 1083044683
121 228 1083044794
193 302 1083044947
308 60 1083045016
36 211 1083045130
302 193 1083045132
303 212 1083045343
36 155 1083045391
193 302 1083045403
193 311 1083045481
36 34 1083045621
194 296 1083045631
211 128 1083045796
36 211 1083045812
296 63 1083046108
302 193 1083046309
194 312 1083046371
281 302 1083046424
193 302 1083046517
9 8 1083046581
128 51 1083046587
194 132 1083046681
294 51 1083046737
302 193 1083046747
128 51 1083046855
294 51 1083046856
299 209 1083046925
9 8 1083046954
299 6 1083046959
248 283 1083046991
128 236 1083047094
263 308 1083047186
281 302 1083047192
9 299 1083047269
36 299 1083047287
19 302 1083047289
128 51 1083047351
9 8 1083047431
128 51 1083047473
294 51 1083047562
67 32 1083047686
103 299 1083047721
36 299 1083047725
9 299 1083047774
313 228 1083047914
263 308 1083047970
9 8 1083048049
314 308 1083048108
277 191 1083048142
212 51 1083048203
306 305 1083048275
9 299 1083048359
277 191 1083048364
9 8 1083048388
9 299 1083048537
212 51 1083048577
263 311 1083048584
103 299 1083048646
277 191 1083048714
103 299 1083048866
277 191 1083048886
9 299 1083048890
193 280 1083049022
212 51 1083049049
314 254 1083049150
281 302 1083049258
303 212 1083049398
303 298 1083049431
263 315 1083049439
212 51 1083049455
263 316 1083049459
260 51 1083049507
51 59 1083049532
263 315 1083049576
260 79 1083049585
103 299 1083049587
128 211 1083049589
314 308 1083049642
314 51 1083049663
314 34 1083049674
103 299 1083049757
286 221 1083049799
308 315 1083049856
9 315 1083049863
9 316 1083049878
317 315 1083049918
318 124 1083049958
63 296 1083050023
128 51 1083050040
9 316 1083050074
286 34 1083050138
9 299 1083050144
314 51 1083050197
212 51 1083050222
317 315 1083050238
63 301 1083050270
128 236 1083050292
260 51 1083050318
9 316 1083050322
314 48 1083050322
314 34 1083050384
318 34 1083050385
286 34 1083050435
294 51 1083050442
204 51 1083050451
140 124 1083050465
204 68 1083050540
204 298 1083050563
318 34 1083050581
314 48 1083050631
314 34 1083050659
50 288 1083050734
314 34 1083050820
286 34 1083051051
176 311 1083051145
9 8 1083051161
176 306 1083051214
176 299 1083051243
176 319 1083051270
176 300 1083051310
144 193 1083051361
282 67 1083051363
176 315 1083051369
176 316 1083051374
9 8 1083051420
288 50 1083051546
228 121 1083051548
318 34 1083051558
318 124 1083051565
282 34 1083051590
212 6 1083051630
297 34 1083051657
124 318 1083051679
289 212 1083051760
297 88 1083051797
140 124 1083051818
254 308 1083051851
9 8 1083051860
83 313 1083051910
103 318 1083051932
140 124 1083051980
9 8 1083052010
34 318 1083052109
297 34 1083052114
144 288 1083052138
214 154 1083052157
212 6 1083052166
212 6 1083052351
36 299 1083052376
144 88 1083052479
308 254 1083052485
101 184 1083052500
9 8 1083052516
212 6 1083052524
254 308 1083052558
211 288 1083052594
94 320 1083052599
282 214 1083052599
211 260 1083052612
318 124 1083052624
36 211 1083052634
212 211 1083052634
288 211 1083052650
318 34 1083052680
211 228 1083052696
211 288 1083052822
194 88 1083052853
212 211 1083052966
144 290 1083053076
27 194 1083053076
194 88 1083053094
212 34 1083053150
9 32 1083053191
9 8 1083053230
176 233 1083053234
124 318 1083053318
176 32 1083053336
44 99 1083053358
144 48 1083053372
144 51 1083053606
318 34 1083053687
9 8 1083053715
318 34 1083053742
318 124 1083053756
176 32 1083053785
212 34 1083053810
228 315 1083053834
44 99 1083053934
32 184 1083054004
9 316 1083054026
321 144 1083054061
144 99 1083054096
44 99 1083054129
67 32 1083054297
9 8 1083054350
184 101 1083054369
41 184 1083054375
67 32 1083054432
67 32 1083054475
193 315 1083054480
144 193 1083054553
9 8 1083054583
9 299 1083054608
9 260 1083054617
9 132 1083054686
144 99 1083054768
144 322 1083054880
44 99 1083055071
144 193 1083055125
281 323 1083055126
99 144 1083055155
144 193 1083055198
144 99 1083055286
95 52 1083055317
52 95 1083055368
103 324 1083055543
95 52 1083055578
103 324 1083055714
63 155 1083055734
176 324 1083055752
297 325 1083055773
297 325 1083055798
144 99 1083055804
44 299 1083055886
209 299 1083055918
297 325 1083055942
297 34 1083055973
60 308 1083055973
103 324 1083055994
144 99 1083056032
51 324 1083056097
155 63 1083056124
297 325 1083056136
324 51 1083056145
78 326 1083056161
51 324 1083056179
324 51 1083056209
63 155 1083056210
51 324 1083056250
324 51 1083056278
297 325 1083056308
281 144 1083056320
51 324 1083056368
144 193 1083056373
67 63 1083056419
212 209 1083056471
324 51 1083056485
144 99 1083056517
193 144 1083056526
51 324 1083056573
297 325 1083056595
144 193 1083056623
34 324 1083056627
323 34 1083056649
144 99 1083056662
63 67 1083056718
144 193 1083056788
297 325 1083056790
307 325 1083056894
144 99 1083056900
212 51 1083056901
297 325 1083056938
324 51 1083057014
27 194 1083057044
297 325 1083057091
324 34 1083057097
144 48 1083057110
144 48 1083057129
34 324 1083057135
319 34 1083057168
48 144 1083057181
319 325 1083057193
34 88 1083057207
212 51 1083057216
144 99 1083057286
297 325 1083057302
52 95 1083057310
319 325 1083057341
144 48 1083057352
319 34 1083057379
204 327 1083057433
297 325 1083057466
204 68 1083057538
204 51 1083057547
51 324 1083057556
325 319 1083057607
324 51 1083057715
297 325 1083057823
52 328 1083057875
281 144 1083057892
103 324 1083057920
51 324 1083057935
324 329 1083057936
297 325 1083057954
212 51 1083057965
329 324 1083057973
62 78 1083057988
297 325 1083058072
72 291 1083058126
324 51 1083058191
212 51 1083058197
324 329 1083058200
9 294 1083058318
329 324 1083058323
103 324 1083058351
9 97 1083058361
204 68 1083058366
9 318 1083058393
128 329 1083058456
9 78 1083058474
38 52 1083058505
9 52 1083058560
308 60 1083058563
9 330 1083058672
51 52 1083058686
9 86 1083058711
51 331 1083058818
38 288 1083058828
38 288 1083058831
332 333 1083058843
324 329 1083058863
51 324 1083058896
9 61 1083058911
9 262 1083058949
38 288 1083059026
12 168 1083059027
324 51 1083059050
9 288 1083059152
51 324 1083059239
9 288 1083059326
12 288 1083059364
62 260 1083059388
128 324 1083059426
12 288 1083059442
281 323 1083059456
324 51 1083059457
9 288 1083059530
313 78 1083059560
281 323 1083059568
38 288 1083059583
12 288 1083059595
9 288 1083059600
9 316 1083059623
51 324 1083059670
324 51 1083059686
303 316 1083059728
12 288 1083059733
38 288 1083059770
9 316 1083059792
51 324 1083059809
103 324 1083059814
38 288 1083059874
12 288 1083059875
67 90 1083059898
324 51 1083059913
303 316 1083059914
9 288 1083059931
38 288 1083059942
316 303 1083059948
12 288 1083059955
334 128 1083059967
303 316 1083059998
281 323 1083060043
38 288 1083060045
335 34 1083060072
103 324 1083060073
51 324 1083060080
9 316 1083060080
38 288 1083060107
12 288 1083060124
38 288 1083060143
323 281 1083060162
12 288 1083060164
9 288 1083060166
38 288 1083060170
12 288 1083060195
103 324 1083060197
38 288 1083060206
324 51 1083060211
323 281 1083060244
38 288 1083060245
323 281 1083060271
51 324 1083060274
12 288 1083060276
9 97 1083060292
9 288 1083060329
324 51 1083060344
323 281 1083060350
12 288 1083060378
12 288 1083060472
9 282 1083060512
12 288 1083060540
324 329 1083060576
281 323 1083060582
333 319 1083060587
9 288 1083060642
323 281 1083060686
332 281 1083060704
9 316 1083060730
329 324 1083060744
9 288 1083060745
323 281 1083060745
9 288 1083060781
323 281 1083060791
332 281 1083060818
281 323 1083060921
336 315 1083060928
9 288 1083060984
323 281 1083060986
323 281 1083061017
128 324 1083061026
9 288 1083061042
332 281 1083061050
9 288 1083061065
9 288 1083061071
9 288 1083061077
281 323 1083061126
9 288 1083061140
335 34 1083061218
336 333 1083061234
335 34 1083061242
323 281 1083061252
128 324 1083061261
308 333 1083061262
332 281 1083061291
333 308 1083061296
9 288 1083061374
332 281 1083061376
332 281 1083061394
332 281 1083061417
323 281 1083061491
335 34 1083061492
323 281 1083061531
281 323 1083061557
9 288 1083061557
36 189 1083061558
333 329 1083061635
323 281 1083061687
323 281 1083061703
323 333 1083061805
335 34 1083061813
34 101 1083061823
41 97 1083061849
36 75 1083061851
103 324 1083061862
329 333 1083061862
332 281 1083061881
128 221 1083061923
103 316 1083061923
323 281 1083061927
36 211 1083061962
41 308 1083061972
260 211 1083061973
128 324 1083062033
335 34 1083062037
337 281 1083062166
103 324 1083062185
34 313 1083062191
41 308 1083062198
337 260 1083062215
337 281 1083062238
281 254 1083062362
34 313 1083062390
337 281 1083062399
335 34 1083062404
41 308 1083062468
254 281 1083062514
62 260 1083062612
335 34 1083062887
220 221 1083063012
308 311 1083063152
176 311 1083063154
103 324 1083063250
335 34 1083063288
128 329 1083063334
324 51 1083063451
41 308 1083063472
41 308 1083063499
41 308 1083063595
103 324 1083063630
9 308 1083063636
338 260 1083063738
260 338 1083063738
103 324 1083063751
260 338 1083063758
254 311 1083063783
335 34 1083063796
311 308 1083063820
263 311 1083063847
311 254 1083063867
254 311 1083063936
263 311 1083063938
9 308 1083063989
308 311 1083064028
335 34 1083064113
191 315 1083064139
103 311 1083064183
335 191 1083064183
335 34 1083064203
311 50 1083064218
311 254 1083064231
311 308 1083064259
34 311 1083064271
308 311 1083064307
254 311 1083064311
9 308 1083064344
335 191 1083064348
9 311 1083064366
103 311 1083064455
103 324 1083064528
9 308 1083064535
9 308 1083064551
9 311 1083064559
103 311 1083064567
9 311 1083064652
254 8 1083064759
9 308 1083064853
204 339 1083064944
103 311 1083064955
324 329 1083065103
329 324 1083065130
9 282 1083065252
324 329 1083065262
313 34 1083065296
313 34 1083065434
329 324 1083065512
324 329 1083065735
34 313 1083065739
34 313 1083065877
329 324 1083065896
53 34 1083066192
50 311 1083066198
53 340 1083066211
53 308 1083066921
53 305 1083067015
53 341 1083067059
313 34 1083067112
48 311 1083067491
338 319 1083067955
34 313 1083068038
