85 1434 1088871199
525 557 1088874752
1431 431 1088875207
81 1434 1088881120
1346 1314 1088881332
843 249 1088882065
249 983 1088883190
1713 1387 1088883266
1387 1713 1088883465
1713 1387 1088883583
249 843 1088883810
1387 1713 1088883872
1713 1387 1088883888
431 1431 1088883943
249 175 1088884004
1548 1713 1088885523
843 249 1088885859
95 561 1088886016
843 1237 1088886119
249 843 1088886254
249 44 1088886406
1472 1346 1088886865
1647 1297 1088889224
1500 708 1088889663
1713 1548 1088889907
1730 1713 1088890878
249 1730 1088891150
249 809 1088891174
809 249 1088891255
249 809 1088891434
1548 1713 1088892400
193 63 1088892676
847 809 1088892913
44 249 1088893068
394 1190 1088893783
249 44 1088894133
429 191 1088894140
582 1343 1088894494
582 1436 1088894545
249 582 1088895003
447 1667 1088895955
768 1280 1088896054
1713 1548 1088896328
249 969 1088896681
1713 249 1088896792
1713 809 1088896831
1713 1730 1088896860
697 214 1088897038
1713 697 1088897060
697 1713 1088897095
1713 697 1088897138
1713 1118 1088897455
249 1713 1088897477
1713 36 1088897911
697 1713 1088898265
224 175 1088898429
249 32 1088898800
32 249 1088899019
32 1488 1088899054
32 697 1088899100
847 969 1088899147
32 312 1088899396
249 32 1088899508
32 249 1088899724
32 1231 1088899765
249 32 1088899780
462 713 1088900010
462 1713 1088900061
32 249 1088900103
249 32 1088900158
32 249 1088900258
249 32 1088900353
1237 843 1088901142
1509 42 1088901632
1730 249 1088902158
1730 1713 1088902202
1713 1730 1088902530
32 393 1088903216
1346 1472 1088904391
1647 482 1088905287
1736 318 1088905338
1736 109 1088905428
249 1730 1088905558
249 1629 1088905583
1713 1629 1088905639
249 1312 1088906063
249 1111 1088906372
1111 249 1088906473
482 1647 1088906482
249 1111 1088906621
1111 249 1088906773
249 1111 1088906858
249 569 1088907439
1667 447 1088908072
249 598 1088908366
1713 598 1088908403
741 495 1088908436
1713 1130 1088908973
1713 975 1088909139
975 1713 1088909348
1713 975 1088909377
1713 1346 1088909931
975 1713 1088910675
249 1546 1088911460
249 1255 1088912000
249 1624 1088913091
249 1665 1088913501
249 393 1088914463
393 249 1088914497
525 32 1088915755
525 155 1088915885
1190 394 1088916137
843 249 1088916587
843 1237 1088916611
1730 249 1088917696
1346 1713 1088917807
1346 719 1088917886
969 249 1088918609
1725 969 1088918738
969 847 1088918795
969 1725 1088918885
969 739 1088919566
561 95 1088920200
249 969 1088921019
155 525 1088921194
249 1542 1088921629
249 1485 1088921749
468 537 1088922188
32 525 1088922366
1725 969 1088923261
249 1673 1088923420
1713 969 1088923468
249 378 1088923485
1713 378 1088923552
375 167 1088923800
1231 32 1088923815
557 843 1088923899
1130 1713 1088924839
1624 725 1088925350
1624 249 1088925386
447 1667 1088926498
1713 1029 1088927365
1118 1713 1088927375
1713 1118 1088927410
1118 1713 1088927427
1733 1713 1088928922
847 969 1088930048
1713 1644 1088930078
1280 768 1088935037
809 249 1088937201
809 847 1088937235
809 1713 1088937259
167 1409 1088949928
