1 312 1097507926
32 1878 1097517457
32 1034 1097517563
9 1624 1097518365
9 1644 1097518719
1624 1878 1097519525
1624 9 1097519549
1052 1865 1097523298
1878 32 1097526636
1878 1624 1097526691
1543 1395 1097528955
146 1 1097536105
1181 131 1097536693
1 146 1097538068
32 1878 1097540562
1624 1878 1097544106
1395 1543 1097550580
1395 1332 1097550776
312 1 1097551338
1079 27 1097554120
1079 1865 1097556550
1079 674 1097557041
1878 32 1097557348
1878 1624 1097557389
674 1079 1097557494
1079 674 1097557750
674 1079 1097557999
1079 868 1097558026
1079 674 1097558181
1681 1771 1097558385
1681 1771 1097558399
1681 1771 1097558401
1079 1644 1097559764
233 810 1097561203
342 561 1097591387
