1551 1636 1091548857
1190 1285 1091552452
1021 1285 1091552597
1127 1350 1091553550
431 483 1091554039
1313 1034 1091555589
1517 1562 1091555809
198 809 1091556477
342 975 1091556580
1467 309 1091557485
1342 1332 1091558310
1676 233 1091558917
856 1398 1091559945
1562 1517 1091561764
1282 1741 1091562229
1332 1342 1091562315
234 1778 1091562394
1332 1545 1091562675
1332 1313 1091562841
1342 1332 1091566713
32 1675 1091567514
32 377 1091567579
32 1781 1091567969
32 1565 1091568195
1474 1493 1091568297
1474 598 1091568541
1647 749 1091569585
483 431 1091569668
1313 1332 1091569765
1313 19 1091569865
1255 431 1091570217
639 105 1091570461
105 639 1091572603
19 1313 1091572779
105 494 1091572821
51 1775 1091573098
494 105 1091573464
494 429 1091574704
1002 273 1091576878
1731 9 1091584968
105 494 1091585106
105 358 1091585445
260 430 1091585964
1493 1474 1091586116
12 1312 1091586348
1312 12 1091586365
12 1312 1091586395
1312 12 1091586476
12 1312 1091586538
1312 12 1091587007
1332 1313 1091587506
1332 1342 1091587553
561 431 1091588628
1741 1282 1091588759
1748 172 1091589954
431 561 1091590595
431 1255 1091590610
431 483 1091590696
494 105 1091591855
429 494 1091592378
1783 260 1091593300
144 1758 1091593447
1783 52 1091593602
1783 144 1091593641
144 1783 1091593755
105 494 1091593911
144 1783 1091593917
561 95 1091594133
1783 144 1091594207
1313 1332 1091594217
144 1472 1091594349
561 431 1091594369
1781 32 1091594632
431 561 1091594657
1313 1312 1091594894
1713 561 1091594957
144 1783 1091595137
561 431 1091595282
431 561 1091595330
144 142 1091595347
561 1713 1091595537
617 1713 1091596835
1713 617 1091597738
1724 516 1091598490
1783 212 1091598531
1724 674 1091598599
1332 1313 1091598897
868 95 1091599148
1332 1781 1091599918
1332 1781 1091599923
1781 1332 1091599979
1332 1781 1091600187
1781 1332 1091600267
1332 1781 1091600323
1255 431 1091600480
1781 1332 1091600496
32 1781 1091600555
1781 32 1091600670
1332 1781 1091600877
674 1724 1091601146
1781 1332 1091601367
1332 1781 1091601439
1332 1781 1091601476
431 1255 1091601586
938 32 1091601736
1781 1332 1091601876
1332 1781 1091602079
1332 1436 1091602292
1781 1332 1091602345
1332 1781 1091602433
1781 1332 1091602488
1332 1781 1091602586
398 27 1091603103
1472 144 1091603821
1675 32 1091604048
393 193 1091606719
1440 494 1091607724
1346 1314 1091608009
42 1440 1091608049
42 72 1091608096
72 42 1091608329
1440 42 1091609172
1545 1332 1091611320
1713 617 1091611438
483 431 1091613264
249 483 1091613957
