32 673 1094226945
32 1831 1094227238
1543 617 1094228954
1543 561 1094229382
1543 1831 1094229446
95 1624 1094229473
95 1796 1094229630
673 32 1094230093
503 1756 1094238931
1436 582 1094241776
1436 51 1094241794
1624 719 1094243932
1624 95 1094243979
95 1624 1094245589
67 32 1094246831
308 415 1094247112
308 967 1094247166
1624 95 1094251569
1603 980 1094252262
1756 503 1094254105
582 1436 1094259678
51 1217 1094260728
1546 32 1094261351
1624 479 1094261536
32 1546 1094263875
32 67 1094263881
1436 582 1094271197
95 1624 1094274890
277 1688 1094275652
1624 95 1094276937
1332 1730 1094277090
1545 1332 1094278279
63 494 1094280433
51 1436 1094281803
1436 51 1094282160
51 1436 1094282788
95 1624 1094287041
12 1312 1094287074
3 36 1094287199
3 44 1094287217
1784 3 1094287270
1784 3 1094287288
1784 3 1094287311
1546 32 1094288122
799 523 1094308719
