1312 1344 1096386144
27 620 1096389067
768 1280 1096389153
32 673 1096389192
32 1167 1096389690
1624 1868 1096390283
1601 1624 1096393757
431 561 1096393931
620 27 1096397112
1624 1601 1096399355
1868 1346 1096403644
1237 1236 1096404790
1237 843 1096404853
1852 1865 1096407350
673 32 1096410034
1874 451 1096417910
32 673 1096419026
1 312 1096419994
1836 1724 1096420750
193 393 1096428386
1601 1875 1096429290
697 1319 1096429537
393 193 1096430352
1491 847 1096431049
652 1644 1096433721
674 1865 1096434859
1624 95 1096436512
847 1491 1096438936
1346 1868 1096439295
1190 9 1096439505
843 1237 1096439697
843 1237 1096440266
697 492 1096440739
830 621 1096441837
1781 9 1096443286
234 1624 1096444495
1644 652 1096444688
1624 234 1096444942
234 1624 1096445094
234 1624 1096445591
847 1872 1096447422
652 278 1096460442
9 1781 1096469412
9 1190 1096469629
