95 1624 1096129767
9 1181 1096133172
1052 1859 1096135074
1724 785 1096135546
1724 1836 1096136960
1624 95 1096139097
1601 143 1096143756
398 1624 1096145404
719 1868 1096148242
447 398 1096153351
398 447 1096154452
1869 1862 1096156453
1862 1869 1096157354
1859 1052 1096157588
1 36 1096165735
1624 1866 1096165939
36 1 1096166009
1 36 1096168791
36 1 1096169075
9 1644 1096169394
1543 256 1096170515
1783 645 1096170815
1868 719 1096172750
1675 32 1096174355
1675 32 1096174414
1868 719 1096178230
1868 1338 1096179314
1619 1343 1096182202
1750 561 1096184798
1543 1870 1096187767
1 312 1096193930
