1132 847 1095434483
27 652 1095436939
1624 398 1095438259
1624 1175 1095438407
1781 398 1095440400
1781 1756 1095440421
312 1 1095441202
312 1 1095441588
1756 1781 1095443183
1543 1282 1095443997
394 1190 1095444907
1282 1543 1095445655
557 561 1095446442
557 140 1095446755
1543 1312 1095447500
697 95 1095449062
652 1565 1095449168
652 27 1095449731
1397 1839 1095450941
710 1283 1095451207
1167 1540 1095454242
1624 544 1095454916
1624 1168 1095454939
1624 557 1095455067
1168 1624 1095455153
1839 1836 1095455265
1624 1168 1095455290
1839 509 1095455339
1168 1624 1095455397
1839 95 1095455494
1839 1397 1095455548
1168 1624 1095456119
1783 1231 1095457522
1540 1543 1095457762
1624 1168 1095460005
1624 1168 1095460026
1624 1168 1095460064
1168 1624 1095460097
1624 1168 1095460124
1168 1624 1095460154
1624 1168 1095460169
1168 1624 1095460214
1168 1624 1095460218
1168 1624 1095460298
1624 1168 1095460313
1624 1168 1095460325
1168 1624 1095460375
1624 1168 1095460425
1168 1624 1095460482
1624 1168 1095460513
1168 1624 1095460589
1624 1168 1095460821
1168 1624 1095461115
1624 1168 1095461258
1168 1624 1095461338
1624 1168 1095461461
1168 1624 1095461627
1624 1168 1095462000
1168 1624 1095462030
1052 1624 1095462152
1624 1168 1095462180
1624 1052 1095462194
1052 1624 1095462299
1624 1052 1095462496
1168 1624 1095462625
1624 1168 1095462687
1168 1624 1095462772
1624 1168 1095462870
1168 1624 1095462970
1624 1168 1095463170
1168 1624 1095463268
1624 1168 1095463487
1168 1624 1095464399
95 1839 1095468357
95 697 1095468403
1624 1168 1095468470
95 1842 1095469308
95 1837 1095469326
95 924 1095469395
95 1767 1095469437
1543 1540 1095472984
1624 155 1095473304
1175 1624 1095476017
211 1 1095476582
211 93 1095476628
211 673 1095476717
1 312 1095481335
1 312 1095481427
1 211 1095481538
1 312 1095482108
697 95 1095482346
1629 346 1095482603
398 1291 1095484197
1291 398 1095484273
398 1291 1095484357
1291 398 1095484383
398 1291 1095484431
1291 398 1095484466
1312 1543 1095484582
398 1291 1095485979
1291 398 1095486223
398 1291 1095486344
1291 398 1095486420
398 1291 1095486514
1291 398 1095486884
97 1748 1095487646
318 1601 1095491174
1338 1601 1095492245
1540 1167 1095492331
1540 1543 1095492839
585 652 1095495443
