497 1491 1085843715
1038 781 1085846305
32 799 1085846506
536 1317 1085846674
536 795 1085846738
536 993 1085846758
32 52 1085846972
1393 1365 1085851270
1393 1364 1085851358
1393 1492 1085851461
1393 1492 1085851484
576 1488 1085852002
1339 576 1085852083
272 306 1085852268
706 1236 1085852482
272 1296 1085853357
758 741 1085856089
598 488 1085857039
297 795 1085857482
297 738 1085857519
713 1476 1085858786
132 30 1085858937
713 1154 1085859103
713 1449 1085859221
358 847 1085859291
142 1415 1085859578
42 358 1085859891
254 758 1085860213
1440 1495 1085860482
1158 1072 1085860739
50 1496 1085860803
172 1497 1085860912
1158 1498 1085861294
1291 252 1085861998
1291 252 1085862255
1072 1158 1085863135
1072 370 1085863160
389 830 1085865049
389 1472 1085865156
204 645 1085865846
204 1227 1085865856
204 542 1085865929
509 1395 1085866314
1487 844 1085866378
704 1487 1085867057
67 809 1085867107
1413 509 1085867258
509 1413 1085867315
509 52 1085867426
509 1413 1085867547
681 52 1085867642
1496 824 1085867676
824 1496 1085867823
52 681 1085868422
509 364 1085869158
1281 1253 1085869444
1281 540 1085869514
1235 52 1085870633
809 1449 1085871024
357 1136 1085871506
1281 1253 1085871846
520 1168 1085872239
257 298 1085872301
50 1496 1085872375
509 1413 1085873279
32 52 1085873712
32 1497 1085873982
204 1227 1085874494
1281 1283 1085875744
1281 1283 1085875766
1281 1283 1085875802
1281 1499 1085875823
1142 1320 1085875898
389 1472 1085875947
1072 370 1085876011
52 1283 1085877639
766 252 1085877815
1260 67 1085878130
1496 824 1085878240
1395 421 1085878465
252 766 1085879147
792 1036 1085879589
67 1260 1085879979
617 250 1085880037
204 1500 1085880280
620 1294 1085880434
67 1497 1085880642
67 1497 1085880649
42 669 1085880800
67 1501 1085880872
1 1271 1085881705
1189 319 1085881752
249 357 1085881862
711 642 1085882130
277 1320 1085882263
1 1271 1085882650
638 1492 1085883075
1062 353 1085883259
1 3 1085883460
502 285 1085883510
1332 1437 1085883635
1062 1470 1085883658
810 1260 1085883737
9 766 1085883824
298 257 1085885124
257 298 1085885208
67 523 1085885250
1320 1142 1085885362
298 257 1085885557
257 298 1085885661
1062 357 1085885673
357 1062 1085885728
357 314 1085885832
298 257 1085885860
1062 1419 1085885959
314 333 1085886091
870 523 1085886261
257 298 1085886382
298 257 1085886521
67 1496 1085887062
1185 314 1085887121
770 1491 1085888379
1132 1425 1085889120
67 1496 1085889126
870 638 1085889434
389 1472 1085889869
1291 252 1085890036
84 638 1085891244
373 311 1085891285
373 311 1085891312
373 311 1085891317
204 542 1085891562
306 778 1085892139
1449 439 1085892153
831 934 1085892454
792 1080 1085892517
792 1080 1085892760
545 1449 1085892976
617 73 1085893323
817 104 1085893436
679 1176 1085893659
617 681 1085893794
536 884 1085894032
617 272 1085894042
1449 429 1085894082
617 272 1085894294
617 272 1085894389
272 1449 1085894517
1449 272 1085894667
272 1449 1085895046
817 104 1085895269
1502 1503 1085895371
1502 1269 1085895717
421 1395 1085895779
393 738 1085895953
617 728 1085896043
477 1 1085896910
809 1449 1085896989
477 1271 1085897290
477 1 1085897319
421 97 1085897636
393 738 1085897923
393 870 1085897985
598 1290 1085898146
393 394 1085898338
393 738 1085898404
1158 1072 1085898602
393 738 1085898944
393 191 1085899601
393 738 1085899653
536 1317 1085899715
249 1504 1085899716
681 52 1085899773
1072 1158 1085899914
191 1505 1085900111
638 643 1085900671
638 870 1085900910
638 84 1085900927
704 288 1085900972
1487 132 1085901004
1424 575 1085901071
1424 1427 1085901083
792 438 1085901412
792 438 1085901430
792 438 1085901652
1487 132 1085901763
843 1237 1085901871
843 1424 1085901905
843 1237 1085901920
843 1237 1085902132
1297 1072 1085902318
843 1237 1085902422
1072 1297 1085902449
557 1036 1085902605
1297 1072 1085902658
843 1237 1085902761
1349 1062 1085902836
1281 1279 1085902935
843 1237 1085903034
357 52 1085903200
843 1237 1085903306
770 844 1085903312
1313 507 1085903379
198 101 1085903382
843 1237 1085903578
42 353 1085903665
1402 224 1085903696
42 1505 1085903734
843 1195 1085903746
843 1237 1085903769
843 1237 1085904116
843 1237 1085904383
792 824 1085904619
843 1237 1085904677
792 557 1085905059
557 792 1085905154
704 288 1085905179
843 557 1085905183
42 669 1085905342
254 272 1085905371
454 1326 1085905373
454 1269 1085905401
843 557 1085905543
52 681 1085906015
679 418 1085906028
52 357 1085906045
36 1425 1085906063
454 1269 1085906192
843 557 1085906348
843 557 1085906684
389 1472 1085906842
843 557 1085906974
843 557 1085907008
454 1269 1085907154
1444 1062 1085907702
1158 1072 1085907905
1158 375 1085907942
1158 375 1085908004
50 1487 1085908330
495 1213 1085909139
495 1433 1085909233
555 440 1085909361
1072 1158 1085909553
495 1367 1085909807
495 172 1085909885
1158 1072 1085910006
1158 1072 1085910038
1158 1072 1085910069
1158 1072 1085910091
1158 1072 1085910212
1215 1317 1085910296
1158 1072 1085910301
1215 1317 1085910465
701 1413 1085910592
567 595 1085910767
555 969 1085910986
555 765 1085912066
575 1031 1085912264
817 1449 1085916110
42 1506 1085916859
1417 67 1085917558
1417 1262 1085917780
242 1217 1085922490
1260 557 1085923706
