42 132 1085496979
42 1183 1085497011
712 95 1085497258
132 42 1085497378
1127 1083 1085497390
32 379 1085497402
32 711 1085497493
1127 713 1085497674
871 1138 1085497748
342 1384 1085497953
1097 586 1085498784
621 958 1085499153
621 105 1085499183
474 337 1085499716
474 847 1085499749
26 1281 1085499855
26 1176 1085499963
778 1384 1085499990
474 163 1085500010
26 63 1085500010
26 1033 1085500079
1176 26 1085500107
778 297 1085500317
1021 176 1085500880
1271 753 1085500918
1189 835 1085500962
950 353 1085501152
454 242 1085501335
454 1043 1085501346
26 1176 1085501572
997 415 1085501589
1244 1189 1085501630
32 1372 1085501735
32 1385 1085501752
793 1383 1085501942
654 1283 1085502280
599 1381 1085502424
415 997 1085502795
765 609 1085503056
871 831 1085503188
586 1097 1085503427
482 1103 1085504603
1178 687 1085504635
439 562 1085504832
105 621 1085504956
105 474 1085504971
1189 1244 1085505002
105 964 1085505019
1189 475 1085505032
1353 346 1085505145
1189 393 1085505423
105 708 1085505669
932 372 1085505745
1302 176 1085505893
1302 1283 1085505912
1302 103 1085505988
285 1097 1085505988
1302 338 1085506053
752 943 1085506067
1274 1281 1085506103
306 309 1085506139
517 714 1085506371
1323 938 1085506472
90 257 1085506581
1358 309 1085506622
1358 993 1085506656
1386 1246 1085506831
483 357 1085507217
483 821 1085507241
329 142 1085507362
859 1287 1085507473
859 105 1085507523
859 1168 1085507573
1179 596 1085507600
859 105 1085507735
1176 26 1085507796
859 105 1085507910
1097 586 1085508132
1097 285 1085508160
105 859 1085508260
475 1189 1085508342
586 1097 1085508466
1097 586 1085508729
586 1097 1085508898
1283 654 1085509000
1375 199 1085509058
1283 1097 1085509226
852 1356 1085509544
337 474 1085509765
944 375 1085509867
1097 1283 1085510081
26 1176 1085510101
1283 1097 1085510136
487 598 1085510266
598 487 1085510450
487 598 1085510532
1097 1283 1085510554
598 487 1085510633
176 1302 1085510745
176 1021 1085510804
63 26 1085510817
487 598 1085510887
523 1189 1085510904
26 63 1085510967
1090 881 1085510976
176 1384 1085510998
32 1386 1085511086
1176 26 1085511274
714 517 1085511359
1183 1356 1085511396
1183 42 1085511405
598 487 1085511426
800 523 1085511471
1052 1365 1085511554
26 1176 1085511659
42 1183 1085511816
42 1183 1085511828
1183 42 1085511862
1183 42 1085511870
114 770 1085511883
42 1183 1085511983
42 1062 1085512407
42 1183 1085512416
1062 42 1085512456
42 1381 1085512464
42 1062 1085512488
42 1183 1085512497
42 1183 1085512522
1283 527 1085512744
1236 337 1085512983
1236 615 1085513092
555 562 1085513153
95 859 1085513235
95 712 1085513332
163 474 1085513365
309 306 1085513371
1236 615 1085513493
644 1295 1085513502
1236 793 1085513523
644 1184 1085513547
1236 555 1085513671
835 1189 1085513712
257 1349 1085513750
687 1237 1085513778
257 687 1085513966
3 42 1085514047
346 1353 1085514091
654 1283 1085514102
297 778 1085514193
297 1381 1085514205
1236 176 1085514220
41 943 1085514437
1236 615 1085514498
912 1379 1085514995
843 283 1085515301
523 490 1085515318
1185 1012 1085515325
1387 1313 1085515511
415 997 1085515550
3 32 1085515677
67 697 1085516257
679 1174 1085516308
1190 1352 1085516517
1190 393 1085516539
1190 50 1085516593
1189 475 1085516707
1283 654 1085516707
1050 42 1085516731
1365 834 1085516951
1382 1283 1085517063
9 1323 1085517087
67 938 1085517106
9 1312 1085517122
9 598 1085517156
1190 394 1085517182
1190 394 1085517191
1138 704 1085517203
834 1365 1085517225
9 1312 1085517247
1101 1138 1085517250
9 1312 1085517339
1190 62 1085517341
1283 1386 1085517364
1176 26 1085517370
725 835 1085517371
53 1388 1085517438
1138 1389 1085517449
1039 943 1085517653
1272 626 1085517961
626 1272 1085517981
1283 1390 1085517999
9 1312 1085518070
871 1138 1085518162
871 1138 1085518275
819 822 1085518283
254 1039 1085518284
1183 42 1085518323
958 704 1085518499
475 1189 1085518535
958 621 1085518635
1021 176 1085518662
176 1021 1085518816
704 1138 1085518904
398 291 1085518968
1329 477 1085519054
1329 1271 1085519094
1329 1271 1085519116
1283 1138 1085519134
1383 1127 1085519249
1383 793 1085519264
1383 1283 1085519430
760 943 1085519628
621 105 1085519629
760 542 1085519659
1383 1283 1085519661
830 260 1085519682
760 975 1085519750
830 256 1085519756
683 577 1085519773
683 72 1085519877
683 1168 1085519930
338 1302 1085519978
810 1138 1085520091
683 479 1085520225
1281 555 1085520254
1281 555 1085520267
683 379 1085520267
1283 1378 1085520274
1281 1033 1085520299
1383 1283 1085520327
1281 26 1085520346
1283 1391 1085520405
1281 291 1085520415
1339 711 1085520538
375 944 1085520556
1312 1313 1085520601
1013 398 1085520646
681 617 1085520667
375 912 1085520854
810 654 1085520900
26 1176 1085521005
302 1392 1085521055
26 1281 1085521108
1383 1283 1085521118
1176 26 1085521163
1236 615 1085521200
1236 1326 1085521230
1381 599 1085521290
398 701 1085521312
26 1176 1085521319
1381 42 1085521325
701 398 1085521406
639 1289 1085521446
1236 176 1085521476
1383 1283 1085521493
1236 793 1085521501
145 1042 1085521593
398 701 1085521597
1236 1329 1085521700
639 740 1085521717
272 306 1085521783
272 605 1085521817
1339 713 1085521818
1383 1381 1085521837
1383 1283 1085521911
710 41 1085521933
1236 738 1085521978
1283 700 1085522052
1381 1383 1085522060
1285 475 1085522063
1236 793 1085522127
1383 1381 1085522161
555 1281 1085522183
639 586 1085522213
793 353 1085522216
475 1285 1085522269
1176 26 1085522269
1236 555 1085522281
1236 793 1085522313
1358 993 1085522419
1189 475 1085522438
1358 372 1085522466
1358 840 1085522484
639 586 1085522493
1236 793 1085522500
1236 555 1085522577
1349 257 1085522585
1383 1283 1085522599
1236 704 1085522632
1383 1381 1085522675
1043 454 1085522697
1033 598 1085522715
1236 555 1085522742
639 1381 1085522746
1306 990 1085522757
1033 1355 1085522761
639 555 1085522778
337 626 1085522854
1236 394 1085522865
1127 1383 1085522878
103 1280 1085522916
1280 103 1085522950
626 337 1085523131
1383 1127 1085523158
1393 95 1085523190
1383 1283 1085523191
639 586 1085523198
1033 639 1085523271
859 105 1085523339
1375 740 1085523356
555 305 1085523376
639 994 1085523379
1033 194 1085523488
938 1323 1085523504
639 1033 1085523505
103 1280 1085523602
586 639 1085523650
1280 103 1085523698
871 830 1085523724
26 1176 1085523788
1383 1381 1085523884
824 823 1085524014
1373 354 1085524067
245 1264 1085524114
354 1373 1085524238
823 448 1085524348
1189 823 1085524444
1280 1033 1085524466
245 1264 1085524483
1281 26 1085524648
823 824 1085524652
1281 555 1085524676
1281 325 1085524703
555 1281 1085524743
824 823 1085524745
1033 1280 1085524754
871 830 1085524786
1281 555 1085524806
823 1189 1085524851
555 1281 1085524881
29 1394 1085524939
1033 639 1085524954
1033 1281 1085525004
249 964 1085525079
1033 26 1085525121
1281 555 1085525140
1281 1033 1085525161
1033 1381 1085525205
843 1237 1085525228
823 824 1085525274
249 1376 1085525286
555 1281 1085525314
1281 555 1085525374
712 95 1085525387
1033 1281 1085525398
800 1072 1085525410
105 621 1085525410
105 859 1085525429
1 1271 1085525447
1281 1033 1085525507
800 1072 1085525510
72 683 1085525571
800 1072 1085525636
1246 1386 1085525696
823 498 1085525725
1281 683 1085525761
800 1072 1085525766
823 1185 1085525775
800 1072 1085525913
679 1174 1085525932
928 943 1085525965
928 41 1085525975
928 1265 1085525988
1039 254 1085526027
710 245 1085526066
1185 823 1085526088
800 1072 1085526192
1383 1283 1085526291
679 1281 1085526300
254 1039 1085526307
1373 1350 1085526316
800 1072 1085526317
325 1281 1085526396
44 1 1085526425
254 1247 1085526444
823 615 1085526526
281 317 1085526544
800 1072 1085526585
317 281 1085526608
306 272 1085526618
306 309 1085526663
281 317 1085526682
317 281 1085526718
317 281 1085526737
281 317 1085526746
281 317 1085526760
317 281 1085526785
1359 1231 1085526848
679 50 1085526889
272 306 1085526905
281 317 1085526908
317 281 1085526930
800 1072 1085526954
1358 777 1085527101
800 1072 1085527128
448 823 1085527191
800 1072 1085527216
1358 777 1085527238
615 823 1085527242
783 784 1085527290
679 72 1085527303
281 1190 1085527315
306 272 1085527316
679 50 1085527341
272 306 1085527392
994 831 1085527421
306 272 1085527469
272 306 1085527540
1267 1180 1085527590
283 843 1085527606
994 315 1085527656
254 1039 1085527661
1373 62 1085527766
991 986 1085527790
1281 325 1085527875
1281 626 1085528040
679 1281 1085528055
1284 824 1085528063
679 50 1085528094
679 1174 1085528136
679 1281 1085528195
1284 1326 1085528201
994 639 1085528337
795 1384 1085528491
306 305 1085528551
498 823 1085528603
679 1281 1085528697
679 1174 1085528773
1071 598 1085528816
1113 508 1085528904
357 1178 1085528953
306 626 1085529323
1283 306 1085529449
53 1202 1085529463
626 306 1085529510
306 1283 1085529513
1283 306 1085529557
679 1174 1085529582
928 41 1085529591
306 1283 1085529601
306 1283 1085529615
1283 306 1085529668
325 1281 1085529765
306 1283 1085529807
981 831 1085529822
176 101 1085529902
938 67 1085530064
1395 32 1085530068
809 1213 1085530119
176 277 1085530197
454 1043 1085530215
1190 281 1085530215
809 795 1085530218
1386 1246 1085530221
1178 357 1085530241
1281 325 1085530256
1395 32 1085530275
357 1178 1085530278
357 1169 1085530330
809 257 1085530338
1190 1352 1085530363
1395 32 1085530401
741 758 1085530509
1395 32 1085530525
809 90 1085530543
1295 644 1085530696
101 176 1085530908
101 176 1085530934
325 1281 1085530954
1396 938 1085530982
569 1337 1085530983
1281 325 1085530991
63 26 1085531071
1397 1281 1085531114
277 176 1085531154
1281 1283 1085531155
1281 1397 1085531172
1281 1283 1085531184
1236 555 1085531211
1281 1283 1085531221
1236 615 1085531233
514 1398 1085531251
1236 176 1085531258
514 1350 1085531397
1113 576 1085531429
1176 26 1085531467
479 683 1085531543
642 1280 1085531548
1262 42 1085531559
1236 549 1085531624
1083 1127 1085531651
482 353 1085531711
1083 105 1085531751
576 1113 1085531771
1236 1302 1085531889
353 482 1085532032
105 1083 1085532044
482 353 1085532102
1236 1185 1085532175
1283 1295 1085532179
353 482 1085532206
1236 990 1085532219
1083 105 1085532334
482 353 1085532357
1178 357 1085532513
357 1178 1085532576
725 835 1085532874
938 1396 1085532884
1018 1359 1085532915
1373 609 1085532967
346 1062 1085533374
1399 1018 1085533492
1359 1018 1085533543
26 63 1085533557
26 1176 1085533594
679 1174 1085533740
679 1281 1085533764
1087 1131 1085533831
483 821 1085533836
398 354 1085534057
474 337 1085534096
474 163 1085534159
163 1283 1085534361
1060 199 1085534507
1117 856 1085534520
163 474 1085534531
1237 843 1085534535
1060 191 1085534545
1358 777 1085534631
1236 615 1085534653
1246 1400 1085534666
1381 1033 1085534779
176 277 1085534801
176 101 1085534826
1400 1246 1085534907
1236 176 1085535003
1236 549 1085535020
199 1060 1085535038
314 834 1085535039
314 372 1085535134
1246 1400 1085535142
725 1260 1085535205
1236 176 1085535209
753 1271 1085535242
1400 1246 1085535443
1271 1 1085535491
474 163 1085535499
1246 1400 1085535506
460 546 1085535566
1038 576 1085535615
1236 549 1085536060
1236 176 1085536100
323 753 1085536536
1340 1137 1085536615
323 753 1085536622
146 312 1085536661
6 422 1085536874
9 1401 1085537094
422 6 1085537245
1399 1335 1085537258
1399 1335 1085537267
1101 1138 1085537513
1052 1365 1085537627
549 236 1085537763
598 1216 1085537949
753 323 1085538031
1236 615 1085538111
704 1395 1085538136
1379 912 1085538171
19 1390 1085538313
704 1393 1085538322
1236 615 1085538384
704 1400 1085538435
425 992 1085538447
425 1103 1085538461
1359 1342 1085538672
1335 1342 1085538732
1400 704 1085538758
220 719 1085538766
1236 615 1085538937
1284 1213 1085538969
1236 368 1085539101
997 415 1085539169
1213 1284 1085539222
1312 103 1085539310
986 991 1085539317
1354 908 1085539317
1236 1043 1085539358
1354 1183 1085539360
1350 514 1085539361
1176 26 1085539645
1365 834 1085539743
1236 1287 1085539779
1312 103 1085539828
581 779 1085540177
114 770 1085540215
1236 176 1085540219
114 19 1085540238
1236 176 1085540331
1231 1252 1085540705
1033 1137 1085540746
12 997 1085540829
1037 1072 1085540868
1283 699 1085541004
539 1253 1085541051
547 1280 1085541136
409 687 1085541164
12 1252 1085541242
1373 609 1085541245
1339 783 1085541291
12 409 1085541379
1043 454 1085541393
409 1004 1085541414
697 1006 1085541487
9 1196 1085541590
12 409 1085541615
372 353 1085541629
687 409 1085541631
1364 199 1085541641
1398 514 1085541661
409 687 1085541688
12 409 1085541704
454 1043 1085541725
12 32 1085541744
1364 1393 1085541752
1110 752 1085541757
12 409 1085541828
1373 32 1085541886
1043 454 1085541892
353 372 1085541901
1373 615 1085541943
1236 176 1085541951
9 1196 1085541977
1236 1043 1085541977
12 409 1085542015
454 1043 1085542028
372 353 1085542160
679 1281 1085542166
1043 454 1085542217
783 1339 1085542241
12 32 1085542248
1334 42 1085542269
1334 1068 1085542284
26 1176 1085542292
12 1255 1085542321
12 1255 1085542487
700 1283 1085542620
12 32 1085542639
687 1281 1085542648
12 969 1085542681
12 32 1085542710
1373 105 1085542741
353 372 1085542754
12 32 1085542755
1103 425 1085542787
12 1255 1085542796
1373 1313 1085542843
118 847 1085542909
118 943 1085542919
1032 783 1085542941
1312 1313 1085542983
12 32 1085542985
271 194 1085543015
1339 783 1085543028
454 1043 1085543038
711 1356 1085543088
711 32 1085543116
711 1339 1085543154
12 1255 1085543207
1339 711 1085543209
770 1103 1085543227
12 1344 1085543230
32 711 1085543240
1183 1354 1085543244
12 1118 1085543266
1043 454 1085543282
711 1339 1085543316
12 1344 1085543333
711 32 1085543342
12 1118 1085543360
770 1196 1085543362
12 1284 1085543399
783 1032 1085543418
783 1339 1085543428
783 1339 1085543449
12 1118 1085543459
12 1344 1085543483
1339 711 1085543497
770 454 1085543542
1339 783 1085543542
32 711 1085543578
12 1118 1085543596
1032 783 1085543653
118 120 1085543689
711 1339 1085543696
1402 1339 1085543702
1402 32 1085543708
1138 1283 1085543712
711 32 1085543717
12 1284 1085543729
12 1344 1085543762
1339 711 1085543796
12 969 1085543801
12 1118 1085543829
12 1344 1085543845
711 1339 1085543865
1402 1339 1085543866
32 711 1085543924
711 32 1085543948
325 1281 1085543972
454 1043 1085543997
12 1118 1085544003
1339 711 1085544006
1185 454 1085544028
12 1118 1085544041
277 176 1085544042
12 1138 1085544058
308 146 1085544115
12 1118 1085544115
12 1118 1085544129
783 1032 1085544149
822 819 1085544156
1402 32 1085544186
1402 1339 1085544197
12 1118 1085544225
1402 325 1085544226
711 1339 1085544254
176 277 1085544258
1402 32 1085544270
12 1118 1085544306
454 1185 1085544382
1043 454 1085544399
12 1118 1085544402
1339 711 1085544435
12 1118 1085544471
12 1118 1085544535
308 278 1085544559
454 1043 1085544569
12 1118 1085544606
711 1339 1085544633
354 398 1085544643
12 969 1085544648
423 938 1085544677
12 1118 1085544691
12 1118 1085544732
398 354 1085544785
42 1226 1085544822
12 1118 1085544827
12 1118 1085544852
398 354 1085544853
12 1118 1085544889
277 176 1085544911
12 1118 1085544912
12 1118 1085544989
12 1118 1085545025
105 1083 1085545051
42 306 1085545059
354 398 1085545072
105 474 1085545082
354 398 1085545113
12 1255 1085545165
1260 725 1085545190
1339 1255 1085545191
498 1050 1085545219
32 1050 1085545243
12 1118 1085545249
679 649 1085545252
598 1033 1085545257
1255 1339 1085545305
12 1118 1085545307
498 1402 1085545309
398 354 1085545316
12 1118 1085545333
881 1090 1085545428
12 1118 1085545460
810 1138 1085545490
810 1351 1085545516
1050 498 1085545548
546 460 1085545563
725 1260 1085545595
498 1072 1085545611
546 460 1085545612
354 398 1085545660
546 544 1085545696
1383 1138 1085545995
1339 1255 1085546079
725 454 1085546092
835 725 1085546159
516 296 1085546180
398 354 1085546213
725 835 1085546290
1255 1339 1085546312
296 516 1085546343
1339 1255 1085546482
1375 199 1085546508
398 354 1085546514
1255 1339 1085546549
1072 498 1085546577
725 454 1085546595
90 1006 1085546665
1339 1255 1085546750
878 1069 1085546821
1255 1339 1085546888
770 454 1085546926
431 308 1085546986
431 617 1085547009
357 1169 1085547022
1043 454 1085547036
454 1043 1085547058
1339 1255 1085547070
1043 454 1085547092
1255 1339 1085547142
986 649 1085547152
454 1043 1085547152
542 598 1085547176
770 454 1085547215
986 19 1085547265
1339 1255 1085547348
249 964 1085547390
770 454 1085547414
1043 454 1085547462
725 454 1085547492
1255 1339 1085547545
454 1043 1085547565
1043 454 1085547604
1339 1255 1085547627
770 454 1085547632
719 220 1085547644
835 725 1085547674
725 454 1085547724
306 42 1085547768
725 835 1085547791
1255 1339 1085547802
1274 1281 1085547813
770 454 1085547827
639 1033 1085547838
1339 1231 1085547854
1339 1255 1085547874
1137 1033 1085548051
639 994 1085548072
1255 1339 1085548170
1339 1280 1085548222
835 725 1085548244
1231 1339 1085548264
1113 576 1085548269
1339 474 1085548276
1339 1255 1085548310
1339 1231 1085548374
1255 1339 1085548407
474 1339 1085548479
1339 1255 1085548488
912 375 1085548503
1339 474 1085548534
1231 1339 1085548537
725 835 1085548582
912 1379 1085548589
1142 752 1085548627
474 1339 1085548627
1339 1231 1085548629
725 454 1085548682
1339 474 1085548692
1231 1339 1085548728
1280 1339 1085548791
1339 1231 1085548832
1384 795 1085548835
474 1339 1085548882
576 649 1085548895
1339 1280 1085548920
1280 725 1085548929
1384 778 1085548932
576 1339 1085548936
1358 1381 1085548953
1280 1339 1085548960
281 317 1085548988
878 1255 1085548999
1358 777 1085549014
1339 474 1085549020
63 814 1085549032
1339 576 1085549053
105 474 1085549054
1176 26 1085549058
474 1377 1085549066
317 281 1085549067
281 317 1085549113
398 1377 1085549127
800 1384 1085549134
317 281 1085549182
1339 1280 1085549209
281 317 1085549242
1306 990 1085549257
317 281 1085549269
474 1339 1085549272
1255 1339 1085549292
1255 878 1085549301
725 1280 1085549304
1231 1339 1085549306
1006 90 1085549334
1280 1339 1085549346
281 317 1085549380
725 1280 1085549386
1339 474 1085549412
994 639 1085549423
1280 725 1085549433
871 1029 1085549434
714 517 1085549435
800 1384 1085549447
1280 725 1085549460
871 1384 1085549493
1339 1231 1085549494
1038 576 1085549495
1185 454 1085549497
544 546 1085549500
1339 1280 1085549549
1346 1314 1085549566
1185 454 1085549612
1339 1255 1085549619
596 1179 1085549626
725 1280 1085549652
1383 1138 1085549664
353 261 1085549683
1033 1281 1085549722
800 1384 1085549723
261 353 1085549739
1033 1381 1085549770
1280 1339 1085549775
474 1339 1085549811
800 1384 1085549827
1284 131 1085549827
1280 725 1085549837
994 596 1085549838
1231 1339 1085549857
800 1384 1085549858
835 725 1085549861
1033 598 1085549914
871 1384 1085549931
770 1384 1085549936
1339 474 1085549937
878 1255 1085549938
725 1280 1085549956
1339 1231 1085549987
770 658 1085549990
454 725 1085550010
1339 1280 1085550046
1339 576 1085550080
474 1339 1085550082
1033 639 1085550088
1280 725 1085550090
994 993 1085550105
725 835 1085550106
725 454 1085550155
1280 1339 1085550193
1403 1255 1085550196
1231 1339 1085550204
1033 1137 1085550215
725 1280 1085550244
1339 474 1085550249
986 725 1085550330
1339 1280 1085550333
1280 725 1085550334
1280 1339 1085550399
1339 1231 1085550410
1339 1280 1085550441
474 1339 1085550476
770 1384 1085550480
871 1384 1085550525
986 725 1085550544
1339 474 1085550578
770 1384 1085550581
131 1284 1085550601
1231 1339 1085550700
725 454 1085550725
1033 1377 1085550736
474 1339 1085550744
871 1384 1085550754
576 1339 1085550762
770 1384 1085550770
1339 1231 1085550774
725 1280 1085550839
342 63 1085550851
1339 576 1085550899
770 1384 1085550902
261 835 1085550921
1231 1339 1085550931
576 1339 1085550953
1339 1231 1085550959
431 617 1085550998
576 1339 1085551023
1375 994 1085551025
576 1339 1085551031
871 1384 1085551059
800 1256 1085551085
596 994 1085551124
128 927 1085551146
699 1283 1085551173
596 994 1085551194
835 725 1085551207
770 1384 1085551241
986 725 1085551257
835 261 1085551263
994 454 1085551270
576 1339 1085551272
986 1036 1085551282
1284 131 1085551294
871 1384 1085551343
220 719 1085551372
1136 254 1085551384
415 1350 1085551434
576 1339 1085551514
1036 32 1085551527
994 596 1085551533
725 835 1085551551
1375 994 1085551561
131 1284 1085551574
1317 919 1085551606
32 1036 1085551619
770 1384 1085551674
1404 1219 1085551679
1255 1339 1085551841
835 725 1085551846
1255 878 1085551862
1244 1287 1085551874
596 994 1085551884
1317 817 1085551889
1339 1255 1085551905
1255 1339 1085551937
1284 131 1085551970
986 725 1085551975
1339 1255 1085552016
254 1244 1085552017
538 546 1085552024
131 1284 1085552029
431 617 1085552030
792 1297 1085552126
1236 1043 1085552186
1236 176 1085552222
1255 1339 1085552242
1136 254 1085552262
398 1359 1085552267
1236 990 1085552268
409 19 1085552269
725 835 1085552278
1339 1255 1085552285
1367 1138 1085552295
994 596 1085552312
342 63 1085552333
1255 1339 1085552343
576 1339 1085552353
1284 131 1085552404
1136 398 1085552404
1339 1255 1085552423
1136 254 1085552427
1089 1365 1085552472
1339 576 1085552475
9 1050 1085552507
770 396 1085552512
323 643 1085552532
323 643 1085552539
576 1339 1085552551
1403 1255 1085552565
1339 576 1085552600
131 1284 1085552601
1136 254 1085552629
503 102 1085552660
142 329 1085552665
643 323 1085552672
792 1036 1085552684
254 1136 1085552690
1404 1219 1085552704
323 341 1085552709
576 1339 1085552799
1136 254 1085552858
1033 701 1085552862
63 26 1085552889
1339 576 1085552913
323 367 1085552941
498 1072 1085552941
713 353 1085552961
576 1033 1085552965
596 994 1085552970
1117 856 1085552986
792 1297 1085552987
367 323 1085552994
752 1142 1085552995
725 719 1085552996
323 725 1085553001
254 1136 1085553024
323 643 1085553040
1033 1211 1085553054
323 367 1085553083
1138 254 1085553093
1136 254 1085553146
342 63 1085553150
191 1060 1085553156
6 422 1085553169
643 323 1085553180
367 323 1085553198
249 725 1085553205
1211 1033 1085553220
725 323 1085553231
1211 32 1085553231
323 643 1085553257
254 1138 1085553269
576 1339 1085553271
254 1136 1085553280
323 367 1085553293
323 725 1085553312
643 323 1085553327
1136 254 1085553331
1033 576 1085553353
367 323 1085553371
1033 1211 1085553372
1403 859 1085553385
725 323 1085553387
1339 576 1085553409
576 1033 1085553425
323 643 1085553432
1255 1339 1085553434
323 367 1085553455
1215 1317 1085553465
1255 1403 1085553467
1339 1255 1085553478
643 323 1085553485
1215 1136 1085553487
323 725 1085553555
1284 131 1085553557
1403 1255 1085553560
254 1136 1085553565
1033 576 1085553584
725 323 1085553604
719 725 1085553611
323 643 1085553624
576 1339 1085553633
323 725 1085553649
725 719 1085553653
835 725 1085553659
341 323 1085553673
323 367 1085553674
342 63 1085553675
991 101 1085553678
323 341 1085553701
350 1168 1085553702
725 323 1085553706
350 626 1085553735
725 835 1085553794
254 1211 1085553807
323 97 1085553809
1359 398 1085553836
341 323 1085553855
1215 1317 1085553862
26 1176 1085553863
576 1033 1085553872
26 63 1085553872
398 1359 1085553884
1339 576 1085553886
249 725 1085553892
249 725 1085553904
643 323 1085553911
856 1176 1085553941
1255 1339 1085553944
1255 1403 1085553959
131 1284 1085553981
1339 1255 1085553999
1215 1317 1085554038
835 725 1085554043
1403 1255 1085554060
1339 323 1085554063
1215 1317 1085554065
323 725 1085554076
576 1339 1085554092
323 341 1085554128
679 474 1085554131
323 643 1085554171
725 835 1085554177
1339 576 1085554182
576 1339 1085554215
341 323 1085554219
323 1339 1085554240
422 6 1085554254
725 323 1085554256
1283 1138 1085554273
1339 323 1085554299
871 267 1085554310
342 63 1085554321
323 341 1085554327
341 1255 1085554340
799 994 1085554341
576 1339 1085554390
6 422 1085554391
323 725 1085554405
323 1339 1085554422
341 323 1085554424
249 725 1085554433
1339 576 1085554467
725 323 1085554501
1339 323 1085554502
576 1339 1085554511
323 341 1085554514
834 1365 1085554562
342 63 1085554566
1284 131 1085554580
1215 1317 1085554593
323 1339 1085554612
576 1339 1085554621
1339 323 1085554642
367 323 1085554673
323 1339 1085554691
1339 576 1085554694
560 908 1085554699
1339 323 1085554721
1405 516 1085554729
323 367 1085554776
422 6 1085554809
342 63 1085554822
323 1339 1085554860
367 323 1085554900
1381 1033 1085554902
1339 323 1085554921
617 103 1085554926
503 605 1085554991
323 367 1085555001
792 1297 1085555034
1176 26 1085555034
323 1339 1085555049
1044 753 1085555054
6 422 1085555057
1044 758 1085555072
809 795 1085555079
576 1339 1085555092
1044 323 1085555108
323 950 1085555114
1340 609 1085555124
1216 598 1085555129
1339 323 1085555131
638 1406 1085555131
1331 632 1085555145
609 1340 1085555173
342 63 1085555184
1339 576 1085555194
809 560 1085555248
1044 323 1085555298
1375 1056 1085555311
1340 1374 1085555319
323 1339 1085555326
609 297 1085555360
1340 1407 1085555383
1044 323 1085555404
103 617 1085555422
809 560 1085555444
1339 323 1085555445
398 1136 1085555453
503 527 1085555461
617 103 1085555472
560 1216 1085555482
1184 644 1085555495
681 617 1085555524
546 544 1085555570
617 103 1085555588
323 1339 1085555589
131 1284 1085555642
323 42 1085555667
546 538 1085555670
131 125 1085555707
1044 323 1085555716
1339 323 1085555726
367 323 1085555734
1402 1339 1085555767
1184 711 1085555775
12 1138 1085555801
503 638 1085555809
12 986 1085555823
1018 772 1085555826
950 323 1085555895
704 1297 1085555951
1402 32 1085555999
12 711 1085556015
503 527 1085556034
711 1184 1085556052
1281 354 1085556062
1297 704 1085556082
1295 1283 1085556086
1087 1131 1085556106
503 527 1085556107
1402 1083 1085556111
12 711 1085556137
503 352 1085556138
1283 1295 1085556138
1402 29 1085556146
1281 1033 1085556151
1284 131 1085556157
307 317 1085556157
12 1118 1085556164
1402 950 1085556168
704 1297 1085556168
1402 254 1085556198
1184 711 1085556199
12 527 1085556201
1402 423 1085556206
1402 1033 1085556213
1283 409 1085556233
1359 1335 1085556238
1402 994 1085556241
605 90 1085556242
1402 704 1085556253
1281 325 1085556268
12 392 1085556281
372 1359 1085556282
704 323 1085556284
90 605 1085556298
1402 1319 1085556302
1281 687 1085556311
1402 560 1085556329
1359 372 1085556332
12 1214 1085556361
871 306 1085556366
103 617 1085556371
605 90 1085556379
372 952 1085556397
503 272 1085556412
617 103 1085556417
1402 1339 1085556420
871 952 1085556428
1402 254 1085556429
503 254 1085556433
503 352 1085556453
1297 704 1085556457
103 617 1085556481
90 605 1085556483
1402 254 1085556516
503 254 1085556527
617 103 1085556528
1216 598 1085556529
372 1359 1085556529
681 617 1085556540
1402 1339 1085556611
261 835 1085556621
605 90 1085556642
1402 950 1085556656
598 1216 1085556663
843 306 1085556672
1367 1138 1085556688
307 317 1085556692
1402 254 1085556693
12 711 1085556701
12 711 1085556711
353 392 1085556718
1283 1063 1085556728
306 843 1085556732
1402 560 1085556764
90 605 1085556764
617 103 1085556805
249 1402 1085556819
144 1408 1085556821
254 1402 1085556828
605 90 1085556831
128 1113 1085556832
1319 1402 1085556840
90 605 1085556856
1083 1402 1085556863
67 1402 1085556870
1044 1402 1085556879
679 1281 1085556897
560 1402 1085556902
1044 753 1085556912
323 367 1085556930
1044 323 1085556947
681 1402 1085556950
617 317 1085556951
605 317 1085556969
323 950 1085556983
1339 1402 1085556986
617 103 1085556996
835 261 1085557035
1044 753 1085557060
128 557 1085557068
1044 323 1085557071
1339 90 1085557081
306 952 1085557106
128 503 1085557122
1379 912 1085557124
1274 1281 1085557132
770 1402 1085557144
1379 131 1085557167
323 704 1085557174
294 831 1085557200
1402 254 1085557225
90 1339 1085557227
557 128 1085557241
350 1353 1085557243
1402 1319 1085557243
307 317 1085557244
12 834 1085557254
1402 560 1085557257
617 103 1085557260
704 323 1085557260
128 1409 1085557267
1216 542 1085557268
1402 1083 1085557278
605 734 1085557279
950 1402 1085557290
1339 1234 1085557290
297 609 1085557309
950 323 1085557311
254 1402 1085557313
952 306 1085557322
1317 507 1085557323
560 1402 1085557369
306 952 1085557383
389 830 1085557398
249 1402 1085557406
1402 950 1085557407
1339 90 1085557410
1402 254 1085557424
389 609 1085557424
710 1283 1085557432
681 1402 1085557441
1402 560 1085557453
1026 615 1085557466
538 546 1085557467
507 1317 1085557486
254 1402 1085557498
1026 184 1085557502
1026 1045 1085557536
770 1402 1085557541
323 704 1085557545
1317 507 1085557588
1402 254 1085557589
272 503 1085557589
1184 254 1085557595
372 1402 1085557603
1117 856 1085557604
1274 306 1085557608
422 6 1085557617
249 1402 1085557618
1069 878 1085557619
306 1274 1085557636
254 1402 1085557637
372 1402 1085557640
704 323 1085557649
323 950 1085557665
372 1354 1085557683
843 356 1085557690
1274 306 1085557698
6 422 1085557722
681 1402 1085557729
1402 1339 1085557749
770 1402 1085557752
12 1379 1085557755
1402 372 1085557763
507 1317 1085557764
323 704 1085557786
356 843 1085557800
1044 1402 1085557804
1409 128 1085557810
1317 507 1085557819
1402 254 1085557823
1069 542 1085557842
439 952 1085557846
1402 372 1085557851
1184 254 1085557856
1339 1402 1085557858
249 1402 1085557862
704 323 1085557912
560 1402 1085557916
1402 1339 1085557922
372 1402 1085557927
128 557 1085557928
770 1402 1085557945
1402 560 1085557958
814 63 1085557959
539 952 1085557962
539 952 1085557967
1402 372 1085557971
254 1402 1085557976
1339 1402 1085557996
1402 254 1085558001
770 1402 1085558017
1402 1339 1085558027
261 835 1085558037
323 1339 1085558038
128 1409 1085558038
507 1317 1085558052
1410 753 1085558068
372 1402 1085558070
1339 1402 1085558077
36 211 1085558082
339 1402 1085558088
1402 372 1085558099
254 1402 1085558100
372 1402 1085558101
770 1402 1085558105
1402 1339 1085558119
919 1317 1085558125
1402 339 1085558136
372 1402 1085558139
1402 254 1085558144
1402 372 1085558153
1379 1402 1085558154
1339 323 1085558158
710 539 1085558164
12 1379 1085558166
1184 254 1085558170
1402 372 1085558197
12 1379 1085558205
1339 1402 1085558213
1410 6 1085558221
1402 1379 1085558224
372 1402 1085558226
770 1402 1085558232
1184 644 1085558232
1379 12 1085558242
1402 1339 1085558244
1044 1402 1085558250
1402 372 1085558254
1379 1402 1085558265
679 1281 1085558277
372 1402 1085558283
1400 1411 1085558289
1402 1379 1085558290
1281 356 1085558293
1402 372 1085558301
323 704 1085558306
1379 1402 1085558312
372 1402 1085558333
770 1402 1085558334
1184 254 1085558351
871 306 1085558358
1402 1379 1085558359
254 1216 1085558367
770 36 1085558367
1339 589 1085558368
1402 372 1085558370
1381 798 1085558382
1410 6 1085558386
356 1281 1085558399
1379 1402 1085558404
704 323 1085558409
339 1402 1085558415
1274 1281 1085558425
594 1171 1085558444
1381 783 1085558454
1184 367 1085558460
810 1402 1085558462
1281 356 1085558479
770 1402 1085558481
544 546 1085558481
1184 254 1085558491
1339 1402 1085558501
1402 1379 1085558506
1402 339 1085558523
1402 339 1085558529
1409 128 1085558561
1410 6 1085558567
1402 1339 1085558571
1402 498 1085558583
1184 254 1085558586
356 1281 1085558586
1184 254 1085558593
1379 598 1085558601
367 1184 1085558613
1184 254 1085558632
12 1379 1085558646
1184 254 1085558652
128 612 1085558664
1379 598 1085558667
874 919 1085558668
871 306 1085558680
1184 367 1085558686
1379 1402 1085558686
12 569 1085558700
1402 1379 1085558706
1138 254 1085558711
1379 1402 1085558746
323 1339 1085558752
1044 1402 1085558773
1402 1379 1085558779
1138 1283 1085558797
143 1339 1085558817
367 1184 1085558839
810 1402 1085558839
1274 1281 1085558872
12 358 1085558896
1383 1381 1085558900
1281 356 1085558913
1184 367 1085558916
12 358 1085558916
128 235 1085558925
569 128 1085558943
67 1402 1085558945
1339 323 1085558961
128 1409 1085558971
372 1402 1085558995
546 538 1085559002
576 1339 1085559014
12 1138 1085559016
128 569 1085559018
372 1402 1085559019
372 1402 1085559028
546 544 1085559037
12 358 1085559037
356 1281 1085559047
810 1402 1085559052
12 569 1085559054
609 389 1085559075
12 358 1085559080
569 128 1085559083
1184 367 1085559113
350 358 1085559124
1339 576 1085559128
546 598 1085559149
12 1118 1085559149
418 1402 1085559159
128 569 1085559159
12 569 1085559163
544 546 1085559188
681 1402 1085559192
67 697 1085559201
576 1339 1085559206
12 358 1085559213
12 1118 1085559235
569 128 1085559280
1184 367 1085559302
12 1118 1085559308
1216 254 1085559316
871 306 1085559325
569 128 1085559338
12 1138 1085559345
1123 507 1085559358
12 569 1085559367
871 306 1085559398
1339 576 1085559399
372 1412 1085559417
128 569 1085559424
12 358 1085559440
1274 1281 1085559463
12 1118 1085559471
1038 576 1085559495
12 1138 1085559508
350 358 1085559523
950 323 1085559538
507 1123 1085559546
1280 725 1085559547
569 128 1085559558
392 353 1085559560
1339 297 1085559595
1280 1339 1085559607
1036 792 1085559629
598 1379 1085559637
1281 539 1085559639
1280 1287 1085559641
1412 372 1085559645
1295 1283 1085559652
12 392 1085559664
128 548 1085559670
1339 1280 1085559680
297 1339 1085559688
63 814 1085559694
354 398 1085559705
12 1118 1085559706
1280 1339 1085559709
1339 297 1085559728
12 569 1085559730
354 398 1085559741
372 1018 1085559749
12 1118 1085559779
372 1412 1085559782
1339 1280 1085559794
297 1339 1085559796
576 1339 1085559799
871 1412 1085559809
993 994 1085559843
372 1381 1085559883
1339 297 1085559884
1280 1339 1085559906
12 1118 1085559906
146 308 1085559913
297 1339 1085559913
1287 1280 1085559916
1339 576 1085559925
12 392 1085559930
1280 1287 1085559954
1339 1280 1085559963
1339 297 1085559974
12 1118 1085559991
1018 372 1085559991
1381 372 1085559998
12 569 1085560007
1274 1281 1085560009
993 1402 1085560012
640 576 1085560020
1339 297 1085560021
1381 372 1085560026
576 1339 1085560049
1381 128 1085560067
12 392 1085560069
546 544 1085560078
576 640 1085560080
372 1018 1085560080
372 1381 1085560097
372 1381 1085560122
12 1118 1085560136
503 128 1085560163
503 272 1085560176
792 1036 1085560184
297 1339 1085560204
1339 576 1085560206
12 392 1085560206
503 306 1085560220
12 569 1085560220
640 576 1085560233
306 503 1085560241
1381 372 1085560248
1339 297 1085560260
1381 372 1085560263
503 306 1085560267
576 1339 1085560274
306 503 1085560283
12 1118 1085560288
306 503 1085560296
503 306 1085560302
12 1138 1085560312
1036 792 1085560315
12 392 1085560343
12 569 1085560358
12 1118 1085560374
12 392 1085560408
576 640 1085560425
12 1118 1085560426
792 1036 1085560458
12 569 1085560464
128 1381 1085560477
323 1339 1085560485
640 576 1085560508
1328 306 1085560509
372 1381 1085560528
372 1381 1085560538
582 598 1085560539
12 1138 1085560551
1383 1381 1085560554
323 950 1085560572
12 392 1085560607
1381 128 1085560607
859 1403 1085560613
1274 1281 1085560616
12 1118 1085560628
760 542 1085560652
1083 1402 1085560662
372 592 1085560666
810 1412 1085560669
12 569 1085560687
372 353 1085560728
843 1237 1085560748
1283 1138 1085560771
12 1138 1085560793
792 1036 1085560895
12 1118 1085560904
1354 372 1085560916
12 392 1085560933
592 372 1085560945
12 569 1085560960
1383 1381 1085560962
128 1381 1085560964
1381 128 1085561048
1215 498 1085561049
372 1354 1085561070
372 592 1085561078
598 582 1085561080
1383 1381 1085561084
12 1118 1085561085
12 569 1085561103
576 640 1085561110
1381 1383 1085561138
938 423 1085561144
128 1354 1085561153
792 1036 1085561159
12 392 1085561181
1215 498 1085561186
12 1118 1085561206
128 1381 1085561212
12 569 1085561246
592 372 1085561256
392 306 1085561283
12 1118 1085561284
681 562 1085561335
871 843 1085561338
308 281 1085561343
12 1118 1085561347
12 392 1085561385
12 1118 1085561407
792 1036 1085561420
582 598 1085561421
12 569 1085561450
1138 1283 1085561485
12 1118 1085561489
1383 1381 1085561503
1383 1381 1085561595
12 1118 1085561599
1339 323 1085561607
792 1036 1085561609
372 592 1085561620
12 1118 1085561651
592 372 1085561723
372 482 1085561739
1215 498 1085561744
12 1118 1085561751
1373 408 1085561776
128 1381 1085561790
372 592 1085561798
1281 1283 1085561803
1274 1281 1085561880
1383 392 1085561883
883 72 1085561889
297 1339 1085561894
871 843 1085561904
1373 592 1085561913
1283 1138 1085562005
871 843 1085562053
1373 592 1085562059
933 1214 1085562116
600 470 1085562121
372 592 1085562137
372 482 1085562152
600 105 1085562157
1138 1283 1085562173
372 482 1085562202
1383 392 1085562206
1283 1138 1085562244
1033 576 1085562276
1158 325 1085562290
1158 325 1085562303
1373 713 1085562311
1280 1403 1085562332
592 372 1085562343
1402 372 1085562369
1373 592 1085562383
372 482 1085562428
1402 418 1085562438
1138 1283 1085562445
1033 1381 1085562459
1402 993 1085562469
482 372 1085562494
1402 1083 1085562521
372 1402 1085562522
1383 392 1085562530
372 482 1085562545
372 482 1085562556
372 592 1085562597
1033 1281 1085562620
146 128 1085562621
1373 592 1085562643
1373 592 1085562655
1383 392 1085562677
1283 1138 1085562689
1281 1033 1085562795
1138 1283 1085562832
713 325 1085562925
1373 609 1085562964
843 1237 1085562991
1235 1402 1085562996
713 548 1085563004
1235 576 1085563017
1413 1381 1085563019
1235 843 1085563032
1274 1281 1085563130
1283 1138 1085563138
713 271 1085563153
1383 392 1085563175
1235 843 1085563186
639 994 1085563240
1414 42 1085563262
128 1415 1085563424
639 1033 1085563433
1138 1283 1085563476
1379 598 1085563497
639 498 1085563549
315 994 1085563664
1281 1274 1085563739
792 356 1085563760
1089 1412 1085563787
1283 1138 1085563798
1383 392 1085563823
128 778 1085563826
315 840 1085563863
72 883 1085563959
1083 1402 1085564010
1138 1283 1085564010
1383 392 1085564013
1283 1138 1085564053
599 1381 1085564277
1138 1283 1085564305
1283 1138 1085564415
1383 392 1085564443
1138 1283 1085564495
1283 1138 1085564606
1416 277 1085564614
495 585 1085564711
555 1292 1085564759
495 1113 1085564906
1138 1283 1085564928
468 277 1085564974
1023 1402 1085564998
1023 1402 1085565007
1283 1138 1085565012
1381 1033 1085565023
1381 128 1085565038
495 950 1085565074
1381 1383 1085565120
1381 1413 1085565161
1383 392 1085565174
1381 599 1085565193
1138 1283 1085565221
146 128 1085565241
1381 713 1085565249
1416 1138 1085565285
1381 1413 1085565301
1383 1381 1085565302
1138 1283 1085565303
1381 1383 1085565337
1383 392 1085565358
1383 1381 1085565384
392 1295 1085565389
42 1414 1085565408
1283 1138 1085565413
495 1043 1085565432
128 1381 1085565463
1383 1381 1085565469
1383 1381 1085565494
42 135 1085565510
942 605 1085565517
1381 128 1085565540
1138 1283 1085565551
893 994 1085565591
495 1043 1085565601
495 498 1085565639
893 590 1085565654
1381 1138 1085565660
128 1381 1085565672
498 495 1085565674
1381 1138 1085565688
1381 128 1085565708
1383 1381 1085565722
1283 1138 1085565746
1138 1381 1085565760
1138 1381 1085565783
1381 1383 1085565789
128 1381 1085565808
1381 1138 1085565813
1381 128 1085565821
599 1381 1085565878
1138 1283 1085565883
1383 1381 1085565922
1416 1138 1085565943
1138 1381 1085565944
128 1381 1085565949
422 6 1085565996
495 498 1085565998
1381 599 1085566007
495 498 1085566016
1281 1023 1085566073
1381 1138 1085566080
1383 1381 1085566113
498 495 1085566155
1138 1381 1085566173
1381 1138 1085566215
1381 495 1085566227
1283 1138 1085566272
1138 1381 1085566318
128 1004 1085566337
1381 1138 1085566349
599 1381 1085566383
1416 1138 1085566387
498 495 1085566423
1381 599 1085566437
1138 1283 1085566442
498 495 1085566450
1138 1381 1085566482
1383 1381 1085566503
128 1381 1085566526
1381 128 1085566542
783 1381 1085566549
1383 1381 1085566549
1381 783 1085566580
128 1381 1085566625
783 1381 1085566646
1381 128 1085566660
1383 1381 1085566673
1381 783 1085566689
128 1381 1085566733
1381 128 1085566762
599 1381 1085566771
1383 1381 1085566791
128 1381 1085566793
1381 599 1085566806
1138 1381 1085566818
1381 1138 1085566860
1381 1138 1085566875
1383 1381 1085566878
1283 1138 1085566888
1383 1381 1085566928
1138 1381 1085566929
1138 1381 1085566964
783 1381 1085566977
1381 1138 1085566990
542 1069 1085566999
1381 783 1085567005
1138 1283 1085567008
542 760 1085567015
1138 1381 1085567055
1383 1283 1085567081
1317 1417 1085567085
1383 1381 1085567091
1283 1138 1085567101
783 1381 1085567107
1381 783 1085567141
1056 1032 1085567151
1381 1138 1085567166
760 576 1085567171
599 1381 1085567199
1383 1283 1085567218
599 1381 1085567227
1138 1283 1085567231
1381 599 1085567232
783 1381 1085567234
1417 1317 1085567240
1381 599 1085567245
1381 783 1085567265
1138 1381 1085567266
1381 1138 1085567305
599 1381 1085567337
599 1381 1085567356
1138 1381 1085567376
1283 1138 1085567444
1138 1283 1085567529
1381 599 1085567599
1381 1138 1085567610
1381 1383 1085567624
1383 1381 1085567626
783 1381 1085567628
1383 1381 1085567638
1381 783 1085567648
1281 413 1085567680
1283 1138 1085567685
1381 843 1085567732
1138 1381 1085567733
1283 1383 1085567734
783 1381 1085567741
325 1402 1085567764
1138 1283 1085567774
1383 1381 1085567785
325 1281 1085567803
1416 1138 1085567813
325 1158 1085567817
783 1213 1085567820
1383 1283 1085567833
1416 1413 1085567855
1381 1383 1085567874
599 1381 1085567901
479 413 1085567914
479 413 1085567954
1416 1138 1085567982
1383 1381 1085567983
1356 1281 1085568009
1356 852 1085568041
413 479 1085568041
1138 1381 1085568052
1381 1138 1085568073
1381 1138 1085568096
1356 711 1085568109
413 479 1085568112
479 413 1085568114
479 413 1085568138
1416 1138 1085568165
413 479 1085568185
1138 1381 1085568212
1416 1291 1085568230
479 413 1085568266
1138 1381 1085568271
413 479 1085568348
1416 260 1085568382
479 413 1085568422
1381 1138 1085568465
1381 1138 1085568483
1295 392 1085568496
1416 1138 1085568509
413 479 1085568515
1381 1138 1085568597
479 413 1085568610
1168 683 1085568715
1283 1138 1085568717
1416 713 1085568744
413 479 1085568775
479 413 1085568795
1138 1381 1085568824
1138 1381 1085568879
1138 1381 1085568895
1138 1283 1085568960
1283 1138 1085569009
1281 1356 1085569409
1281 325 1085569435
1281 413 1085569454
1283 1402 1085570285
350 1168 1085570690
542 1292 1085571172
1213 783 1085571900
865 1402 1085581856
1142 752 1085582569
809 795 1085582809
